ALA  -59.900  -10.900  -50.900
CYS  0.000  0.000  0.000
ASP -0.200 -0.300  0.000
GLU  0.700  0.000  0.000
PHE -0.200 -0.200 -0.200
GLY -0.000  0.000  0.000
HIS -0.650 -0.650 -0.600
ILE  0.800  0.750  0.350
LYS  0.200  0.100  0.050
LEU  1.000  1.000  0.600
MET  0.000  0.000  0.000
ASN -0.300 -0.300 -0.100
PRO  0.500  0.500  0.500
GLN -0.100 -0.300 -0.300
ARG -0.050  0.000 -0.100
SER -0.400 -0.300 -0.200
THR -0.200  0.400  0.200
VAL  0.250  0.600  0.700
TRP  0.000  0.000  0.000
TYR  0.000  0.000  0.000
