ALA 0.100 5.100 5.100 0.000 0.000 0.000 0.100 0.100 0.100
CYS 0.000 0.000 0.000 0.000 0.000 0.000 0.000 0.000 0.000
ASP -0.200 -0.200 -0.200 -0.300 -0.300 -0.300 0.000 0.000 0.000
GLU 0.100 0.100 0.100 0.000 0.000 0.000 0.000 0.000 0.000
PHE -0.200 -0.200 -0.200 -0.200 -0.200 -0.200 -0.200 -0.200 -0.200
GLY -0.000 -0.000 -0.000 0.000 0.000 0.000 0.000 0.000 0.000
HIS -0.500 -0.500 -0.500 -0.500 -0.500 -0.500 -0.500 -0.500 -0.500
ILE 0.500 0.500 0.500 0.300 0.300 0.300 0.300 0.300 0.300
LYS 0.100 0.100 0.100 0.000 0.000 0.000 0.000 0.000 0.000
LEU 0.600 0.600 0.600 0.500 0.500 0.500 0.250 0.250 0.250
MET 0.000 0.000 0.000 0.000 0.000 0.000 0.000 0.000 0.000
ASN -0.300 -0.300 -0.300 -0.300 -0.300 -0.300 -0.100 -0.100 -0.100
PRO 0.500 0.500 0.500 0.500 0.500 0.500 0.500 0.500 0.500
GLN -0.300 -0.300 -0.300 -0.300 -0.300 -0.300 -0.300 -0.300 -0.300
ARG -0.200 -0.200 -0.200 0.000 0.000 0.000 0.000 0.000 0.000
SER -0.300 -0.300 -0.300 -0.200 -0.200 -0.200 -0.200 -0.200 -0.200
THR -0.200 -0.200 -0.200 0.200 0.200 0.200 0.000 0.000 0.000
VAL 0.200 0.200 0.200 0.200 0.200 0.200 0.200 0.200 0.200
TRP 0.000 0.000 0.000 0.000 0.000 0.000 0.000 0.000 0.000
TYR 0.000 0.000 0.000 0.000 0.000 0.000 0.000 0.000 0.000
