7749      2.084   1.180   0.463   2.974   2.337   0.521   3.786   2.469  -0.762   4.014   2.219   1.860   3.376   2.876   3.048 0.0514
3643      0.529   2.202  -0.853   1.221   3.486  -0.906   0.459   4.553  -0.129   1.433   3.980  -2.519   2.741   3.457  -3.034 0.0649
3868      0.245   2.404   0.150   0.946   3.683   0.092   1.982   3.792   1.204  -0.160   4.971   0.197  -0.609   5.359  -1.180 0.0883
2710      2.074   1.186  -0.451   2.987   2.326  -0.432   2.984   3.053  -1.771   4.563   1.818  -0.047   4.755   1.868   1.439 0.0813
3155      2.156   1.138   0.027   3.078   2.271   0.044   2.832   3.160   1.258   2.927   3.180  -1.385   3.880   2.651  -2.416 0.0748
2438      0.630   2.142  -0.924   1.365   3.400  -1.025   0.427   4.562  -1.327   2.564   3.291  -2.225   3.842   2.801  -1.612 0.0840
7469      0.364   2.323  -0.604   1.073   3.599  -0.582   1.134   4.168   0.830   0.325   4.711  -1.628   0.934   4.601  -2.994 0.0608
3307      0.567   2.170  -0.895   1.210   3.479  -0.967   2.648   3.357  -1.457   1.174   4.242   0.552  -0.076   5.063   0.669 0.0938
2801      1.763   1.373  -0.954   2.649   2.531  -1.036   1.863   3.804  -1.328   3.832   2.289  -2.233   5.036   1.637  -1.621 0.0954
493       0.263   2.372  -0.331   0.959   3.655  -0.291   0.771   4.423  -1.594   2.615   3.423   0.016   2.858   3.448   1.495 0.1336
4193      2.127   1.161  -0.231   3.021   2.315  -0.253   3.687   2.468  -1.616   4.203   2.173   0.961   3.704   2.810   2.223 0.0780
5873      2.138   1.160   0.200   3.015   2.327   0.220   3.336   2.798  -1.194   4.452   1.975   1.058   4.278   2.305   2.510 0.0608
4554      2.141   1.168  -0.077   3.017   2.334   0.000   2.814   3.253  -1.198   4.643   1.848   0.094   5.034   1.684   1.533 0.0765
5347      2.070   1.189   0.506   2.930   2.365   0.615   4.050   2.324  -0.417   3.583   2.479   2.181   2.667   3.290   3.047 0.0597
962       0.498   2.297  -0.737  -0.762   2.481  -1.451  -0.648   2.010  -2.896  -1.237   4.113  -1.405  -2.094   4.351  -0.198 0.1585
2502      0.274   2.358  -0.401   0.947   3.654  -0.405   0.313   4.604   0.606   0.902   4.342  -1.959   2.114   3.913  -2.730 0.0740
3754      0.443   2.249  -0.767   1.078   3.563  -0.741   0.425   4.467   0.299   1.000   4.290  -2.276   2.218   3.917  -3.068 0.0672
3098      2.142   1.156  -0.008   3.039   2.307  -0.035   4.156   2.109  -1.053   3.699   2.582   1.508   2.812   3.519   2.272 0.0826
2941      0.405   2.278  -0.665   1.077   3.574  -0.700   0.087   4.712  -0.483   1.890   3.781  -2.179   3.291   3.260  -2.057 0.0702
3325      1.992   1.237   0.663   2.835   2.422   0.802   4.209   2.194   0.183   2.996   2.846   2.440   1.903   3.800   2.820 0.0779
1550      2.074   1.191   0.473   2.973   2.338   0.557   2.342   3.473   1.355   3.390   2.881  -1.000   4.628   2.172  -1.462 0.1145
5123      0.527   2.215  -0.844   1.253   3.482  -0.884   0.834   4.391   0.265   0.997   4.266  -2.371   2.051   3.838  -3.349 0.0605
6372      0.288   2.385  -0.367   1.023   3.647  -0.353   1.523   3.976   1.049   0.043   4.910  -0.934   0.215   5.034  -2.418 0.0623
1697      2.161   1.138  -0.098   3.010   2.310  -0.296   3.829   2.612   0.953   2.066   3.660  -0.717   1.929   3.730  -2.208 0.0959
3369      0.604   2.164  -0.913   1.394   3.385  -1.044   0.599   4.605  -0.594   1.912   3.587  -2.651   3.242   2.920  -2.835 0.0684
4705      0.349   2.336  -0.550   1.099   3.585  -0.641   1.071   4.339   0.683   0.475   4.563  -1.883   1.183   4.254  -3.168 0.0638
2451      1.966   1.235   0.692   2.923   2.337   0.733   4.289   1.897   0.218   3.064   2.942   2.316   2.065   4.040   2.522 0.0852
1233      0.244   2.374  -0.188   0.908   3.674  -0.154  -0.066   4.776   0.246   1.599   4.027  -1.667   3.007   3.511  -1.706 0.1061
523       0.810   2.067  -1.047  -0.036   1.923  -2.228   0.426   0.759  -3.096  -0.040   3.361  -3.134  -1.155   4.246  -2.663 0.1746
3154      0.336   2.323  -0.544   1.027   3.609  -0.596   0.175   4.714   0.016   1.427   4.002  -2.201   2.789   3.461  -2.523 0.0735
4939      1.881   1.310   0.821   2.701   2.510   0.957   3.586   2.712  -0.267   3.657   2.420   2.360   2.909   3.017   3.514 0.0691
1777      1.839   1.301  -0.876   2.761   2.430  -0.963   2.260   3.472  -1.956   4.312   1.896  -1.410   5.105   1.575  -0.178 0.0943
2683      0.408   2.291  -0.669   1.188   3.515  -0.823   0.611   4.644   0.024   1.245   3.982  -2.457   2.437   3.354  -3.115 0.0840
2446      0.326   2.316  -0.545   0.912   3.650  -0.462  -0.024   4.618   0.252   1.280   4.234  -2.016   2.680   3.838  -2.381 0.0814
2605      1.915   1.278   0.797   2.818   2.424   0.851   3.881   2.337  -0.238   3.556   2.527   2.379   2.714   3.376   3.285 0.0781
3134      0.520   2.199  -0.851   1.166   3.507  -0.901   2.482   3.441  -1.667   1.435   4.095   0.672   0.248   4.898   1.115 0.0817
4275      0.743   2.104  -0.989   1.611   3.272  -1.119   1.403   4.241   0.039   1.327   4.061  -2.598   2.234   3.494  -3.649 0.0645
1473      0.751   2.071  -1.014   1.598   3.250  -1.167   3.072   2.865  -1.213   1.321   4.348   0.101   0.232   5.301  -0.291 0.1134
2420      0.215   2.398  -0.124   0.908   3.683  -0.151   1.009   4.281   1.248   0.111   4.766  -1.192   0.676   4.636  -2.575 0.0820
2261      1.473   1.554  -1.136   2.493   2.594  -1.224   1.861   3.981  -1.263   3.464   2.358  -2.600   4.635   1.491  -2.242 0.0944
4794      0.294   2.359  -0.481   0.960   3.651  -0.343   1.143   4.020   1.124   0.076   4.862  -1.144   0.551   4.972  -2.563 0.0635
6385      0.573   2.208  -0.869   1.332   3.455  -0.895   1.173   4.222   0.412   0.840   4.423  -2.203   1.674   4.099  -3.407 0.0642
1967      0.427   2.262  -0.688   1.082   3.567  -0.707   0.129   4.652  -1.196   2.468   3.521  -1.691   3.657   3.137  -0.862 0.1032
3807      0.755   2.077  -1.019   1.593   3.266  -1.143   1.092   4.387  -0.241   1.638   3.794  -2.759   2.782   3.133  -3.469 0.0663
8819      2.055   1.203   0.539   2.945   2.360   0.562   3.464   2.681  -0.835   4.248   2.086   1.619   3.886   2.564   2.994 0.0615
4539      1.923   1.281   0.774   2.714   2.495   0.957   3.944   2.490   0.056   3.183   2.658   2.583   2.142   3.441   3.327 0.0738
4236      2.147   1.164   0.110   3.010   2.341   0.083   2.993   3.003  -1.290   4.602   1.920   0.508   4.774   2.050   1.992 0.0617
2470      0.934   1.942  -1.124   1.712   3.174  -1.217   0.965   4.344  -0.589   2.080   3.521  -2.840   3.387   2.881  -3.205 0.0819
763       2.068   1.182   0.521   2.952   2.344   0.529   3.565   2.558   1.908   2.104   3.737   0.045   2.208   3.893  -1.443 0.1373
3070      0.672   2.118  -0.970   1.466   3.336  -1.099   0.601   4.578  -0.914   2.238   3.384  -2.613   3.585   2.732  -2.508 0.0674
2183      1.892   1.283   0.793   2.777   2.437   0.914   4.112   2.043   1.535   2.039   3.656   1.842   1.265   4.571   0.940 0.1072
2190      1.429   1.597  -1.148   2.307   2.758  -1.254   1.528   4.054  -1.062   3.097   2.770  -2.759   4.394   2.025  -2.649 0.0856
8358      1.955   1.257   0.731   2.821   2.428   0.821   3.500   2.712  -0.514   3.991   2.209   2.035   3.461   2.726   3.340 0.0617
1464      1.630   1.436  -1.058   2.641   2.487  -1.125   2.036   3.801  -1.603   3.912   2.021  -2.154   4.965   1.308  -1.358 0.1045
1109      1.558   1.469  -1.073   2.440   2.615  -1.276   2.396   3.093  -2.722   4.036   2.218  -0.841   4.252   2.536   0.609 0.1103
1309      0.649   2.126  -0.956   1.343   3.406  -1.062   2.855   3.214  -1.048   0.875   4.441   0.203  -0.310   5.253  -0.227 0.0908
1230      0.653   2.122  -0.936   1.397   3.374  -1.044   0.733   4.324  -2.033   3.003   3.071  -1.514   3.854   2.879  -0.294 0.1203
2862      2.100   1.173  -0.355   2.991   2.329  -0.392   3.272   2.760  -1.827   4.450   1.980   0.408   4.326   2.348   1.857 0.0712
1920      0.262   2.389  -0.292   1.009   3.634  -0.453   0.759   4.580   0.715   0.590   4.391  -1.917   1.503   3.912  -3.007 0.0961
3849      2.135   1.165   0.196   2.993   2.338   0.340   3.504   2.814  -1.015   4.302   1.993   1.369   3.925   2.318   2.784 0.0718
1418      0.231   2.393  -0.097   0.924   3.677  -0.130   0.200   4.714   0.720   1.068   4.233  -1.731   2.350   3.728  -2.322 0.0971
1893      0.215   2.391   0.231   0.869   3.690   0.107   1.616   4.053   1.385  -0.272   4.895  -0.264  -0.402   5.020  -1.752 0.1031
1914      1.969   1.231  -0.686   2.851   2.380  -0.866   3.575   2.725   0.430   1.969   3.725  -1.418   1.952   3.730  -2.917 0.0957
808       1.251   1.692  -1.186   2.213   2.782  -1.329   3.573   2.391  -0.764   1.641   4.184  -0.556   0.842   5.000  -1.529 0.1339
2986      2.150   1.140   0.029   3.060   2.280  -0.025   3.076   3.033   1.299   2.622   3.330  -1.289   3.337   2.928  -2.544 0.0728
355       0.366   2.309   0.579   1.102   3.568   0.654   0.878   4.410  -0.597   2.762   3.272   0.869   3.074   3.211   2.334 0.1855
3238      1.966   1.243  -0.700   2.827   2.418  -0.804   2.100   3.572  -1.485   4.247   2.039  -1.658   5.300   1.575  -0.696 0.0900
1995      0.433   2.249  -0.726   0.964   3.607  -0.656  -0.146   4.618  -0.393   1.781   4.000  -2.094   3.226   3.621  -1.968 0.0879
45        0.567   2.189   0.896  -0.362   2.091   2.018  -1.805   2.237   1.550  -0.006   3.270   3.189   0.970   2.711   4.182 0.2956
4632      2.125   1.179  -0.273   2.967   2.369  -0.352   2.502   3.297  -1.468   4.592   1.933  -0.595   5.268   1.763   0.733 0.0738
2623      0.554   2.181  -0.887   1.300   3.433  -0.975   2.330   3.380  -2.097   2.066   3.772   0.504   1.149   4.588   1.366 0.0752
1547      0.787   2.042  -1.031   1.645   3.213  -1.186   0.921   4.329  -1.929   3.074   2.796  -2.008   4.120   2.385  -1.014 0.1025
1410      1.913   1.266  -0.739   2.797   2.420  -0.878   3.528   2.394  -2.215   3.918   2.467   0.399   3.349   3.265   1.535 0.1092
1951      0.639   2.150  -0.934   1.498   3.318  -1.100   0.674   4.599  -1.173   2.453   3.159  -2.497   3.745   2.483  -2.145 0.0842
692       1.909   1.285   0.779   2.830   2.414   0.870   2.086   3.706   1.184   3.707   2.582  -0.577   4.969   1.776  -0.493 0.1379
1096      0.848   1.993  -1.079   1.626   3.219  -1.229   3.100   2.974  -0.928   1.017   4.437  -0.210  -0.029   5.224  -0.941 0.1040
1197      0.244   2.383  -0.275   0.891   3.690  -0.214   1.946   3.832  -1.304   1.595   3.933   1.315   0.598   4.584   2.227 0.1033
2562      1.955   1.260   0.717   2.763   2.463   0.902   4.239   2.176   0.650   2.549   3.087   2.468   1.414   4.068   2.464 0.0933
232       0.227   2.411   0.176  -1.179   2.610   0.515  -2.078   2.328  -0.683  -1.435   4.195   1.076  -1.256   4.233   2.564 0.2303
6074      2.143   1.155   0.200   3.041   2.304   0.147   3.577   2.518  -1.264   4.331   2.099   1.235   3.958   2.680   2.567 0.0661
2657      0.614   2.146  -0.922   1.295   3.435  -0.998   0.293   4.584  -1.006   2.276   3.507  -2.385   3.649   3.005  -2.052 0.0701
5867      0.359   2.308  -0.639   0.991   3.620  -0.526   0.790   4.207   0.866   0.372   4.680  -1.701   1.203   4.587  -2.946 0.0702
1695      2.066   1.189   0.476   2.994   2.316   0.477   2.603   3.347   1.529   3.048   3.042  -1.059   4.122   2.393  -1.881 0.1128
4234      2.153   1.149   0.101   3.026   2.315   0.215   3.931   2.443  -1.005   3.963   2.218   1.630   3.233   2.880   2.760 0.0742
2749      2.121   1.188   0.211   2.960   2.367   0.408   3.021   3.215  -0.856   4.528   1.907   0.879   4.599   1.829   2.375 0.0881
3489      0.236   2.396  -0.205   0.952   3.666  -0.296   1.330   4.182   1.088   0.009   4.821  -1.112   0.302   4.757  -2.582 0.0780
1024      1.921   1.282   0.759   2.674   2.514   0.976   4.133   2.216   1.299   1.974   3.426   2.228   0.953   4.363   1.654 0.1072
1078      1.774   1.351   0.924   2.692   2.481   1.039   3.832   2.166   2.001   1.861   3.871   1.555   1.363   4.628   0.360 0.1365
2857      2.089   1.181  -0.407   3.008   2.315  -0.366   2.525   3.445  -1.268   4.571   1.829  -0.826   5.337   1.395   0.388 0.0762
745       0.446   2.314  -0.673  -0.825   2.483  -1.372  -0.813   1.763  -2.715  -1.163   4.134  -1.597  -1.945   4.648  -0.425 0.1392
2256      0.864   1.988  -1.089   1.796   3.094  -1.282   1.145   4.428  -0.934   2.359   3.122  -2.887   3.604   2.291  -2.994 0.0906
4477      2.078   1.201   0.467   2.950   2.372   0.478   3.220   2.869  -0.938   4.417   2.013   1.259   4.291   2.317   2.722 0.0650
1920      2.088   1.191   0.463   2.856   2.399   0.755   4.046   2.533  -0.188   3.389   2.387   2.369   2.361   3.047   3.239 0.0842
2701      2.092   1.173   0.411   3.022   2.299   0.408   4.279   1.970  -0.389   3.437   2.731   1.999   2.472   3.762   2.505 0.0753
1474      0.616   2.156   0.929   1.353   3.415   0.993   2.567   3.294   1.906   0.340   4.669   1.532  -0.318   5.323   0.353 0.0985
4571      0.380   2.288  -0.681   0.992   3.611  -0.584   0.533   4.336   0.676   0.620   4.538  -1.960   1.673   4.326  -3.006 0.0694
3277      2.140   1.141   0.215   3.037   2.292   0.182   3.248   2.863   1.580   2.424   3.494  -0.852   2.948   3.274  -2.240 0.0915
3301      0.598   2.150  -0.932   1.307   3.424  -0.998   2.529   3.326  -1.904   1.774   3.925   0.559   0.688   4.766   1.160 0.0770
3152      2.120   1.171   0.352   2.954   2.360   0.503   4.222   2.252  -0.335   3.354   2.600   2.138   2.314   3.466   2.786 0.0707
1148      1.374   1.594  -1.174   2.344   2.676  -1.324   1.799   3.779  -2.225   3.806   2.079  -1.952   4.706   1.672  -0.823 0.1214
3521      0.559   2.178  -0.880   1.206   3.486  -0.920   0.245   4.588  -0.491   1.801   3.806  -2.480   3.211   3.305  -2.590 0.0721
2061      0.455   2.237  -0.743   1.031   3.579  -0.721  -0.052   4.643  -0.849   2.172   3.755  -1.970   3.529   3.359  -1.467 0.0929
1857      0.361   2.323  -0.564   1.123   3.562  -0.691   0.270   4.771  -0.329   1.727   3.727  -2.272   3.084   3.094  -2.358 0.0829
928       2.154   1.137   0.134   3.027   2.307   0.092   4.056   2.265   1.215   2.109   3.735   0.193   1.735   4.188  -1.187 0.1285
4758      0.253   2.411  -0.068   0.981   3.674  -0.160   1.828   3.911   1.085  -0.100   4.967  -0.385  -0.314   5.190  -1.852 0.0775
2326      1.915   1.267   0.773   2.859   2.378   0.849   4.289   1.899   0.636   2.726   3.168   2.349   1.714   4.270   2.246 0.0836
4158      0.234   2.401  -0.187   0.939   3.677  -0.095   1.587   3.848   1.274  -0.125   4.967  -0.402  -0.124   5.277  -1.870 0.0750
2466      2.134   1.163   0.106   3.019   2.325   0.136   4.369   2.003  -0.493   3.233   2.866   1.733   2.181   3.884   2.061 0.0925
867       0.247   2.405   0.072   0.953   3.682   0.039   1.577   3.929  -1.330   2.152   3.730   1.243   1.569   4.290   2.507 0.1451
205       0.239   2.361   0.353   0.917   3.654   0.365   0.117   4.701  -0.401   2.476   3.512  -0.299   3.456   3.191   0.791 0.1761
1464      0.240   2.387   0.258   0.931   3.673   0.254   0.863   4.337   1.624   0.266   4.700  -0.926   0.993   4.508  -2.224 0.1195
2367      2.030   1.207   0.545   2.923   2.359   0.624   4.356   1.924   0.905   2.394   3.438   1.827   1.451   4.436   1.224 0.0902
919       0.342   2.319  -0.609   0.998   3.621  -0.520   1.343   4.158  -1.904   2.403   3.514   0.431   2.060   3.790   1.865 0.1479
2922      1.044   1.875  -1.142   1.980   2.985  -1.295   1.573   4.169  -0.426   2.074   3.462  -2.924   3.160   2.687  -3.610 0.0769
2463      2.146   1.139  -0.115   3.054   2.270  -0.286   3.278   2.999   1.034   2.447   3.347  -1.452   2.962   2.961  -2.807 0.0740
1151      0.335   2.317   0.576   1.031   3.599   0.628   1.444   3.942   2.055   0.050   4.834  -0.008   0.300   4.962  -1.481 0.1404
1680      0.309   2.327  -0.516   0.871   3.666  -0.363   0.054   4.495   0.621   0.947   4.454  -1.867   2.270   4.169  -2.515 0.0804
6502      2.027   1.209   0.600   2.878   2.387   0.742   3.869   2.491  -0.412   3.711   2.343   2.223   2.894   3.028   3.277 0.0556
194       1.589   1.489   1.061   2.524   2.602   1.198   1.842   3.932   0.902   3.857   2.388   0.164   4.932   1.630   0.885 0.1939
1275      0.556   2.195   0.868   1.320   3.436   0.955   2.287   3.403   2.133   0.274   4.769   1.096  -0.065   5.285  -0.271 0.1137
1414      0.299   2.350   0.469   0.968   3.647   0.449   2.260   3.610   1.257  -0.063   4.856   1.055  -0.854   5.449  -0.073 0.1079
809       0.270   2.367   0.314   0.957   3.655   0.338   0.389   4.560   1.425   0.841   4.419  -1.176   2.007   4.016  -2.030 0.1252
1786      0.407   2.286  -0.651   1.143   3.544  -0.727   0.195   4.726  -0.894   2.256   3.504  -2.011   3.569   2.973  -1.518 0.0845
98        1.589   1.541  -1.077   1.653   0.774  -2.317   2.812  -0.216  -2.292   1.806   1.816  -3.652   0.443   2.182  -4.159 0.3139
6790      0.394   2.329  -0.593   1.160   3.571  -0.647   1.470   4.085   0.754   0.314   4.753  -1.528   0.696   4.666  -2.976 0.0638
3103      2.153   1.158   0.065   3.030   2.313  -0.095   3.227   2.654  -1.568   4.535   2.022   0.642   4.490   2.480   2.069 0.0750
2998      2.148   1.149   0.027   3.054   2.290  -0.065   3.917   2.206  -1.318   4.040   2.379   1.317   3.368   3.226   2.357 0.0793
1757      0.294   2.359  -0.438   0.960   3.658  -0.442   2.242   3.616  -1.266   1.305   4.153   1.148   0.151   4.946   1.686 0.1015
4036      0.322   2.379  -0.373   1.090   3.608  -0.546   1.704   4.063   0.773   0.106   4.838  -1.187   0.170   4.800  -2.685 0.0778
1338      0.614   2.152   0.935   1.298   3.441   0.974   2.668   3.316   1.630   0.356   4.588   1.804  -0.540   5.296   0.832 0.1133
1509      1.888   1.267  -0.815   2.814   2.393  -0.906   2.955   2.871  -2.347   4.336   1.962  -0.283   4.382   2.275   1.183 0.0846
60        1.952   1.422   0.678   2.626   0.417   1.495   2.059   0.388   2.909   4.299   0.718   1.544   4.971  -0.008   0.416 0.4080
1890      2.004   1.244   0.665   2.713   2.486   0.964   4.114   2.476   0.365   2.798   2.730   2.644   1.602   3.514   3.097 0.0973
1612      0.998   1.882  -1.145   1.855   3.053  -1.301   1.028   4.313  -1.526   2.938   2.828  -2.593   4.199   2.196  -2.083 0.0939
2301      2.114   1.166  -0.344   3.023   2.306  -0.267   3.505   2.718  -1.653   4.352   1.939   0.727   4.039   2.323   2.143 0.0863
2515      2.087   1.185  -0.410   2.931   2.368  -0.549   2.668   3.077  -1.873   4.573   1.944  -0.430   5.007   2.024   1.003 0.0720
1598      2.078   1.173  -0.462   2.993   2.306  -0.569   3.265   2.924   0.797   2.362   3.481  -1.625   2.831   3.201  -3.022 0.0934
2606      2.100   1.168   0.356   2.970   2.335   0.468   2.739   3.068   1.784   2.715   3.391  -0.840   3.644   3.031  -1.962 0.0974
2473      2.059   1.207  -0.508   2.870   2.411  -0.659   2.213   3.400  -1.615   4.427   2.011  -1.213   5.329   1.769  -0.039 0.0847
1651      1.437   1.583  -1.147   2.488   2.591  -1.254   1.949   3.981  -0.938   3.174   2.570  -2.809   4.333   1.619  -2.832 0.0895
4195      2.158   1.134  -0.065   3.040   2.280  -0.262   3.544   2.821   1.071   2.237   3.507  -1.122   2.457   3.312  -2.593 0.0812
1159      1.911   1.267   0.800   2.932   2.310   0.752   4.108   1.887  -0.121   3.474   2.682   2.320   2.632   3.784   2.891 0.1165
1113      2.010   1.217  -0.548   2.902   2.369  -0.650   3.938   2.166  -1.749   3.676   2.654   0.836   2.848   3.594   1.660 0.1113
430       1.941   1.231  -0.753   2.773   2.420  -0.920   4.226   2.126  -0.567   2.186   3.694   0.040   1.194   4.498  -0.748 0.1721
2412      1.840   1.343   0.856   2.577   2.586   1.068   3.637   2.786  -0.008   3.299   2.593   2.607   2.351   3.195   3.602 0.0848
3618      0.773   2.074  -1.035   1.559   3.304  -1.085   1.113   4.284  -0.006   1.431   4.027  -2.618   2.521   3.508  -3.508 0.0649
2845      1.984   1.255   0.639   2.791   2.457   0.822   3.260   3.012  -0.518   4.129   2.128   1.817   3.760   2.377   3.249 0.0829
1183      0.542   2.195  -0.855   1.335   3.412  -0.999   2.141   3.392  -2.293   2.376   3.604   0.332   1.682   4.398   1.398 0.1078
4938      2.109   1.162   0.399   3.018   2.305   0.412   3.992   2.245  -0.759   3.873   2.367   1.880   3.107   3.193   2.870 0.0614
1616      2.125   1.153   0.144   3.079   2.253   0.030   4.411   1.768  -0.529   3.316   2.991   1.544   2.327   4.105   1.717 0.0926
2727      2.069   1.196   0.478   2.881   2.386   0.713   3.742   2.712  -0.501   3.863   2.173   2.084   3.131   2.651   3.303 0.0784
1075      1.053   1.840  -1.165   2.023   2.916  -1.345   1.355   4.170  -1.897   3.277   2.419  -2.380   4.379   1.804  -1.570 0.1095
2155      0.253   2.382  -0.371   0.909   3.669  -0.162   1.256   3.876   1.308  -0.084   4.936  -0.710   0.218   5.220  -2.152 0.0747
4748      0.571   2.222  -0.831   1.392   3.424  -0.945   1.482   4.155   0.390   0.763   4.461  -2.137   1.382   4.132  -3.463 0.0664
2702      1.999   1.220  -0.637   2.893   2.372  -0.703   2.555   3.261  -1.895   4.512   1.862  -0.797   5.076   1.732   0.587 0.0855
1628      0.518   2.202  -0.853   1.062   3.555  -0.786   0.122   4.488  -0.033   1.352   4.157  -2.350   2.749   3.809  -2.769 0.0827
1329      0.405   2.267  -0.714   1.001   3.600  -0.719   2.495   3.532  -1.017   0.738   4.374   0.771  -0.547   5.145   0.714 0.1043
1921      0.867   1.998  -1.076   1.830   3.076  -1.283   1.375   4.359  -0.597   2.062   3.353  -2.944   3.187   2.495  -3.442 0.0873
1286      0.324   2.315  -0.587   0.832   3.665  -0.356   0.167   4.301   0.859   0.586   4.635  -1.730   1.780   4.535  -2.633 0.0955
1866      2.149   1.136   0.171   3.086   2.255   0.176   2.672   3.313   1.193   3.192   2.947  -1.373   4.284   2.271  -2.148 0.0873
3040      2.129   1.169  -0.221   2.981   2.350  -0.332   2.942   2.925  -1.743   4.582   1.969   0.098   4.771   2.192   1.569 0.0670
3225      0.471   2.259  -0.749   1.276   3.466  -0.911   0.939   4.499   0.158   1.045   4.131  -2.458   2.049   3.550  -3.408 0.0762
6289      2.125   1.162   0.289   3.004   2.326   0.369   3.688   2.590  -0.967   4.169   2.107   1.587   3.641   2.641   2.886 0.0588
2675      0.675   2.119  -0.973   1.499   3.315  -1.120   0.837   4.522  -0.467   1.796   3.632  -2.764   3.052   2.932  -3.190 0.0663
441       0.481   2.232  -0.781   1.227   3.486  -0.841   0.839   4.296  -2.073   2.900   3.182  -0.846   3.407   3.157   0.565 0.1308
3669      2.154   1.170  -0.029   2.990   2.362  -0.135   2.739   3.093  -1.449   4.634   1.949  -0.002   5.049   2.006   1.438 0.0694
2252      1.342   1.658  -1.170   2.275   2.775  -1.287   1.665   4.060  -0.739   2.737   2.994  -2.909   3.961   2.176  -3.196 0.0823
1617      1.840   1.303   0.863   2.859   2.347   0.911   4.259   1.747   0.973   2.602   3.366   2.247   1.711   4.504   1.845 0.1124
2247      0.594   2.207  -0.843   1.484   3.341  -1.073   1.526   4.261   0.142   0.992   4.213  -2.447   1.677   3.660  -3.662 0.0822
2064      2.146   1.139  -0.200   3.075   2.264  -0.227   3.032   3.044   1.082   2.721   3.295  -1.532   3.496   2.858  -2.739 0.0712
3533      2.142   1.159  -0.101   3.025   2.319  -0.021   3.183   2.983  -1.384   4.547   1.865   0.586   4.546   1.989   2.081 0.0680
1644      0.971   1.900  -1.142   1.780   3.108  -1.280   0.920   4.361  -1.164   2.605   3.102  -2.767   3.941   2.443  -2.594 0.0829
1504      1.466   1.532  -1.117   2.283   2.720  -1.346   1.883   3.419  -2.640   3.931   2.306  -1.392   4.508   2.397  -0.010 0.1240
5028      0.450   2.263  -0.745   1.200   3.514  -0.822   0.980   4.363   0.424   0.753   4.389  -2.210   1.639   3.997  -3.355 0.0607
3223      0.386   2.329  -0.569   1.187   3.536  -0.755   1.446   4.233   0.575   0.415   4.601  -1.831   0.860   4.306  -3.233 0.0751
827       0.717   2.075   1.020   1.368   3.380   1.097   2.882   3.233   1.195   0.780   4.259   2.428  -0.404   5.075   2.005 0.1521
1430      1.847   1.305  -0.860   2.618   2.521  -1.099   3.823   2.599  -0.168   1.637   3.895  -0.899   1.005   4.253  -2.211 0.1054
881       0.281   2.350  -0.468   0.841   3.683  -0.267   1.842   4.029  -1.364   1.586   3.790   1.257   0.584   4.254   2.272 0.1246
5085      1.999   1.219   0.675   2.913   2.358   0.708   3.674   2.489  -0.606   4.005   2.206   2.002   3.429   2.862   3.222 0.0592
2834      0.675   2.114  -0.990   1.369   3.399  -1.023   0.684   4.416  -0.118   1.445   3.991  -2.615   2.700   3.500  -3.272 0.0668
766       1.321   1.681   1.153   2.089   2.916   1.283   3.459   2.782   0.629   2.263   3.337   2.921   1.121   4.216   3.336 0.1420
2673      2.161   1.145   0.099   3.023   2.316   0.237   4.122   2.317  -0.819   3.708   2.368   1.792   2.810   3.144   2.709 0.0733
2347      1.944   1.233  -0.736   2.787   2.404  -0.961   3.730   2.636   0.213   1.828   3.784  -1.221   1.546   3.928  -2.687 0.0851
2127      0.919   1.975  -1.086   1.855   3.080  -1.269   1.643   4.159  -0.215   1.691   3.744  -2.826   2.617   3.039  -3.771 0.0797
1769      1.909   1.264  -0.765   2.751   2.440  -0.969   2.671   2.928  -2.411   4.364   2.092  -0.559   4.589   2.405   0.890 0.0871
36        0.939   1.981  -1.136   0.673   1.402  -2.450   0.705   2.471  -3.537  -0.831   0.610  -2.457  -0.642  -0.825  -2.063 0.4999
840       1.531   1.485  -1.086   2.456   2.601  -1.260   2.682   2.902  -2.737   3.939   2.268  -0.499   3.895   2.759   0.918 0.1160
130       0.634   2.184  -0.920  -0.382   2.080  -1.964   0.220   2.327  -3.343  -1.645   3.180  -1.674  -2.699   2.522  -0.834 0.3872
2258      2.109   1.159   0.271   3.068   2.257   0.198   4.487   1.736   0.002   2.987   3.210   1.604   1.986   4.309   1.406 0.0897
31        1.137   1.816  -1.177   0.770   1.258  -2.476  -0.706   1.492  -2.776   1.118  -0.406  -2.526   2.514  -0.609  -3.036 0.5918
2455      0.233   2.388  -0.228   0.911   3.680  -0.169   0.729   4.333   1.196   0.331   4.711  -1.390   1.160   4.535  -2.628 0.0766
2778      0.311   2.339  -0.548   0.917   3.651  -0.345   0.858   4.061   1.122   0.142   4.818  -1.308   0.830   4.906  -2.638 0.0722
3758      2.129   1.156   0.316   3.055   2.282   0.249   3.787   2.313  -1.087   4.175   2.206   1.527   3.635   2.952   2.710 0.0652
1985      2.070   1.196   0.447   2.913   2.382   0.566   4.391   2.011   0.537   2.552   3.225   1.998   1.478   4.236   1.725 0.0856
3511      2.129   1.183   0.258   2.986   2.364   0.223   3.074   2.936  -1.187   4.541   1.987   0.797   4.596   2.214   2.278 0.0601
1719      1.975   1.232  -0.656   2.832   2.399  -0.844   3.130   2.629  -2.321   4.283   2.215   0.022   4.119   2.782   1.400 0.0921
30        0.655   2.358   0.624  -0.191   2.703   1.763   0.601   2.664   3.065  -1.520   1.647   1.857  -2.663   2.211   1.068 0.6585
23        1.882   1.699   0.479   3.085   0.919   0.756   3.919   0.729  -0.505   2.673  -0.592   1.417   2.615  -0.486   2.911 0.5666
25        1.837   1.440   0.802   2.133   0.649   1.993   2.715   1.520   3.100   3.210  -0.611   1.615   2.433  -1.831   1.218 0.5554
2677      0.282   2.350  -0.424   0.933   3.655  -0.351   0.419   4.459   0.838   0.685   4.523  -1.792   1.796   4.223  -2.753 0.0734
TOTRMS: 0.0822
BEFORE: 822 0.06651674769758426
AFTER: 200 0.08218549757984907
