162       1.866   4.940  -0.729   1.095   6.173  -0.853   2.005   7.365  -1.125   0.181   6.446   0.554  -1.166   5.802   0.408 0.1671
283       2.623   4.466  -1.525   2.283   5.398  -2.596   3.526   5.825  -3.367   1.489   6.763  -1.966   0.009   6.519  -1.953 0.1285
338      -0.151   4.188   1.376  -0.445   4.933   2.597  -1.138   4.048   3.626  -1.410   6.288   2.248  -0.530   7.467   1.955 0.1222
95        0.489   3.695   2.027   0.366   4.223   3.383   1.425   3.627   4.302  -1.186   3.911   4.002  -2.097   5.054   3.667 0.2109
277       3.357   4.062  -1.566   3.577   4.678  -2.872   4.770   5.626  -2.838   2.184   5.511  -3.378   1.305   4.584  -4.163 0.1101
80       -0.354   4.483  -0.251  -1.090   5.668   0.182  -0.660   6.100   1.579  -2.763   5.370   0.153  -3.313   5.741  -1.192 0.2013
202      -0.013   5.115   0.676  -1.073   6.006   1.140  -0.640   7.465   1.054  -1.517   5.621   2.735  -2.623   4.609   2.717 0.1486
354       3.540   1.722  -1.855   4.238   1.849  -3.131   3.263   2.156  -4.262   5.104   0.428  -3.478   6.490   0.537  -2.914 0.1274
82        3.894   1.451  -1.323   4.785   1.399  -2.479   6.246   1.370  -2.045   4.507   2.728  -3.503   3.463   2.367  -4.518 0.1596
181       3.000   4.413   1.041   3.874   4.711   2.173   3.865   6.201   2.495   5.461   4.194   1.850   5.632   2.780   2.322 0.1476
236      -0.074   4.120   1.370  -0.296   4.778   2.655  -1.439   4.121   3.418  -0.621   6.431   2.426   0.665   7.203   2.456 0.1401
224       3.915   1.564  -1.576   4.870   1.545  -2.680   4.268   2.160  -3.937   5.382  -0.045  -2.995   6.599  -0.351  -2.174 0.1385
270       3.101   1.941   2.330   4.272   1.681   3.164   5.396   1.051   2.350   3.859   0.670   4.467   3.437   1.509   5.636 0.1135
81        2.208   4.850   1.015   2.216   5.583   2.278   3.639   5.806   2.774   1.312   4.751   3.453  -0.115   5.210   3.403 0.1836
223       3.709   1.658  -1.687   4.560   1.676  -2.874   4.356   2.956  -3.676   4.245   0.320  -3.849   5.144  -0.809  -3.442 0.1282
174       2.465   4.602  -1.157   2.046   5.656  -2.077   2.878   6.918  -1.881   0.396   6.006  -1.867  -0.420   5.136  -2.777 0.1488
220       2.839   2.394  -2.286   4.041   2.310  -3.109   3.832   2.988  -4.458   4.492   0.686  -3.337   5.429   0.269  -2.243 0.1251
174       0.986   5.560   0.716   0.313   6.673   1.380  -0.173   7.704   0.367   1.352   7.408   2.506   1.188   6.747   3.843 0.1618
315       2.322   4.728   1.036   2.352   5.448   2.306   3.314   6.628   2.245   2.793   4.401   3.571   1.561   3.780   4.158 0.1159
45        0.931   3.541  -2.260   1.346   3.847  -3.626   0.806   5.200  -4.074   0.826   2.629  -4.691   1.885   1.572  -4.797 0.2322
153       0.507   4.000   1.801   0.655   4.564   3.140   0.497   3.489   4.209  -0.479   5.806   3.390   0.114   7.117   2.967 0.1506
94        4.354   3.279  -0.425   5.638   3.197  -1.115   6.285   4.572  -1.235   5.440   2.509  -2.657   5.599   1.021  -2.565 0.1676
52        2.244   2.939   2.696   3.305   2.942   3.699   3.402   1.592   4.399   3.038   4.174   4.840   3.712   5.433   4.384 0.2620
216       1.583   5.323  -1.645   1.065   6.522  -2.299   2.183   7.518  -2.584  -0.135   7.249  -1.341  -1.477   6.688  -1.707 0.1460
324       1.102   5.649   0.127   0.398   6.878   0.481   1.276   8.101   0.240  -0.102   6.830   2.105  -1.476   6.233   2.187 0.1136
36        5.297   2.443   0.295   6.680   2.027   0.510   7.383   1.755  -0.815   6.736   0.642   1.495   6.827   1.056   2.934 0.2760
491       2.258   4.910   0.876   2.199   5.804   2.029   2.897   7.126   1.734   2.900   5.064   3.389   1.847   4.310   4.147 0.1179
363       1.677   4.765   1.292   1.331   5.460   2.529   2.085   6.779   2.646   1.664   4.476   3.875   0.453   3.657   4.207 0.1171
305      -0.677   4.233   0.751  -1.349   5.041   1.764  -2.302   4.194   2.599  -2.195   6.324   1.035  -1.297   7.521   0.934 0.1138
58        0.668   5.646  -1.254  -0.069   6.742  -1.876   0.032   8.014  -1.042  -1.700   6.314  -2.092  -1.874   5.673  -3.437 0.2313
101       3.788   1.972  -2.197   4.748   1.924  -3.296   5.055   3.323  -3.818   4.159   0.948  -4.557   4.605  -0.468  -4.344 0.1793
299       3.574   2.009   2.090   4.163   2.418   3.363   5.594   1.910   3.494   3.222   1.852   4.661   2.188   2.880   5.014 0.1135
122       2.344   2.401  -2.690   2.137   2.972  -4.018   0.717   2.715  -4.510   3.261   2.332  -5.121   4.489   3.193  -5.140 0.1642
135       2.425   2.693  -2.510   3.510   2.689  -3.487   3.341   3.816  -4.499   3.581   1.191  -4.289   4.494   0.266  -3.540 0.1663
341       2.896   4.284  -1.521   2.723   5.065  -2.743   3.964   5.898  -3.043   1.361   6.074  -2.614   0.151   5.348  -3.121 0.1121
147      -0.313   4.297   0.968  -0.850   5.217   1.966  -1.139   4.497   3.278  -2.265   5.962   1.387  -1.905   7.230   0.673 0.1617
309       3.618   1.637  -1.839   4.296   1.772  -3.125   3.633   2.841  -3.985   4.308   0.285  -3.948   5.544  -0.481  -3.580 0.1186
153       3.003   3.793  -2.034   3.071   4.120  -3.455   3.962   5.333  -3.698   1.513   4.408  -4.073   0.931   3.123  -4.580 0.1591
56        3.394   3.769   1.027   4.632   3.549   1.768   5.449   4.832   1.866   5.554   2.325   1.032   5.179   0.996   1.617 0.2047
283       1.322   5.642  -0.095   0.747   6.953   0.189   1.565   8.064  -0.460   0.648   7.207   1.867  -0.678   6.716   2.369 0.1138
102       0.637   3.939   1.989   0.728   4.606   3.284   1.451   3.732   4.302  -0.822   5.007   3.855  -1.192   6.379   3.376 0.1966
274       2.042   4.854   0.846   1.759   5.739   1.972   2.799   6.849   2.073   1.707   4.855   3.424   0.305   4.386   3.674 0.1253
384       2.593   4.763   0.995   2.917   5.478   2.226   3.231   6.942   1.943   4.232   4.741   3.012   3.724   3.698   3.964 0.1219
625       1.246   5.141   1.300   0.717   6.005   2.350   1.146   7.452   2.139   1.228   5.463   3.879   0.226   4.490   4.424 0.1224
249       2.181   5.067   0.716   2.077   6.090   1.753   1.645   7.428   1.163   3.559   6.263   2.567   3.595   5.331   3.742 0.1354
226       2.560   4.587   1.275   2.914   5.054   2.612   2.114   6.296   2.989   4.580   5.383   2.705   5.310   4.147   3.139 0.1314
347       1.090   5.732  -0.570   0.407   7.018  -0.676   1.377   8.123  -1.077  -0.349   7.411   0.796  -1.748   6.872   0.799 0.1227
173       0.759   5.153   1.025  -0.068   6.024   1.854   0.716   7.244   2.323  -0.673   5.170   3.194  -1.994   4.553   2.839 0.1560
330       1.795   4.922   1.263   1.606   5.714   2.474   1.446   7.194   2.143   2.912   5.493   3.539   2.619   4.346   4.459 0.1371
350       1.541   5.307   1.360   1.247   6.289   2.400   1.646   7.693   1.958   2.049   5.883   3.843   1.164   5.004   4.676 0.1349
92        3.352   1.973   2.106   4.650   1.779   2.747   5.506   0.790   1.964   4.447   1.238   4.346   4.370   2.418   5.268 0.1921
60       -0.494   4.510  -1.274  -1.334   5.662  -1.587  -1.961   6.244  -0.325  -2.549   5.227  -2.694  -2.050   5.439  -4.092 0.2070
252      -0.410   4.550  -0.359  -1.101   5.639   0.326  -2.604   5.390   0.374  -0.779   7.121  -0.441   0.437   7.748   0.173 0.1340
372       0.643   5.683  -0.035  -0.221   6.856   0.065   0.600   8.139   0.117  -1.216   6.745   1.439  -2.497   6.056   1.073 0.1185
74        1.711   5.332   0.391   1.215   6.483   1.139   2.022   6.698   2.414  -0.430   6.280   1.518  -1.271   6.859   0.420 0.2605
158      -0.156   4.097   1.340  -0.515   4.817   2.559  -0.358   3.928   3.787  -2.110   5.397   2.458  -2.104   6.773   1.862 0.1595
288       3.227   4.062  -1.404   3.460   4.667  -2.712   4.854   5.278  -2.793   2.284   5.851  -3.036   1.118   5.219  -3.737 0.1169
543      -0.438   4.569  -0.500  -1.145   5.748  -0.010  -2.502   5.371   0.574  -1.343   6.883  -1.260  -0.169   7.817  -1.278 0.1211
369       1.432   5.381   0.700   0.893   6.468   1.511   1.641   7.770   1.251   0.970   6.071   3.162  -0.297   5.380   3.570 0.1055
65        3.561   1.994   1.441   4.131   2.350   2.737   5.604   2.719   2.605   3.947   1.068   3.838   2.648   1.220   4.570 0.1832
197       2.783   2.000   2.559   3.748   1.735   3.623   5.028   1.126   3.064   3.073   0.704   4.793   2.399   1.523   5.854 0.1402
278       0.409   5.542   0.027  -0.551   6.637   0.128   0.148   7.951   0.458  -1.725   6.290   1.308  -2.879   5.576   0.669 0.1379
368       3.311   2.064   2.176   3.669   2.535   3.510   4.933   1.849   4.014   2.389   2.270   4.597   1.488   3.469   4.611 0.1218
105       0.508   5.487   0.471  -0.398   6.567   0.850   0.297   7.572   1.762  -1.779   5.940   1.619  -2.836   5.655   0.593 0.1810
112       3.789   3.114  -1.809   4.501   3.049  -3.083   5.633   4.068  -3.132   3.428   3.306  -4.376   2.865   1.992  -4.828 0.1729
171       2.187   2.690   2.546   1.867   3.445   3.755   2.967   3.298   4.800   0.379   2.933   4.398  -0.729   3.754   3.809 0.1460
90        4.241   1.428  -0.603   5.435   1.303  -1.434   6.695   1.241  -0.579   5.536   2.602  -2.527   4.831   2.241  -3.800 0.1794
320      -0.439   4.582  -1.153  -1.204   5.822  -1.050  -2.621   5.553  -0.558  -1.249   6.617  -2.552  -0.084   7.556  -2.656 0.1370
78        1.244   4.079   1.712   1.024   4.913   2.889   2.281   5.697   3.249   0.534   3.960   4.209  -0.963   3.859   4.223 0.2061
92        1.568   4.906   1.413   1.325   5.505   2.722   0.325   6.651   2.624   2.782   6.058   3.401   3.400   4.962   4.217 0.1740
349       2.740   4.470   1.188   3.199   4.894   2.508   3.907   6.242   2.436   4.236   3.726   3.179   3.431   2.741   3.974 0.1176
100       3.051   3.762  -1.731   3.299   4.088  -3.132   3.759   5.533  -3.287   1.901   3.818  -4.061   1.905   2.408  -4.574 0.1706
247       2.885   2.427   2.293   2.871   3.105   3.585   4.270   3.173   4.185   1.814   2.316   4.658   0.442   2.908   4.535 0.1394
365       1.072   5.707   0.503   0.480   6.958   0.969   0.979   8.141   0.149   0.827   7.201   2.615  -0.255   6.586   3.451 0.1312
167       2.323   4.985  -0.485   1.852   6.361  -0.353   2.852   7.344  -0.951   1.569   6.738   1.280   0.149   6.408   1.631 0.1524
44        0.953   3.415  -2.438   0.054   4.426  -2.986  -1.387   3.931  -2.998   0.535   4.858  -4.558   1.495   6.009  -4.489 0.2434
78        3.523   1.788   1.790   4.881   1.462   2.214   5.697   0.897   1.057   4.851   0.352   3.502   4.816   1.097   4.803 0.1820
47        2.470   4.458  -1.807   2.296   5.264  -3.012   1.396   6.465  -2.743   1.648   4.320  -4.269   2.766   3.706  -5.059 0.2858
539       2.236   4.788   1.223   2.280   5.440   2.529   2.650   6.913   2.396   3.387   4.650   3.549   2.681   3.569   4.312 0.1159
139      -0.778   4.719  -0.916  -1.717   5.744  -0.470  -3.124   5.175  -0.328  -1.724   7.054  -1.554  -0.699   8.062  -1.127 0.1751
218       0.574   4.875   1.444  -0.239   5.570   2.437   0.166   7.035   2.551  -0.105   4.809   3.952  -1.168   3.759   4.079 0.1247
194       2.826   2.273  -2.360   4.024   2.116  -3.180   3.663   1.876  -4.640   4.978   0.836  -2.596   5.955   1.360  -1.586 0.1301
153       4.111   1.449  -1.115   5.266   1.256  -1.988   5.372   2.376  -3.015   5.171  -0.249  -2.773   5.852  -1.293  -1.940 0.1728
318       2.770   4.473   1.216   3.342   4.826   2.512   3.560   6.330   2.625   4.810   4.004   2.756   4.543   2.692   3.433 0.1181
88        3.059   2.995  -1.854   3.552   3.098  -3.224   3.689   4.555  -3.651   2.516   2.272  -4.290   2.969   0.849  -4.425 0.2219
301       2.975   4.205  -1.470   2.946   4.930  -2.737   4.347   5.364  -3.153   1.925   6.285  -2.623   0.532   5.897  -3.020 0.1007
126       2.198   2.479  -2.730   3.007   2.415  -3.944   2.133   2.211  -5.176   4.153   1.165  -3.827   5.419   1.701  -3.227 0.1784
74        0.627   4.034  -1.877  -0.043   5.302  -2.149  -1.191   5.537  -1.173  -0.621   5.337  -3.747   0.434   5.908  -4.648 0.1815
277       2.488   4.663   1.192   2.818   5.210   2.505   2.490   6.697   2.579   4.463   4.957   2.856   4.627   3.644   3.560 0.1336
239       3.603   3.671  -1.858   4.122   3.961  -3.192   5.006   5.202  -3.179   2.844   4.166  -4.294   2.499   2.844  -4.912 0.1292
75        2.893   2.653   2.254   2.783   3.453   3.470   4.068   4.229   3.735   2.415   2.462   4.801   0.926   2.357   4.950 0.1744
35       -3.268   1.980  -0.731  -4.209   1.719  -1.817  -5.280   2.801  -1.886  -4.932   0.193  -1.621  -4.110  -0.844  -2.326 0.2169
374       1.210   5.102   1.135   0.593   5.965   2.138   1.265   7.332   2.174   0.666   5.238   3.673  -0.563   4.407   3.892 0.1179
243       2.928   2.280   2.318   2.898   2.878   3.650   4.157   2.532   4.436   1.519   2.363   4.501   0.388   3.314   4.244 0.1345
111       4.987   2.324  -0.431   6.347   1.862  -0.694   7.180   2.955  -1.353   6.323   0.474  -1.676   6.267  -0.750  -0.811 0.1736
179       0.326   5.459   0.345  -0.573   6.580   0.604  -0.244   7.767  -0.294  -0.486   7.044   2.238  -1.504   6.278   3.030 0.1466
217       4.382   1.277  -1.001   5.630   1.105  -1.740   5.360   0.806  -3.209   6.560  -0.141  -1.052   7.468   0.433  -0.005 0.1477
287      -0.707   4.564  -0.200  -1.526   5.692   0.235  -2.527   5.265   1.302  -2.342   6.377  -1.090  -1.495   7.457  -1.695 0.1408
74        4.720   1.478   0.040   6.145   1.378  -0.262   6.432   1.792  -1.701   6.699  -0.207   0.010   7.174  -0.334   1.426 0.2038
67        4.777   2.874   1.641   5.983   2.637   2.429   6.941   3.818   2.335   6.759   1.215   1.912   6.236   0.047   2.695 0.2040
21        2.628   4.413   1.786   2.227   5.253   2.911   0.712   5.418   2.960   2.976   6.776   2.811   4.286   6.737   3.540 0.2301
98        3.087   4.237   0.847   3.934   4.506   2.005   5.146   5.345   1.615   4.439   3.050   2.723   3.447   2.639   3.770 0.1666
60        1.110   3.814  -2.571   0.668   4.937  -3.393  -0.521   5.648  -2.758   0.263   4.405  -4.956   1.475   4.470  -5.837 0.2484
184       1.930   5.009   1.221   1.855   5.709   2.500   0.766   6.775   2.479   3.355   6.414   2.879   4.182   5.441   3.664 0.1390
339       1.187   5.346   0.363   0.478   6.474   0.960   1.293   7.757   0.845   0.122   6.155   2.591  -1.220   5.492   2.689 0.1166
172       2.239   4.784  -1.134   1.692   5.981  -1.765   2.686   7.135  -1.709   0.232   6.431  -1.018  -0.914   5.759  -1.713 0.1480
218       2.094   5.110   1.422   2.157   6.032   2.553   2.326   7.471   2.080   3.432   5.606   3.594   2.930   4.648   4.634 0.1439
148      -0.619   4.647  -0.682  -1.412   5.778  -0.211  -2.893   5.570  -0.504  -0.873   7.222  -0.929   0.190   7.841  -0.070 0.1578
231       3.869   1.703   1.090   4.810   1.798   2.203   5.878   0.714   2.113   3.988   1.686   3.687   3.589   3.058   4.142 0.1195
168       2.673   4.354  -1.308   2.485   5.180  -2.497   3.104   6.560  -2.310   0.831   5.327  -2.863   0.423   4.219  -3.787 0.1527
83        2.891   2.932  -2.105   4.244   3.029  -2.644   4.337   4.125  -3.699   4.728   1.540  -3.305   5.403   0.718  -2.247 0.1732
110       4.482   1.170   0.123   5.853   0.920  -0.314   5.924  -0.298  -1.227   6.873   0.704   1.028   7.439   2.029   1.445 0.1517
70        3.943   1.995  -2.084   4.938   1.690  -3.107   5.934   2.833  -3.262   4.180   1.370  -4.595   3.884  -0.096  -4.702 0.2052
30        2.777   4.430  -1.199   2.770   5.263  -2.398   1.461   6.034  -2.522   3.019   4.310  -3.784   4.488   4.221  -4.072 0.2432
147      -0.510   4.602  -0.409  -1.308   5.789  -0.116  -2.031   5.648   1.219  -2.432   6.070  -1.360  -1.816   6.961  -2.398 0.1609
547       0.910   5.341   0.908   0.173   6.354   1.659   0.751   7.744   1.418   0.195   5.994   3.320  -0.989   5.139   3.662 0.1127
66        3.508   1.913  -1.698   4.943   1.700  -1.861   5.223   0.550  -2.821   5.671   1.392  -0.355   6.115   2.686   0.260 0.1858
126       2.318   5.011  -0.519   1.838   6.388  -0.443   2.344   7.211  -1.622   2.321   7.106   1.020   1.270   6.872   2.063 0.1738
297       1.690   4.571   1.692   1.519   5.028   3.068   1.920   6.492   3.215   2.431   4.065   4.132   1.597   2.911   4.601 0.1355
135       0.368   3.618   2.224   0.242   4.138   3.582   1.597   4.193   4.277  -0.839   3.186   4.485  -2.228   3.731   4.339 0.2155
55        1.799   2.984  -3.026   1.752   3.583  -4.357   1.706   5.104  -4.272   0.406   3.007  -5.220   0.793   1.776  -5.986 0.2302
35        2.339   4.802   1.213   2.574   5.438   2.506   2.589   4.408   3.629   1.386   6.616   2.811   1.847   7.940   2.279 0.2481
102       3.140   2.337  -2.033   4.543   2.095  -2.356   5.119   3.233  -3.191   4.716   0.619  -3.182   4.939  -0.485  -2.193 0.1821
278      -0.465   4.394   0.937  -0.983   5.314   1.946  -1.999   4.623   2.848  -1.688   6.671   1.205  -0.650   7.739   1.025 0.1288
372       0.727   5.755  -0.464  -0.033   6.986  -0.658   0.880   8.206  -0.616  -1.248   7.126   0.522  -2.507   6.483   0.022 0.1321
66        2.829   2.308   2.425   3.944   2.212   3.362   5.274   2.455   2.658   3.954   0.690   4.119   3.139   0.751   5.376 0.2078
87        1.403   4.238   1.549   1.002   4.835   2.820   2.040   5.840   3.306   0.764   3.628   3.994  -0.665   3.174   3.963 0.1785
283       2.803   4.473  -1.496   2.561   5.434  -2.568   3.853   6.124  -2.989   1.415   6.591  -2.079   0.039   6.115  -2.439 0.1237
103       2.639   2.469  -2.726   2.810   3.018  -4.068   1.555   3.753  -4.524   3.195   1.783  -5.171   4.684   1.622  -5.242 0.1778
329      -0.630   4.543  -0.942  -1.476   5.723  -0.789  -2.720   5.403   0.031  -1.922   6.334  -2.312  -0.907   7.343  -2.762 0.1279
219       3.395   3.581  -1.822   3.867   3.847  -3.178   5.105   4.736  -3.164   2.639   4.573  -4.103   1.832   3.508  -4.786 0.1437
152       2.720   4.294   1.231   3.173   4.617   2.581   4.374   5.555   2.547   3.566   3.197   3.430   2.351   2.694   4.152 0.1370
69       -0.230   4.547  -0.014  -0.959   5.742   0.402  -0.190   6.510   1.471  -2.502   5.324   0.981  -3.483   5.339  -0.153 0.2183
392       2.351   4.626   1.284   2.484   5.171   2.632   3.210   6.511   2.612   3.309   4.076   3.637   2.321   3.162   4.299 0.1174
363      -0.644   4.513  -0.274  -1.408   5.567   0.389  -2.823   5.099   0.711  -1.462   6.961  -0.583  -0.298   7.846  -0.253 0.1297
284       1.099   5.672   0.304   0.486   6.947   0.663   0.654   7.970  -0.454   1.160   7.544   2.106   0.366   7.039   3.274 0.1526
487       0.769   5.574   0.351  -0.031   6.741   0.713   0.688   8.034   0.346  -0.387   6.723   2.375  -1.677   5.993   2.602 0.1080
67       -0.379   4.143   1.239  -1.038   5.010   2.211  -0.076   5.425   3.318  -2.394   4.231   2.878  -3.605   4.539   2.050 0.1974
107      -0.871   4.230   0.370  -1.676   5.022   1.296  -3.045   4.389   1.513  -1.853   6.611   0.719  -0.736   7.462   1.245 0.1846
271       0.189   3.902   1.784   0.170   4.353   3.172  -0.422   3.288   4.088  -0.712   5.800   3.313   0.212   6.968   3.135 0.1262
175       1.557   4.465   1.753   1.274   4.844   3.134   1.912   6.186   3.477   1.827   3.645   4.204   0.734   2.646   4.444 0.1380
37        2.774   4.663   1.144   3.447   5.095   2.365   4.076   3.912   3.092   2.356   5.898   3.392   2.366   7.365   3.083 0.2354
226       2.255   4.787  -1.305   1.755   5.957  -2.022   2.882   6.933  -2.335   0.544   6.734  -1.117  -0.795   6.163  -1.478 0.1462
243       3.858   1.963   1.856   4.717   2.286   2.992   6.148   1.823   2.748   4.109   1.580   4.414   3.168   2.536   5.084 0.1534
209       2.991   4.500   1.219   3.887   4.898   2.301   4.136   6.402   2.282   5.362   4.061   2.189   5.274   2.786   2.973 0.1634
52       -2.223   1.374  -2.828  -2.468   0.659  -4.077  -3.819   1.039  -4.671  -2.394  -1.021  -3.823  -0.987  -1.497  -4.036 0.1907
68        3.548   1.850  -1.513   4.976   1.544  -1.510   5.391   0.851  -2.803   5.371   0.571  -0.173   5.740   1.444   0.989 0.2061
305       3.310   1.751  -2.035   3.803   1.936  -3.397   2.745   2.588  -4.280   4.281   0.447  -4.063   5.730   0.207  -3.763 0.1208
99        1.876   4.935  -2.239   1.559   5.916  -3.273   2.511   7.105  -3.212  -0.048   6.447  -3.116  -0.948   5.565  -3.930 0.1621
153       2.170   5.057   1.378   2.372   5.807   2.614   1.810   7.219   2.498   4.025   5.868   3.008   4.377   4.694   3.873 0.1514
130       0.271   5.631  -0.440  -0.593   6.777  -0.707  -0.151   7.996   0.094  -2.211   6.397  -0.346  -2.878   5.839  -1.568 0.1760
217       2.717   4.756   1.057   3.184   5.481   2.235   3.161   6.987   1.998   4.753   4.981   2.657   4.670   3.832   3.618 0.1406
297       1.230   5.492   1.362   0.802   6.599   2.212   0.895   7.928   1.470   1.739   6.656   3.629   1.088   5.824   4.693 0.1476
17       -0.906   3.491   1.554  -1.473   3.714   2.881  -1.318   2.478   3.759  -3.115   4.141   2.760  -3.237   5.632   2.655 0.1272
181       0.095   4.579   0.633  -0.184   5.631   1.607  -1.004   5.095   2.775  -1.001   6.925   0.866  -0.002   7.917   0.349 0.1574
30       -0.414   4.693   1.229  -1.615   5.283   1.813  -1.265   6.200   2.979  -2.683   4.065   2.330  -3.618   3.713   1.211 0.2628
196       2.453   2.621   2.516   2.077   3.406   3.688   2.911   3.015   4.902   0.423   3.209   4.028  -0.366   4.254   3.297 0.1303
86        4.953   2.557   0.652   6.333   2.096   0.775   7.305   3.270   0.793   6.721   1.038  -0.498   6.404  -0.371  -0.092 0.1855
35        0.555   5.638   0.354   1.827   5.770   1.059   1.885   4.840   2.265   2.067   7.380   1.551   2.792   8.130   0.474 0.2562
56        4.146   3.341   0.303   5.571   3.055   0.167   6.368   4.332  -0.069   5.837   1.959  -1.106   5.789   0.556  -0.576 0.2079
68        2.150   3.720   1.737   2.390   4.088   3.129   3.867   4.373   3.375   1.853   2.855   4.170   0.420   3.102   4.540 0.1772
43        2.032   5.188   0.888   2.018   6.081   2.043   2.693   5.433   3.246   0.422   6.517   2.435   0.048   7.766   1.693 0.2252
349       3.011   4.276  -1.376   3.013   5.057  -2.610   3.988   6.225  -2.518   1.449   5.628  -2.953   0.725   4.625  -3.801 0.1232
29        0.260   1.248  -3.296   0.291   0.724  -4.659  -0.851  -0.257  -4.896   1.782  -0.032  -4.970   2.746   0.974  -5.526 0.3381
52        2.198   3.465   1.847   2.834   3.857   3.102   4.323   4.115   2.904   2.602   2.658   4.285   1.340   2.944   5.045 0.2211
90        0.490   3.839   1.860   0.632   4.269   3.248   0.847   3.077   4.172  -0.737   5.149   3.739  -0.523   6.606   3.454 0.1422
149       1.966   5.047   0.002   1.435   6.283   0.570   2.196   7.497   0.050   1.506   6.235   2.268   0.232   5.653   2.805 0.1581
159       3.286   4.117   1.050   4.416   4.222   1.969   4.902   5.662   2.079   5.688   3.213   1.463   5.534   1.861   2.092 0.1510
37       -1.878   1.825  -3.420  -1.944   1.605  -4.862  -2.055   2.926  -5.614  -3.260   0.601  -5.249  -2.818  -0.832  -5.232 0.2585
128       0.567   4.134   1.922   0.800   4.731   3.234   0.231   3.855   4.344   0.116   6.286   3.309   1.130   7.299   2.867 0.1660
56        4.217   3.646   1.650   4.617   4.304   2.890   5.489   5.522   2.609   5.445   3.214   3.899   4.464   2.519   4.795 0.2302
434       0.562   5.509   0.493  -0.347   6.571   0.913   0.368   7.916   0.968  -1.023   6.208   2.430  -2.297   5.439   2.239 0.1245
90       -0.466   5.130  -0.183  -1.670   5.947  -0.305  -1.427   7.362   0.208  -2.959   5.233   0.542  -3.709   4.312  -0.374 0.1826
46        0.568   5.384   0.458  -0.136   6.538   1.009  -1.478   6.129   1.604  -0.367   7.721  -0.191   0.801   8.662  -0.195 0.2450
145       3.093   2.348  -1.963   4.490   2.083  -2.294   4.817   2.548  -3.708   4.834   0.425  -2.132   5.300   0.146  -0.734 0.1689
517       1.623   4.843   1.393   1.313   5.533   2.642   1.747   6.993   2.584   2.064   4.754   3.953   1.141   3.711   4.510 0.1265
60        2.974   2.345  -2.215   4.251   2.270  -2.919   4.147   1.378  -4.151   5.468   1.693  -1.882   6.124   2.849  -1.188 0.1775
163       1.624   5.224   0.780   1.182   6.262   1.707   0.331   7.307   0.996   2.521   7.005   2.447   2.863   6.274   3.711 0.1479
371       0.851   5.274   1.202   0.191   6.253   2.061   0.417   7.672   1.552   0.751   6.111   3.661  -0.113   5.139   4.408 0.1395
542       1.023   5.585   0.676   0.365   6.753   1.255   1.007   8.044   0.764   0.419   6.683   2.953  -0.797   5.969   3.463 0.1172
429       0.558   5.071   1.172  -0.253   5.982   1.975   0.094   7.436   1.674  -0.040   5.662   3.631  -1.054   4.652   4.079 0.1316
386       0.494   5.295   1.041  -0.384   6.229   1.739   0.210   7.633   1.755  -0.672   5.700   3.329  -1.887   4.821   3.351 0.1199
122       2.104   4.705  -1.242   1.408   5.791  -1.926   2.376   6.628  -2.754   0.598   6.778  -0.803  -0.794   6.259  -0.593 0.1683
154       3.098   4.087   1.065   3.958   4.151   2.243   4.919   5.332   2.158   4.829   2.702   2.422   4.043   1.748   3.270 0.1566
102      -0.641   4.501  -0.246  -1.505   5.616   0.133  -1.670   5.693   1.646  -3.025   5.468  -0.613  -3.003   6.171  -1.938 0.1916
130       2.878   4.409  -1.150   3.005   5.262  -2.328   3.460   6.665  -1.943   1.529   5.338  -3.168   1.479   4.242  -4.190 0.1598
589       1.866   4.988   0.923   1.524   5.907   2.005   2.268   7.229   1.857   1.873   5.206   3.513   0.670   4.460   4.009 0.1171
41       -2.207   1.484  -2.840  -2.424   0.965  -4.187  -3.907   0.955  -4.540  -1.780  -0.602  -4.330  -0.354  -0.518  -4.786 0.2896
80       -0.537   4.453  -0.257  -1.291   5.475   0.463  -2.727   5.557  -0.043  -0.533   6.989   0.314   0.443   7.172   1.438 0.2142
83        1.519   4.041   1.531   1.286   4.734   2.795   2.602   5.092   3.475   0.336   3.776   3.830  -1.115   4.082   3.603 0.1709
113       0.971   3.606   2.166   1.452   3.763   3.535   0.901   2.667   4.439   1.022   5.291   4.144   2.112   6.275   3.840 0.1561
198       1.393   4.666   1.487   0.937   5.237   2.751   1.726   6.493   3.102   1.073   4.095   4.002  -0.201   3.310   4.104 0.1403
295       0.920   5.796  -0.584   0.260   7.084  -0.781   1.139   8.032  -1.588  -0.132   7.785   0.717  -1.506   7.347   1.130 0.1149
208       3.545   1.860  -1.952   4.337   1.919  -3.177   3.618   2.718  -4.257   4.675   0.350  -3.741   5.965  -0.128  -3.144 0.1435
36        3.263   3.874  -1.692   3.729   4.242  -3.026   2.841   5.318  -3.641   3.773   2.875  -4.037   5.121   2.226  -3.942 0.2599
313       3.045   2.091   2.417   3.392   2.510   3.772   4.847   2.186   4.091   2.367   1.763   4.905   1.165   2.629   5.138 0.1218
184       3.006   2.019   2.433   4.081   1.828   3.402   5.168   0.916   2.844   3.467   1.184   4.851   3.079   2.303   5.771 0.1428
301      -0.557   4.612  -0.848  -1.310   5.832  -0.574  -2.789   5.528  -0.362  -1.120   6.945  -1.845   0.061   7.826  -1.565 0.1324
44        1.092   4.164  -1.335   0.435   5.233  -2.082  -0.047   6.338  -1.149  -0.871   4.616  -2.978  -0.393   4.203  -4.338 0.2426
82        1.238   3.884   1.667   0.925   4.469   2.968   2.158   4.505   3.864  -0.322   3.598   3.727  -1.647   4.186   3.345 0.1821
212       3.079   4.311   1.075   4.008   4.554   2.174   4.651   5.931   2.055   5.210   3.351   2.212   4.756   2.219   3.084 0.1353
445       1.629   5.344   0.691   1.244   6.454   1.558   1.900   7.754   1.109   1.658   6.118   3.172   0.512   5.427   3.849 0.1157
109      -0.567   4.500  -1.268  -1.437   5.660  -1.438  -2.556   5.664  -0.403  -2.093   5.685  -3.006  -1.185   6.458  -3.916 0.1733
229       0.084   5.270   0.752  -0.955   6.176   1.235  -0.382   7.553   1.547  -1.709   5.531   2.616  -2.883   4.695   2.200 0.1391
186       2.225   5.101   0.419   2.103   6.287   1.262   3.053   7.387   0.803   2.409   5.893   2.888   1.126   5.505   3.559 0.1389
64       -1.505   1.267  -3.551  -1.418   0.772  -4.922  -2.612   1.235  -5.749  -1.322  -0.925  -4.936   0.117  -1.345  -4.884 0.2161
135      -0.923   4.233   0.555  -1.808   5.093   1.336  -2.453   4.322   2.481  -3.008   5.771   0.340  -2.520   7.077  -0.213 0.1466
42        2.274   2.882   2.370   2.298   3.556   3.665   1.755   2.650   4.765   1.399   4.997   3.601   2.297   6.129   3.198 0.2527
280       0.942   5.435   0.823   0.307   6.602   1.429   0.593   7.863   0.621   0.839   6.802   3.031  -0.070   6.051   3.957 0.1410
147       0.105   4.601   0.107  -0.332   5.710   0.949  -1.468   5.285   1.872  -0.822   7.026  -0.010   0.353   7.921  -0.270 0.1443
226       4.582   1.121  -0.323   5.940   0.912  -0.818   5.935   0.101  -2.108   6.886   0.130   0.359   7.552   1.155   1.227 0.1426
26        1.881   5.320  -0.073   1.468   6.564   0.569   1.626   6.479   2.083  -0.143   6.932   0.170  -0.171   7.774  -1.071 0.3009
167       2.049   4.630  -1.516   1.398   5.600  -2.392   2.374   6.685  -2.831   0.060   6.301  -1.611  -1.168   5.489  -1.897 0.1685
181       2.332   4.642  -1.271   1.820   5.695  -2.144   2.815   6.024  -3.250   1.465   7.092  -1.243   0.042   7.037  -0.774 0.1540
25        2.786   2.144   2.365   3.898   1.413   2.966   3.781  -0.083   2.696   3.962   1.700   4.640   4.834   2.890   4.910 0.2634
166       3.369   3.746  -1.631   3.772   4.065  -2.998   4.617   5.333  -3.038   2.406   4.243  -3.994   2.053   2.917  -4.599 0.1413
164       1.317   5.324   0.755   0.782   6.409   1.573   1.886   7.368   2.002  -0.013   5.785   2.940  -1.460   5.557   2.617 0.1765
274       3.917   1.588  -1.477   4.906   1.571  -2.551   4.243   1.751  -3.911   5.789   0.118  -2.520   7.000   0.286  -1.652 0.1438
62        1.581   4.687  -1.597   0.988   5.723  -2.437   1.095   7.093  -1.778  -0.640   5.360  -2.766  -0.726   4.544  -4.022 0.2610
72        4.476   1.099   0.540   5.878   0.695   0.593   6.261  -0.119  -0.637   6.184  -0.202   2.005   6.596   0.727   3.108 0.1767
101       0.501   4.528   1.706  -0.318   5.058   2.792   0.080   6.490   3.129  -0.183   4.075   4.172  -1.241   3.012   4.134 0.1743
423       2.428   4.914   0.768   2.553   5.816   1.910   3.092   7.175   1.480   3.564   5.135   3.096   2.739   4.327   4.052 0.1289
61        0.605   5.773   0.307  -0.179   6.931   0.729  -0.879   6.666   2.057  -1.322   7.339  -0.462  -0.717   8.323  -1.419 0.2175
269      -0.609   4.380   0.677  -1.301   5.329   1.545  -2.061   4.607   2.651  -2.368   6.293   0.638  -1.651   7.523   0.166 0.1353
59        4.211   1.005   1.129   5.578   0.492   1.094   5.685  -0.721   0.176   6.100   0.087   2.660   6.755   1.278   3.293 0.2176
165       3.379   2.121   2.157   3.844   2.569   3.467   4.836   1.580   4.065   2.528   2.786   4.521   2.029   4.196   4.415 0.1715
72        4.888   2.284  -0.539   6.265   1.834  -0.717   6.967   2.631  -1.810   6.304   0.175  -1.090   6.398  -0.620   0.178 0.2395
170       3.862   3.596  -1.429   4.564   3.810  -2.691   5.355   5.113  -2.666   3.465   3.820  -3.988   3.306   2.427  -4.519 0.1362
61        3.804   1.483  -1.388   4.664   1.433  -2.567   5.993   0.758  -2.248   4.936   2.999  -3.170   3.878   3.337  -4.178 0.1900
39       -0.424   4.343   0.680  -0.994   5.261   1.663  -1.828   6.341   0.986   0.238   5.973   2.594   0.503   5.127   3.804 0.2803
117      -0.035   5.471  -0.393  -1.074   6.469  -0.633  -0.687   7.817  -0.037  -2.557   5.948   0.014  -3.312   5.175  -1.025 0.1655
75        2.471   2.340   2.453   2.037   2.963   3.700   3.229   3.297   4.590   0.958   1.944   4.529  -0.446   2.247   4.099 0.2134
77        2.496   3.256  -1.917   2.741   3.758  -3.266   1.887   4.987  -3.558   2.430   2.545  -4.416   3.686   1.766  -4.672 0.2071
119       2.962   4.335   1.205   3.778   4.547   2.397   3.299   5.763   3.181   5.413   4.734   1.972   6.086   3.394   1.969 0.1387
20        1.493   4.053   1.293   0.967   5.221   1.995  -0.554   5.274   1.908   1.637   6.647   1.358   2.892   6.987   2.107 0.2819
58        2.197   3.307  -2.342   3.305   3.554  -3.261   3.317   5.004  -3.729   3.209   2.509  -4.599   3.969   1.250  -4.306 0.1992
334       1.028   5.732  -0.990   0.434   6.995  -1.421   1.501   7.958  -1.929  -0.435   7.708  -0.146  -1.857   7.234  -0.184 0.1244
271      -0.464   4.031   1.327  -0.898   4.604   2.598  -1.710   3.597   3.405  -1.813   6.012   2.333  -0.903   7.203   2.313 0.1224
168       3.705   1.670  -1.637   4.621   1.582  -2.771   4.934   2.964  -3.333   3.966   0.592  -3.988   4.394  -0.828  -3.762 0.1645
184       3.482   2.124   1.864   4.017   2.582   3.142   5.532   2.419   3.194   3.295   1.734   4.427   2.068   2.466   4.882 0.1470
194       2.113   4.788   1.522   2.294   5.221   2.904   1.091   6.022   3.390   3.712   6.146   3.057   4.866   5.244   3.378 0.1486
39       -2.524   1.518  -2.410  -3.001   0.922  -3.655  -3.665   1.966  -4.545  -4.090  -0.343  -3.327  -3.335  -1.633  -3.208 0.2638
39        0.838   3.904   1.803  -0.049   5.064   1.805  -0.062   5.744   3.169  -1.627   4.606   1.366  -1.783   4.713  -0.121 0.2705
102       2.486   2.145   2.694   2.658   2.444   4.112   3.930   1.807   4.657   1.310   1.906   4.999   0.292   3.005   5.076 0.1564
57       -2.395   1.789  -2.768  -2.773   1.445  -4.136  -3.545   2.583  -4.795  -3.704   0.022  -4.154  -2.799  -1.165  -4.297 0.1883
72        2.211   2.596   2.549   1.616   3.305   3.679   2.442   3.111   4.945   0.021   2.777   3.936  -0.922   3.628   3.138 0.1676
233       3.946   1.463  -1.379   4.956   1.352  -2.428   4.641   2.280  -3.595   5.070  -0.254  -2.975   6.093  -0.989  -2.160 0.1355
142       2.670   2.303  -2.385   3.842   2.072  -3.226   3.763   2.886  -4.512   3.993   0.418  -3.591   4.836  -0.249  -2.545 0.1746
101      -0.266   3.953   1.397  -0.736   4.644   2.595  -0.190   3.988   3.857  -2.435   4.668   2.637  -2.935   5.902   1.947 0.1707
92        1.899   3.726   1.706   2.115   4.239   3.056   3.569   4.071   3.482   1.089   3.452   4.161  -0.200   4.210   4.273 0.1905
79        1.138   3.741   2.184   1.520   4.301   3.477   2.876   3.768   3.927   0.338   3.950   4.648  -0.681   5.050   4.675 0.2082
51        1.399   3.777   1.927   1.152   4.101   3.328   2.428   4.573   4.016   0.513   2.754   4.145  -0.984   2.782   4.061 0.2129
124      -0.026   4.611   0.944  -0.244   5.584   2.011  -1.451   5.204   2.861  -0.454   7.141   1.361   0.877   7.823   1.257 0.1711
252       2.332   4.521   1.495   2.606   4.883   2.883   2.943   6.364   3.008   3.879   3.941   3.501   3.323   2.695   4.125 0.1230
173       4.693   1.993  -0.852   5.962   1.484  -1.363   6.995   2.599  -1.476   5.738   0.741  -2.875   5.440  -0.716  -2.678 0.1817
64        2.379   3.424  -2.289   2.297   3.644  -3.730   2.845   5.015  -4.108   0.689   3.492  -4.263   0.423   2.067  -4.647 0.2255
138       4.004   2.986  -1.793   4.830   2.830  -2.987   5.700   4.060  -3.217   3.855   2.543  -4.350   3.651   1.067  -4.518 0.1558
268       0.173   4.028   1.594   0.125   4.574   2.947  -0.753   3.719   3.853  -0.446   6.174   2.921   0.711   7.117   2.776 0.1249
18       -3.215   1.614  -0.079  -4.294   1.336  -1.023  -5.550   2.124  -0.670  -4.640  -0.329  -1.054  -3.796  -0.996  -2.099 0.2146
70        1.670   3.630  -1.986   1.286   4.234  -3.258   0.851   5.683  -3.069   0.037   3.340  -3.987   0.630   2.284  -4.873 0.2642
420      -0.799   4.483  -0.560  -1.694   5.570  -0.173  -2.901   5.040   0.592  -2.205   6.435  -1.544  -1.249   7.559  -1.811 0.1134
78        3.015   2.406   2.319   3.315   3.014   3.612   3.665   1.953   4.649   1.998   3.944   4.151   2.145   5.353   3.658 0.2136
64        4.264   2.059  -1.248   5.281   1.392  -2.055   6.431   2.337  -2.381   4.598   0.788  -3.490   4.115  -0.614  -3.263 0.2365
249       2.037   4.777   1.277   1.966   5.451   2.571   1.370   6.847   2.431   3.510   5.545   3.277   3.747   4.331   4.124 0.1456
299       3.108   4.359  -1.376   3.141   5.241  -2.538   4.400   6.101  -2.538   1.759   6.230  -2.573   0.674   5.546  -3.349 0.1142
126      -0.904   4.441   0.050  -1.853   5.463   0.483  -2.523   5.070   1.794  -3.030   5.725  -0.717  -2.564   6.807  -1.645 0.1542
136       0.828   5.585  -1.355   0.207   6.690  -2.079   1.046   7.958  -1.972  -1.362   6.978  -1.490  -2.346   6.154  -2.265 0.1710
192       1.997   5.243  -0.962   1.543   6.615  -1.171   2.693   7.513  -1.612   0.835   7.228   0.248  -0.635   6.931   0.242 0.1362
110       2.085   2.983  -2.455   3.170   2.878  -3.426   3.363   4.190  -4.178   2.865   1.616  -4.524   3.454   0.342  -3.998 0.1817
15       -0.092  -0.165  -3.769   0.240  -1.462  -4.351   1.013  -1.297  -5.654  -1.172  -2.370  -4.621  -1.476  -3.195  -3.405 0.3901
352       3.395   3.983  -1.697   3.687   4.525  -3.021   4.675   5.682  -2.935   2.255   5.036  -3.782   1.676   3.901  -4.572 0.1218
277       2.504   4.334  -1.581   2.158   5.109  -2.770   3.386   5.803  -3.349   0.959   6.256  -2.402  -0.396   5.651  -2.622 0.1350
61        0.918   3.932   2.027   1.402   4.351   3.339   0.561   3.740   4.454   1.391   6.046   3.463   2.710   6.590   3.003 0.1786
71        1.736   3.419   2.336   2.609   3.641   3.485   3.170   2.325   4.010   1.769   4.451   4.721   1.925   5.932   4.544 0.2132
24        0.671   4.029  -1.900  -0.055   5.272  -2.145   0.697   6.161  -3.128  -0.315   6.105  -0.686  -1.620   5.671  -0.089 0.2755
45        2.387   2.732   2.418   1.864   3.505   3.542   2.871   4.550   4.005   1.457   2.475   4.832   0.027   2.043   4.696 0.2047
42       -1.136   1.088  -3.831  -0.936   0.486  -5.146  -1.641   1.291  -6.232  -1.494  -1.120  -5.155  -0.377  -2.040  -4.762 0.2349
159      -0.273   4.388  -0.959  -1.101   5.530  -0.583  -2.543   5.105  -0.336  -1.043   6.728  -1.788   0.082   7.676  -1.498 0.1377
340       2.260   4.790   1.277   2.452   5.384   2.597   2.395   6.905   2.528   3.936   4.886   3.262   3.732   3.629   4.055 0.1175
57        1.142   4.840  -0.063   0.157   5.847   0.322   0.826   7.184   0.618  -0.726   5.324   1.678  -1.941   4.571   1.223 0.2278
147       2.013   4.984   0.178   1.509   6.166   0.872   2.568   7.259   0.936   0.996   5.758   2.442  -0.454   5.379   2.411 0.1588
215       2.903   4.148   1.397   3.606   4.209   2.675   4.207   5.591   2.905   4.825   3.025   2.740   4.262   1.760   3.315 0.1532
74       -0.053   5.016   1.274  -1.029   5.945   1.836  -0.391   6.836   2.896  -2.342   5.094   2.503  -3.397   4.902   1.454 0.1992
24        3.545   1.728  -1.597   4.087   1.844  -2.948   5.545   2.286  -2.918   3.164   2.939  -3.865   2.062   2.202  -4.564 0.2077
81        2.116   5.052   0.230   1.577   6.278   0.813   1.122   7.247  -0.272   2.737   7.021   1.810   2.596   6.506   3.211 0.1694
59        4.299   1.132   0.318   5.543   0.760  -0.350   5.469  -0.660  -0.898   6.856   0.905   0.720   7.428   2.289   0.625 0.2220
111       1.828   2.980  -2.754   1.525   3.849  -3.887   0.170   4.526  -3.714   1.553   2.963  -5.338   2.936   2.993  -5.916 0.1820
170       2.599   2.468  -2.518   3.665   2.404  -3.514   3.118   1.993  -4.876   4.875   1.317  -3.019   5.911   2.052  -2.221 0.1374
84        2.891   2.365   2.227   2.834   2.982   3.549   4.219   3.421   4.010   2.159   1.905   4.678   0.672   2.096   4.723 0.1602
101       2.747   4.240   1.448   3.339   4.384   2.775   2.911   5.693   3.428   5.035   4.307   2.680   5.480   2.883   2.833 0.1500
63       -0.678   4.255   0.818  -1.484   5.156   1.636  -1.422   4.763   3.108  -3.097   5.160   1.101  -3.277   6.230   0.065 0.2084
88        0.034   4.482  -0.261  -0.553   5.665   0.362  -1.194   5.319   1.701  -1.705   6.370  -0.671  -1.035   7.385  -1.547 0.1686
59        0.744   4.453  -1.683  -0.234   5.187  -2.481  -0.044   6.692  -2.332  -1.814   4.751  -2.031  -2.270   3.592  -2.867 0.2658
160       0.979   5.245   1.048   0.327   6.235   1.901   0.020   7.511   1.125   1.301   6.591   3.248   0.958   5.661   4.373 0.1623
319       2.105   5.022   0.708   1.929   6.034   1.745   2.890   7.200   1.544   2.156   5.351   3.285   0.844   4.846   3.807 0.1230
126       3.926   1.808   1.097   4.924   1.971   2.151   5.745   0.700   2.331   4.174   2.393   3.617   4.083   3.886   3.720 0.1829
42        0.675   5.323   1.572   2.051   5.768   1.370   3.043   4.774   1.964   2.285   7.306   2.057   1.984   8.361   1.035 0.2591
187       2.849   4.522  -1.117   2.819   5.540  -2.164   4.226   6.008  -2.514   1.867   6.862  -1.678   0.447   6.639  -2.104 0.1209
211       0.778   4.697   1.506   0.089   5.419   2.571   0.293   6.923   2.437   0.631   4.890   4.094  -0.222   3.749   4.560 0.1549
95        2.777   4.763  -0.418   2.595   6.205  -0.282   3.903   6.949  -0.523   1.985   6.583   1.260   0.485   6.579   1.219 0.1718
120       3.294   4.264   1.066   4.531   4.379   1.833   4.765   5.816   2.283   5.853   3.833   0.914   6.055   2.366   1.151 0.1813
28        0.201   3.825   1.876   0.096   4.347   3.235  -1.281   4.950   3.487   1.303   5.510   3.519   2.528   4.837   4.063 0.3019
59        1.967   3.175   2.395   1.412   4.208   3.266   2.493   4.819   4.149   0.166   3.567   4.228  -1.145   3.718   3.514 0.2202
280       0.458   5.696  -0.435  -0.412   6.852  -0.625   0.298   8.144  -0.237  -1.840   6.677   0.282  -2.878   5.984  -0.550 0.1414
167       0.060   5.396   0.481  -1.013   6.345   0.764  -0.460   7.645   1.335  -2.137   5.665   1.844  -3.210   4.958   1.071 0.1478
213       1.889   5.271   0.215   1.513   6.495   0.915   1.507   7.689  -0.033   2.571   6.786   2.213   2.037   6.128   3.450 0.1495
73        3.485   2.115  -1.621   4.910   1.812  -1.529   5.714   2.654  -2.513   5.185   0.159  -1.815   5.126  -0.590  -0.517 0.2343
203       2.263   4.945   0.867   2.217   5.847   2.015   1.411   7.100   1.696   3.791   6.273   2.497   4.284   5.290   3.517 0.1292
59        3.087   2.279  -2.581   3.601   2.629  -3.902   3.293   4.082  -4.243   2.945   1.600  -5.086   3.832   0.404  -5.256 0.1870
85        0.065   4.272  -2.146  -0.592   5.484  -2.626  -2.039   5.550  -2.149  -0.534   5.560  -4.323   0.710   6.281  -4.749 0.1931
80        0.533   4.074  -2.097  -0.098   5.315  -2.539  -0.861   5.979  -1.399  -1.145   5.016  -3.845  -0.389   5.152  -5.133 0.1900
511       1.742   4.982   1.157   1.488   5.856   2.299   1.830   7.304   1.968   2.381   5.340   3.651   1.565   4.365   4.446 0.1247
481       0.290   5.339   0.671  -0.617   6.407   1.080  -0.024   7.778   0.774  -0.972   6.282   2.738  -2.188   5.424   2.926 0.1268
116       2.258   4.666   0.919   2.098   5.493   2.111   3.399   6.203   2.466   1.573   4.547   3.423   0.074   4.526   3.456 0.1786
214       0.464   5.048   1.257  -0.431   5.781   2.148   0.110   7.174   2.446  -0.659   4.922   3.598  -1.840   4.007   3.457 0.1359
58        1.763   2.667   2.655   1.235   3.391   3.808   1.415   2.587   5.090  -0.408   3.760   3.576  -0.531   5.097   2.907 0.2027
160       2.660   4.526   0.877   2.965   5.236   2.115   4.268   6.017   1.994   3.056   4.146   3.417   1.702   4.002   4.044 0.1718
27        0.732   1.116  -3.422   0.970   0.674  -4.793   0.844  -0.840  -4.912   2.508   1.175  -5.319   2.401   2.525  -5.963 0.3590
70        0.342   4.040   2.221   0.185   4.796   3.460   1.340   4.527   4.417  -1.293   4.410   4.208  -2.361   5.341   3.715 0.1944
56        1.113   4.400   1.049   0.484   5.349   1.963   1.384   5.639   3.158  -1.018   4.755   2.493  -2.097   5.216   1.558 0.2301
198       1.044   4.561   1.775   0.524   5.073   3.040   0.923   6.530   3.248   1.079   4.125   4.337   0.107   3.012   4.595 0.1337
134       2.853   4.136   1.392   3.527   4.297   2.678   3.623   5.767   3.067   5.078   3.604   2.625   4.999   2.167   3.049 0.1469
85        2.422   4.614   1.301   2.760   5.076   2.644   4.253   5.358   2.768   2.285   3.926   3.803   0.884   4.216   4.251 0.2023
37        4.146   1.718   0.905   5.263   1.796   1.843   6.574   2.063   1.114   5.380   0.360   2.746   4.558   0.486   3.994 0.2336
15       -3.215   2.095   1.186  -4.502   1.950   0.513  -5.438   3.102   0.861  -5.225   0.467   0.926  -4.797  -0.587  -0.051 0.3502
46        1.295   5.509   0.330   0.763   6.740   0.906  -0.200   6.440   2.049  -0.018   7.665  -0.288   0.968   8.600  -0.921 0.2284
132       4.420   2.877  -0.787   5.590   2.606  -1.619   6.620   3.723  -1.497   5.130   2.412  -3.244   4.831   0.966  -3.510 0.1535
105       4.531   1.152  -0.254   5.901   0.754  -0.564   6.078   0.511  -2.058   6.325  -0.643   0.308   6.928  -0.248   1.623 0.1927
40        4.801   1.404   0.655   6.134   0.925   1.009   7.151   2.060   0.981   6.618  -0.318  -0.046   6.189  -1.642   0.512 0.2607
81        3.525   4.074   0.645   4.926   4.175   1.043   5.418   5.615   0.960   5.893   3.170   0.070   5.997   1.814   0.701 0.2133
181       3.497   4.106  -0.891   4.175   4.721  -2.028   4.899   5.996  -1.613   3.063   5.059  -3.269   2.970   3.880  -4.192 0.1607
95        0.039   4.410  -0.956  -0.685   5.656  -0.722  -1.854   5.440   0.233  -1.244   6.304  -2.191  -0.205   7.224  -2.759 0.1726
203       2.205   4.552   1.236   2.199   5.124   2.579   3.230   6.240   2.706   2.500   3.918   3.739   1.200   3.317   4.184 0.1241
98        2.174   2.665  -2.753   1.989   3.346  -4.031   0.510   3.560  -4.330   2.715   2.458  -5.286   4.136   2.906  -5.458 0.1850
257       2.666   2.245  -2.609   3.603   2.152  -3.725   2.971   2.661  -5.015   4.130   0.548  -3.925   5.364   0.321  -3.105 0.1277
282       1.472   5.248   1.520   1.226   6.137   2.652   1.329   7.599   2.234   2.322   5.812   3.910   1.739   4.777   4.826 0.1402
252       3.188   4.290  -1.050   3.571   5.106  -2.198   4.662   6.103  -1.824   2.219   5.927  -2.820   1.559   5.082  -3.869 0.1330
83        1.329   4.507   1.360   0.818   5.224   2.525   1.913   6.056   3.182   0.159   4.133   3.651  -1.298   3.932   3.359 0.1697
150       2.276   2.540  -2.706   3.079   2.542  -3.926   2.408   3.360  -5.023   3.345   0.952  -4.464   4.606   0.421  -3.849 0.1589
94        2.986   2.108  -2.310   3.186   2.522  -3.696   1.943   2.252  -4.535   4.527   1.721  -4.366   5.765   2.535  -4.132 0.1675
182      -0.821   4.341   0.091  -1.663   5.246   0.868  -2.852   4.508   1.472  -2.208   6.531  -0.104  -1.229   7.665  -0.028 0.1459
52        3.355   4.075   0.877   4.634   3.998   1.579   4.785   5.145   2.571   5.921   4.013   0.468   6.258   2.605   0.074 0.2175
103       2.435   4.991  -1.287   2.184   6.324  -1.829   3.488   7.014  -2.214   1.334   7.272  -0.702  -0.141   7.103  -0.919 0.1607
109       2.995   2.574  -1.999   4.404   2.313  -2.278   4.678   2.327  -3.777   4.873   0.820  -1.613   5.375   1.030  -0.216 0.1717
195       2.926   1.899  -2.244   3.103   2.188  -3.664   1.780   2.574  -4.315   3.775   0.845  -4.463   5.271   0.948  -4.440 0.1499
91        2.781   3.513  -2.052   2.919   3.841  -3.468   4.168   4.678  -3.719   1.542   4.670  -4.022   0.536   3.682  -4.534 0.1748
131       2.986   1.904  -2.297   3.208   2.224  -3.704   2.138   3.175  -4.226   3.233   0.804  -4.639   4.638   0.285  -4.722 0.1595
40        1.812   2.944  -2.583   1.303   3.794  -3.655   0.195   3.093  -4.432   2.562   4.238  -4.708   3.184   5.517  -4.233 0.2694
18        2.764   2.102   2.414   3.973   1.819   3.182   3.698   1.876   4.680   5.206   2.915   2.773   6.013   2.360   1.637 0.3059
254       1.903   5.308   0.539   1.711   6.520   1.330   2.291   7.737   0.620   2.423   6.346   2.864   1.417   5.778   3.821 0.1441
68       -0.630   4.942  -0.955  -1.494   6.030  -0.508  -2.888   5.907  -1.112  -0.813   7.534  -0.913   0.061   8.006   0.211 0.2084
52        0.052   4.316  -0.560  -0.687   5.336   0.180  -1.582   4.704   1.239  -1.618   6.282  -0.882  -0.810   7.458  -1.343 0.1830
22        0.787   0.111   4.020   0.030   0.348   5.246   0.640  -0.406   6.422  -1.594  -0.110   5.038  -2.384   1.062   4.538 0.4024
41        3.197   2.414  -2.045   4.488   2.404  -2.727   4.697   1.100  -3.488   5.750   2.636  -1.611   6.035   4.103  -1.476 0.2322
123       3.944   1.722  -1.701   4.923   1.760  -2.784   4.695   2.966  -3.687   4.856   0.327  -3.696   5.805  -0.679  -3.116 0.1704
325       0.854   5.800   0.350   0.213   7.088   0.597   0.997   8.224  -0.050   0.059   7.363   2.268  -1.256   6.821   2.744 0.1159
318       0.660   5.533  -0.367  -0.184   6.725  -0.390   0.632   7.969  -0.720  -0.973   6.923   1.103  -2.291   6.208   1.071 0.1216
19        2.984   2.323   2.298   3.305   2.774   3.649   2.086   2.688   4.561   3.897   4.367   3.618   5.389   4.343   3.466 0.2658
75       -0.345   5.216  -0.681  -1.393   6.097  -1.188  -1.522   7.348  -0.326  -2.880   5.276  -1.251  -3.033   4.620  -2.591 0.2536
42        3.548   1.637  -1.706   4.190   1.739  -3.013   5.193   0.610  -3.221   4.963   3.244  -3.178   4.006   4.235  -3.771 0.2032
119       3.552   1.873   1.536   4.166   2.131   2.836   5.512   1.426   2.956   3.132   1.631   4.090   2.240   2.770   4.486 0.1487
218       1.444   5.367  -0.147   0.789   6.618   0.224   1.777   7.778   0.217   0.066   6.476   1.757  -1.345   5.992   1.601 0.1376
312       2.118   5.040   0.574   1.931   6.130   1.527   2.148   7.484   0.862   2.988   5.953   2.846   2.320   5.142   3.917 0.1341
233       2.601   4.333  -1.567   2.240   5.091  -2.762   3.307   6.125  -3.100   0.735   5.853  -2.549  -0.359   4.940  -3.016 0.1456
86       -0.253   3.984   1.381  -0.580   4.457   2.723  -1.892   3.856   3.213  -0.670   6.155   2.748   0.680   6.722   3.072 0.1730
272       2.732   4.571  -1.082   2.528   5.658  -2.036   3.648   6.688  -1.942   1.024   6.405  -1.771  -0.025   5.723  -2.598 0.1326
52        5.021   2.337   1.337   6.189   2.088   2.178   7.375   2.936   1.735   6.605   0.440   2.142   5.883  -0.282   3.241 0.2475
235       1.302   5.425  -0.602   0.678   6.744  -0.658   1.594   7.757  -1.335   0.273   7.276   0.905  -1.119   6.830   1.240 0.1282
54        0.217  -0.146  -4.017   0.737  -1.310  -4.729   1.856  -0.914  -5.684  -0.510  -2.090  -5.582  -1.139  -3.131  -4.706 0.2495
117       4.045   1.663   0.645   5.228   1.610   1.499   6.220   0.567   0.998   4.785   1.270   3.105   4.536   2.554   3.838 0.1653
242       2.985   2.211   2.316   3.047   2.779   3.660   4.187   2.165   4.463   1.571   2.547   4.471   0.669   3.718   4.213 0.1234
37        1.768   3.813   2.178   1.115   5.002   2.719   2.112   6.140   2.902   0.361   4.643   4.199  -1.051   4.203   3.948 0.2507
155       2.883   4.385   1.041   3.525   4.850   2.267   4.478   6.005   1.983   4.361   3.575   3.019   3.446   2.873   3.978 0.1371
108       1.317   4.512   1.729   0.955   5.081   3.024   0.706   6.581   2.915   2.174   4.774   4.169   1.892   3.475   4.863 0.1841
255       2.930   2.284  -2.206   4.182   2.147  -2.944   3.965   2.354  -4.438   4.873   0.620  -2.661   5.789   0.697  -1.476 0.1404
77       -0.223   4.399   0.454  -0.771   5.421   1.341  -0.316   5.201   2.779  -2.469   5.428   1.261  -2.915   6.377   0.188 0.1775
87        1.776   2.754   2.626   1.203   3.536   3.717   1.732   3.065   5.067  -0.494   3.440   3.689  -1.044   4.550   2.844 0.1497
31        0.320   4.030  -1.840   0.366   4.654  -3.160  -0.784   5.638  -3.342   0.319   3.469  -4.378   1.718   3.053  -4.725 0.2723
137       4.201   1.563  -0.848   5.427   1.433  -1.631   5.287   2.114  -2.987   5.826  -0.207  -1.840   6.710  -0.654  -0.714 0.1714
301       3.068   2.202   2.298   3.259   2.743   3.641   4.620   2.350   4.203   2.023   2.205   4.678   0.883   3.179   4.643 0.1127
90        1.208   4.941   0.957   0.641   5.958   1.838   1.728   6.642   2.658  -0.521   5.268   2.870  -1.871   5.336   2.220 0.2110
63        0.233   4.216  -1.392  -0.516   5.469  -1.425  -1.235   5.713  -0.104  -1.636   5.457  -2.705  -0.993   6.018  -3.938 0.1615
152       2.099   4.445   1.451   2.043   5.013   2.795   3.257   5.891   3.072   1.940   3.776   3.957   0.498   3.460   4.225 0.1601
72        2.687   4.057   1.515   3.186   4.039   2.887   4.291   5.070   3.083   3.756   2.489   3.290   2.636   1.681   3.877 0.1722
157       1.608   5.386   1.580   1.463   6.355   2.663   1.206   7.754   2.117   2.850   6.358   3.646   2.680   5.363   4.755 0.1588
178       3.228   2.309  -1.821   4.632   2.206  -2.206   4.867   2.801  -3.590   5.138   0.583  -2.176   5.673   0.251  -0.815 0.1447
30        0.976   3.234  -2.494   0.018   4.172  -3.073  -1.340   4.062  -2.390  -0.145   3.896  -4.743   0.852   4.732  -5.488 0.2115
177       2.781   4.271   1.252   3.299   4.521   2.594   4.273   5.693   2.597   4.060   3.129   3.205   3.056   2.293   3.943 0.1287
95        1.160   3.465   2.242   1.769   3.528   3.568   1.908   2.137   4.174   0.850   4.523   4.595   1.345   5.935   4.499 0.1685
279       0.458   4.988   1.388  -0.346   5.857   2.242   0.195   7.281   2.241  -0.391   5.251   3.830  -1.560   4.324   3.979 0.1264
207       2.740   4.129  -2.467   2.692   4.708  -3.806   3.700   5.843  -3.950   1.126   5.271  -4.154   0.332   4.173  -4.796 0.1314
153       2.670   4.062  -2.590   2.726   4.561  -3.961   3.346   5.953  -4.012   1.170   4.590  -4.646   0.899   3.281  -5.325 0.1643
184       2.210   4.413   1.528   2.407   4.668   2.952   2.955   6.070   3.189   3.456   3.510   3.622   2.659   2.343   4.124 0.1538
69        3.376   3.067  -1.659   4.130   3.188  -2.904   3.932   4.562  -3.533   3.667   1.973  -3.998   4.535   0.765  -3.801 0.1989
321       1.331   4.860   1.551   0.934   5.587   2.754   0.942   7.092   2.513   1.964   5.198   4.050   1.407   4.021   4.795 0.1489
126       0.210   3.863   1.825   0.216   4.252   3.233   0.062   3.037   4.139  -1.025   5.372   3.543  -0.505   6.764   3.341 0.1576
52        2.216   2.860  -2.547   3.105   3.036  -3.692   2.601   2.258  -4.902   4.684   2.544  -3.298   5.450   3.713  -2.753 0.2379
108       2.325   4.290  -1.601   1.881   4.996  -2.799   2.576   6.346  -2.930   0.194   5.209  -2.771  -0.469   4.038  -3.434 0.1582
181       2.135   4.496   1.589   2.294   4.862   2.993   2.130   6.365   3.191   3.814   4.361   3.568   3.704   2.974   4.128 0.1432
36        1.335   3.640  -2.370   2.085   3.835  -3.608   2.327   5.316  -3.875   1.259   3.133  -4.918   1.703   1.710  -5.084 0.2394
61        1.091   4.170   1.140   0.761   5.110   2.207   1.663   4.904   3.418  -0.869   4.945   2.660  -1.714   5.867   1.832 0.2077
85        3.319   3.794  -1.340   3.881   4.151  -2.640   4.218   5.636  -2.704   2.797   3.745  -3.886   3.072   2.346  -4.352 0.1721
178       3.081   1.936  -2.287   3.419   2.220  -3.679   2.165   2.317  -4.540   4.457   1.022  -4.294   5.882   1.424  -4.054 0.1480
82        3.419   3.936   0.896   4.643   3.909   1.692   5.511   5.129   1.404   5.519   2.485   1.385   5.087   1.416   2.344 0.1848
25        2.816   4.059   2.339   2.926   4.458   3.739   1.639   4.158   4.498   3.300   6.113   3.857   4.789   6.289   3.877 0.2846
291       0.766   5.823  -0.160   0.060   7.101  -0.128   0.630   8.070  -1.157   0.144   7.786   1.426  -1.028   7.323   2.240 0.1268
69       -0.193   4.566   1.589  -1.126   5.396   2.345  -0.481   6.715   2.753  -1.677   4.566   3.723  -2.918   3.798   3.381 0.2227
17        4.890   2.941   1.430   5.924   2.977   2.460   6.677   1.654   2.527   5.241   3.338   3.974   5.237   4.823   4.181 0.3148
164       2.832   4.606   1.046   3.551   5.159   2.191   4.294   6.434   1.809   4.640   4.014   2.817   3.955   3.196   3.871 0.1523
190      -0.670   4.169   0.895  -1.283   4.832   2.043  -2.381   3.970   2.653  -1.913   6.344   1.588  -0.862   7.399   1.767 0.1299
79        2.361   2.849   2.427   2.018   3.746   3.528   2.414   3.142   4.870   0.354   4.094   3.513   0.106   5.316   2.679 0.1941
60        2.283   2.709   2.557   2.184   3.438   3.818   2.043   2.481   4.996   0.868   4.514   3.779   1.324   5.843   3.254 0.1923
56       -0.540   4.063   1.206  -1.255   4.879   2.183  -0.648   4.728   3.573  -2.902   4.457   2.217  -3.654   5.300   1.230 0.1904
198       1.997   5.142   1.270   2.100   5.927   2.497   1.893   7.411   2.219   3.611   5.677   3.236   3.516   4.527   4.193 0.1360
67        1.234   3.289  -2.563   0.537   4.304  -3.346  -0.967   4.252  -3.099   0.862   4.102  -5.003   2.074   4.904  -5.376 0.1851
312       0.563   5.743  -0.191  -0.287   6.929  -0.129   0.387   8.122  -0.796  -0.668   7.302   1.486  -1.932   6.597   1.877 0.1190
51        2.953   2.741  -2.129   4.354   2.580  -2.508   4.958   3.905  -2.957   4.505   1.422  -3.743   4.700   0.065  -3.136 0.2031
215       1.758   5.490  -0.794   1.320   6.883  -0.840   2.350   7.759  -1.544   1.035   7.467   0.731  -0.396   7.217   1.105 0.1315
49        2.678   4.738   1.005   3.285   5.212   2.245   4.660   4.589   2.457   2.277   4.865   3.569   1.341   6.013   3.800 0.2724
46        4.314   1.421  -0.190   5.604   1.294  -0.863   6.675   0.786   0.095   6.075   2.786  -1.528   5.557   2.894  -2.931 0.2245
223      -0.291   4.072   1.356  -0.674   4.722   2.606  -1.095   3.697   3.652  -1.935   5.831   2.336  -1.356   7.179   2.021 0.1335
51        0.861   3.632  -2.865   0.446   4.608  -3.868  -0.107   5.868  -3.212  -0.717   3.933  -4.908  -0.030   3.292  -6.077 0.2146
18        3.396   2.628  -1.166   4.747   2.705  -1.715   5.535   1.436  -1.411   5.563   4.061  -1.094   5.326   5.240  -1.990 0.3196
237       2.552   4.708   0.901   2.831   5.445   2.131   3.753   6.629   1.863   3.525   4.417   3.293   2.441   3.798   4.124 0.1310
24        4.528   1.303   1.449   5.961   1.085   1.625   6.320  -0.385   1.435   6.458   1.612   3.163   6.869   3.053   3.088 0.2913
71        2.267   3.837   1.803   2.546   4.079   3.215   3.715   5.042   3.386   2.875   2.615   4.015   1.597   2.040   4.551 0.2167
205       0.769   5.756  -0.939   0.168   6.981  -1.460   1.213   8.079  -1.621  -1.081   7.510  -0.436  -2.379   6.900  -0.874 0.1498
223       2.174   4.590  -2.251   1.867   5.483  -3.365   3.021   6.442  -3.633   0.444   6.357  -3.051  -0.737   5.594  -3.572 0.1426
317       2.749   4.516   1.224   3.310   4.968   2.494   3.803   6.407   2.395   4.581   3.948   2.978   4.035   2.835   3.822 0.1156
100      -0.376   3.944   1.394  -0.727   4.351   2.752  -1.769   3.415   3.354  -1.304   5.950   2.762  -0.157   6.894   2.968 0.1359
28        3.053   2.251  -2.475   3.348   2.767  -3.808   4.850   2.786  -4.069   2.704   4.329  -3.996   1.309   4.232  -4.539 0.2158
10       -3.268   2.589  -0.297  -4.275   2.567  -1.354  -4.313   3.892  -2.105  -5.808   2.220  -0.705  -6.030   0.737  -0.709 0.3362
88        4.144   1.303  -0.796   5.248   0.997  -1.701   6.593   1.229  -1.025   5.135   1.937  -3.113   4.325   1.203  -4.140 0.2001
58        1.729   3.102  -2.574   2.646   3.055  -3.710   1.991   3.613  -4.968   3.169   1.460  -3.984   4.419   1.202  -3.195 0.2378
240       1.574   5.439  -0.156   1.050   6.747   0.223   2.036   7.856  -0.125   0.692   6.785   1.885  -0.727   6.353   2.101 0.1225
179       2.727   4.624   1.071   3.212   5.224   2.311   2.774   6.679   2.425   4.907   5.116   2.399   5.292   3.835   3.078 0.1280
226      -0.727   4.381  -1.182  -1.676   5.490  -1.132  -3.000   5.053  -0.516  -1.937   6.117  -2.691  -0.948   7.211  -2.962 0.1163
284       1.335   5.163   0.891   0.787   6.141   1.825   1.706   7.350   1.956   0.537   5.431   3.350  -0.848   4.861   3.414 0.1318
132       2.126   2.541  -2.727   1.633   3.186  -3.940   0.244   2.676  -4.307   2.709   2.925  -5.231   3.720   4.032  -5.270 0.1924
190       1.243   5.352  -1.194   0.500   6.555  -1.556   1.439   7.739  -1.762  -0.651   6.925  -0.361  -1.947   6.244  -0.687 0.1454
104       4.508   2.574  -1.271   5.718   2.315  -2.046   6.152   3.556  -2.818   5.470   1.019  -3.119   5.844  -0.267  -2.443 0.1950
19        0.872   4.854   2.160   2.245   4.537   2.544   2.423   3.038   2.758   2.678   5.383   3.953   3.279   6.705   3.578 0.2556
175       0.249   5.743  -0.133  -0.612   6.919  -0.218  -0.037   7.951  -1.182  -0.822   7.612   1.320  -2.023   7.005   1.982 0.1320
216       3.112   4.313  -1.094   3.439   5.141  -2.252   4.751   5.888  -2.039   2.184   6.243  -2.566   1.200   5.624  -3.513 0.1193
186       2.891   4.563   0.865   3.537   5.201   2.008   3.843   6.666   1.718   4.966   4.377   2.420   4.655   3.306   3.422 0.1360
135       1.378   5.316   1.024   0.993   6.145   2.162  -0.270   6.943   1.859   2.260   7.197   2.585   3.145   6.532   3.598 0.1606
59        3.896   3.871   0.413   5.330   3.934   0.146   5.884   5.321   0.451   5.652   3.520  -1.471   5.881   2.041  -1.572 0.2179
109       2.795   2.226   2.346   2.959   2.683   3.723   3.949   1.804   4.479   1.460   2.697   4.526   0.810   4.036   4.349 0.1695
93        4.438   2.215  -1.671   5.462   1.671  -2.560   6.176   2.782  -3.320   4.772   0.566  -3.653   4.809  -0.811  -3.062 0.1967
167       3.033   4.202  -1.131   3.341   4.886  -2.383   4.805   5.308  -2.432   2.336   6.243  -2.580   1.092   5.841  -3.315 0.1162
73        1.718   2.729   2.624   1.354   3.433   3.850   2.263   3.029   5.005  -0.270   3.126   4.251  -1.147   4.160   3.611 0.1541
163       3.508   1.851  -1.881   4.166   2.057  -3.168   3.181   1.900  -4.320   5.459   0.968  -3.354   6.715   1.586  -2.816 0.1563
209       1.348   4.862   1.241   0.829   5.637   2.364   1.732   6.825   2.675   0.667   4.652   3.740  -0.704   4.043   3.761 0.1331
76       -2.437   1.848  -2.753  -2.875   1.614  -4.126  -4.021   2.545  -4.503  -3.349  -0.006  -4.330  -2.167  -0.823  -4.758 0.2068
32        4.027   1.368  -0.496   5.227   1.055   0.275   6.468   1.069  -0.610   5.068  -0.459   1.032   4.460  -0.277   2.391 0.2962
10        0.367   1.837  -3.353   0.521   1.435  -4.748   1.644   0.417  -4.906   0.823   2.793  -5.726  -0.478   3.354  -6.219 0.3548
197       3.336   1.843  -2.132   3.852   2.083  -3.477   3.173   3.288  -4.118   3.635   0.705  -4.450   4.841  -0.179  -4.340 0.1419
181       0.113   4.362   1.504   0.028   5.125   2.746  -0.888   4.437   3.752  -0.526   6.702   2.436   0.646   7.601   2.174 0.1415
165       0.695   3.824   2.023   1.004   4.135   3.416   0.673   2.959   4.327   0.154   5.519   3.917   0.983   6.740   3.649 0.1353
133       2.146   4.423   1.560   2.250   4.733   2.983   3.078   5.992   3.211   2.934   3.425   3.827   1.844   2.505   4.292 0.1284
209       2.568   4.387  -1.437   2.366   5.202  -2.632   3.678   5.419  -3.376   1.676   6.700  -2.219   0.180   6.590  -2.262 0.1324
75        2.040   5.022   0.840   1.863   5.914   1.983   3.171   6.100   2.742   0.664   5.311   3.026  -0.673   5.858   2.621 0.2096
131       3.638   1.736   1.479   4.335   1.899   2.751   5.394   0.819   2.940   3.229   1.863   4.042   2.752   3.256   4.330 0.1206
59       -0.725   4.497  -0.774  -1.648   5.627  -0.826  -1.630   6.412   0.480  -3.226   5.088  -1.161  -3.445   5.072  -2.644 0.2366
328       2.973   4.126  -1.492   3.059   4.766  -2.801   4.286   5.667  -2.892   1.651   5.666  -3.116   0.646   4.795  -3.808 0.1149
146       2.428   4.036  -2.403   2.388   4.603  -3.748   3.649   5.408  -4.041   1.013   5.585  -3.937  -0.127   4.755  -4.448 0.1335
79        2.141   5.038  -0.257   1.533   6.350  -0.054   1.582   7.181  -1.331   2.314   7.176   1.210   1.635   6.859   2.509 0.1633
62        4.259   1.307  -0.595   5.285   1.157  -1.623   4.727   0.454  -2.856   6.616   0.294  -1.012   7.605   1.253  -0.421 0.2460
96        1.499   5.070   1.759   1.456   5.507   3.151   0.033   5.844   3.578   2.469   6.854   3.382   3.843   6.387   3.758 0.1909
102       4.603   1.066   0.554   6.025   0.747   0.461   6.292  -0.248  -0.661   6.591   0.125   1.939   7.084   1.251   2.799 0.1574
150       0.011   4.352   1.257  -0.228   5.211   2.414  -0.679   4.395   3.619  -1.391   6.394   2.043  -0.708   7.616   1.504 0.1457
251       1.757   4.780   1.504   1.703   5.283   2.873   1.724   6.807   2.899   2.999   4.666   3.784   2.587   3.378   4.432 0.1283
40        0.770   3.968   2.024   1.247   4.386   3.339   0.149   4.255   4.389   1.812   5.989   3.283   3.274   5.992   2.951 0.2487
241       1.972   5.094   0.276   1.569   6.245   1.080   2.004   7.551   0.426   2.221   6.131   2.646   1.260   5.400   3.536 0.1377
243       0.842   4.889   1.455   0.193   5.756   2.434   0.325   7.223   2.041   0.854   5.504   3.980   0.080   4.431   4.686 0.1565
17        2.355   2.558  -2.623   2.329   3.140  -3.962   3.363   2.480  -4.866   2.606   4.816  -3.885   1.296   5.532  -3.744 0.2751
168      -0.129   4.483   0.429  -0.571   5.455   1.425  -1.838   4.982   2.128  -0.839   6.969   0.699   0.426   7.773   0.739 0.1403
27        2.994   2.414  -2.113   2.877   2.937  -3.472   4.251   3.155  -4.095   1.997   4.391  -3.475   0.538   4.092  -3.657 0.2445
47        1.316   4.941  -2.327   0.945   5.735  -3.496   1.458   7.165  -3.374  -0.743   5.736  -3.699  -1.142   4.587  -4.577 0.1968
87        0.735   4.215   1.721   0.819   4.941   2.984   1.226   4.015   4.124  -0.667   5.686   3.340  -0.687   7.067   2.755 0.2098
54        0.130   5.473   0.619  -0.810   6.538   0.955  -0.927   6.711   2.465  -2.338   6.215   0.284  -2.421   6.819  -1.086 0.2622
211       2.273   4.913   0.781   2.220   5.868   1.884   2.078   7.295   1.367   3.611   5.734   2.852   3.366   4.735   3.943 0.1181
91        0.390   4.224  -1.531  -0.351   5.480  -1.458  -1.732   5.268  -0.848  -0.498   6.173  -3.004   0.667   7.084  -3.256 0.1753
173       2.086   5.213  -0.171   1.729   6.578   0.204   2.536   7.596  -0.593   1.971   6.818   1.870   0.714   6.477   2.613 0.1554
112      -0.405   4.718  -1.064  -1.117   5.983  -0.906  -2.620   5.791  -1.068  -0.550   7.127  -2.029   0.587   7.898  -1.428 0.2005
383       0.809   5.727   0.153   0.159   7.026   0.300   1.083   8.155  -0.142  -0.328   7.268   1.911  -1.723   6.750   2.094 0.1099
143      -1.109   4.137   0.519  -1.982   4.774   1.501  -2.903   3.753   2.160  -2.901   6.003   0.769  -2.157   7.302   0.855 0.1297
107      -0.140   5.021   0.883  -1.283   5.729   1.452  -0.961   7.202   1.675  -1.758   5.008   2.917  -2.782   3.947   2.643 0.1638
74        2.571   2.664  -2.802   2.761   3.332  -4.086   1.919   4.600  -4.175   2.372   2.282  -5.365   3.598   1.525  -5.782 0.1941
226       2.421   4.478   1.322   2.640   5.078   2.635   2.795   6.591   2.528   4.015   4.403   3.374   3.609   3.209   4.187 0.1141
218       1.281   4.711   1.146   0.778   5.633   2.160   1.462   6.991   2.055   1.004   4.985   3.716  -0.202   4.184   4.104 0.1387
10        3.605   1.456  -1.545   4.896   0.811  -1.322   4.740  -0.451  -0.481   5.974   1.886  -0.566   6.737   2.646  -1.610 0.2573
168       3.224   4.178  -1.787   3.121   4.873  -3.067   4.444   5.529  -3.443   1.886   6.040  -3.012   0.592   5.421  -3.449 0.1133
325       3.210   2.101   2.491   3.717   2.472   3.809   5.159   2.012   3.992   2.735   1.813   5.030   1.645   2.784   5.374 0.1205
159       3.150   2.157  -2.034   4.512   1.949  -2.517   4.512   1.408  -3.942   5.350   0.886  -1.489   6.043   1.670  -0.415 0.1331
198      -0.896   4.156   0.636  -1.686   4.849   1.650  -2.419   3.858   2.546  -2.799   5.905   0.917  -2.168   7.255   0.744 0.1294
156      -0.572   4.443  -0.218  -1.351   5.348   0.622  -2.843   5.060   0.502  -1.034   6.966   0.205   0.111   7.479   1.027 0.1653
91        2.160   4.868  -0.993   1.548   6.079  -1.533   2.168   6.456  -2.873   1.708   7.366  -0.433   0.521   7.392   0.483 0.1681
368       1.693   5.024   1.607   1.566   5.771   2.855   2.217   7.145   2.740   2.262   4.902   4.140   1.222   4.024   4.770 0.1253
23        3.331   2.036   1.784   4.640   1.802   2.387   5.729   2.574   1.651   5.004   0.141   2.391   4.507  -0.476   3.665 0.2804
174       0.400   5.751   0.054  -0.449   6.938   0.076  -0.178   7.830  -1.130  -0.207   7.813   1.514  -1.165   7.329   2.561 0.1620
215       1.278   5.628  -0.580   0.712   6.974  -0.601   1.476   7.876  -1.563   0.720   7.646   0.961  -0.566   7.309   1.656 0.1288
143       2.471   4.797  -0.883   1.978   6.105  -1.302   2.997   6.822  -2.180   1.602   7.060   0.054   0.169   6.842   0.437 0.1512
97       -0.238   5.015   0.325  -1.410   5.853   0.566  -1.001   7.275   0.933  -2.373   5.187   1.798  -3.385   4.259   1.195 0.1879
28        1.933   3.941   1.414   1.736   4.943   2.458   0.587   4.554   3.382   1.440   6.468   1.769   2.740   7.190   1.574 0.2623
139       2.287   4.426   1.772   2.579   4.612   3.190   1.667   5.667   3.805   4.208   5.051   3.407   5.039   3.815   3.582 0.1516
486       0.529   5.400   1.069  -0.240   6.475   1.691   0.259   7.841   1.234  -0.157   6.360   3.385  -1.286   5.508   3.884 0.1238
227       3.622   1.645  -1.675   4.413   1.650  -2.902   3.590   2.150  -4.084   5.016   0.094  -3.227   6.357  -0.069  -2.576 0.1207
422       0.731   5.523   0.905  -0.023   6.585   1.565   0.698   7.923   1.452  -0.283   6.198   3.201  -1.572   5.444   3.337 0.1106
437       0.610   5.799   0.167  -0.182   7.019   0.287   0.692   8.258   0.138  -0.996   7.055   1.779  -2.341   6.409   1.631 0.1150
61        0.080   4.178   1.471  -0.061   4.847   2.761  -1.516   4.867   3.214   0.544   6.434   2.675   2.000   6.434   3.037 0.1989
17        0.239   0.000  -4.095   0.655  -1.054  -5.016   0.718  -0.538  -6.449  -0.406  -2.379  -4.919   0.087  -3.340  -3.879 0.2803
22        4.010   1.693   1.496   4.931   1.780   2.625   4.419   2.758   3.677   6.476   2.250   2.096   7.283   1.030   1.763 0.2965
85        0.283   5.497   0.805  -0.652   6.492   1.323  -0.921   7.581   0.291  -0.052   7.182   2.756  -0.529   6.385   3.933 0.1649
31        1.087   3.474   2.344   1.623   3.741   3.676   1.047   5.030   4.251   3.320   3.831   3.626   3.900   2.468   3.862 0.3014
155       2.456   3.036  -2.219   3.710   3.016  -2.966   3.639   3.932  -4.182   4.087   1.431  -3.452   4.916   0.767  -2.393 0.1454
67        3.901   1.783   0.889   4.859   1.906   1.984   6.272   1.575   1.518   4.418   0.891   3.275   3.520   1.639   4.215 0.1740
79        1.036   4.151   1.914   0.532   4.511   3.236   0.638   6.012   3.473   1.379   3.667   4.444   0.683   2.370   4.730 0.2405
59        3.449   4.085   2.121   3.445   4.872   3.351   3.518   6.364   3.048   4.743   4.416   4.351   4.303   3.314   5.268 0.1983
214       2.020   4.939   1.878   2.168   5.622   3.160   2.603   7.070   2.963   3.288   4.804   4.142   2.572   3.782   4.974 0.1407
211      -0.101   5.291   0.108  -1.132   6.321   0.175  -0.518   7.716   0.145  -2.074   6.129   1.578  -3.240   5.235   1.278 0.1600
150       2.612   4.529   1.352   3.134   4.826   2.683   2.235   5.814   3.417   4.714   5.443   2.576   5.698   4.313   2.639 0.1385
51        0.574   4.638  -0.460   0.159   5.956   0.012   0.144   6.015   1.535  -1.376   6.350  -0.602  -1.223   7.065  -1.911 0.2177
69        2.963   3.189  -2.027   3.270   3.209  -3.455   4.305   4.280  -3.779   1.856   3.471  -4.362   1.226   2.152  -4.699 0.1930
230       0.504   5.659   0.522  -0.326   6.814   0.851   0.531   8.023   1.204  -1.373   6.445   2.138  -2.661   5.901   1.595 0.1374
7         4.124   2.103  -1.545   4.656   0.776  -1.249   6.023   0.869  -0.582   4.762  -0.152  -2.670   3.482  -0.907  -2.870 0.3415
76        3.432   3.384  -2.393   4.055   3.549  -3.703   4.300   5.021  -4.013   3.084   2.852  -4.913   3.478   1.418  -5.107 0.1994
63       -2.274   1.465  -2.810  -2.569   0.790  -4.071  -3.622   1.551  -4.868  -3.093  -0.802  -3.783  -1.910  -1.724  -3.773 0.1966
85        0.132   4.568   1.429   0.034   5.560   2.496  -0.298   4.901   3.829  -1.142   6.727   2.113  -0.500   7.858   1.366 0.2117
11        2.479  -1.238  -3.277   3.292  -2.448  -3.349   4.681  -2.145  -3.900   2.526  -3.622  -4.311   1.648  -4.479  -3.450 0.3215
35        2.160   4.613   1.334   2.337   5.061   2.713   3.580   4.439   3.337   0.965   4.681   3.641  -0.009   5.820   3.585 0.2165
463       1.202   5.314   1.481   0.774   6.248   2.519   1.431   7.611   2.336   1.137   5.627   4.060  -0.023   4.820   4.560 0.1196
118       4.313   2.721  -1.679   5.353   2.473  -2.673   5.981   3.777  -3.149   4.716   1.615  -3.996   4.851   0.142  -3.749 0.1605
136       2.038   4.841  -0.367   1.318   6.111  -0.340   2.275   7.280  -0.136   0.141   6.101   0.887  -1.154   5.584   0.334 0.1861
72        2.694   4.156  -1.779   2.671   4.720  -3.126   2.645   6.243  -3.083   1.327   4.137  -3.989   1.705   2.881  -4.716 0.2095
229       3.511   2.097   2.121   4.092   2.517   3.393   5.387   1.765   3.680   2.985   2.275   4.660   2.152   3.509   4.839 0.1462
286      -0.698   4.578   0.016  -1.445   5.590   0.757  -2.605   4.965   1.523  -2.023   6.792  -0.298  -1.005   7.887  -0.415 0.1325
289       1.990   4.741   1.229   1.885   5.366   2.544   2.614   6.704   2.576   2.509   4.334   3.743   1.410   3.459   4.270 0.1163
19        1.043   3.847   1.956   0.328   5.021   2.448  -0.266   4.763   3.828  -0.899   5.467   1.359  -0.351   6.443   0.361 0.2899
148       4.263   1.412  -1.084   5.425   1.345  -1.966   5.034   0.853  -3.354   6.616   0.330  -1.302   7.540   1.140  -0.441 0.1391
52        0.883   3.282   2.309   1.301   3.414   3.702   1.895   2.110   4.222  -0.012   3.885   4.674  -0.074   5.382   4.739 0.2000
184       1.426   5.151   1.141   1.024   6.027   2.238   0.475   7.348   1.714   2.338   6.314   3.279   2.358   5.271   4.357 0.1480
176       0.461   5.306  -0.341  -0.482   6.421  -0.330   0.213   7.731  -0.682  -1.232   6.549   1.190  -2.485   5.724   1.200 0.1398
96       -0.079   4.670   0.432  -0.406   5.712   1.401  -1.832   5.555   1.916  -0.203   7.251   0.707   1.200   7.725   0.942 0.1754
116       2.659   4.878   0.553   2.928   5.931   1.528   3.057   7.288   0.848   4.341   5.581   2.406   3.987   4.787   3.629 0.1507
39        1.578   3.470   2.426   2.134   3.921   3.699   3.655   3.831   3.696   1.498   3.004   4.982   0.253   3.662   5.498 0.2317
54        2.398   2.704   2.568   3.382   2.742   3.646   4.394   1.611   3.506   2.610   2.651   5.158   2.293   4.035   5.641 0.2289
21       -0.237   4.235  -1.007  -1.108   5.402  -0.905  -1.651   5.804  -2.271  -0.272   6.706  -0.204  -0.447   6.670   1.286 0.3451
283       2.769   4.452  -1.085   2.804   5.368  -2.221   4.165   6.044  -2.338   1.581   6.540  -2.077   0.333   6.045  -2.746 0.1184
308       0.421   5.805  -0.459  -0.355   7.013  -0.724   0.545   8.150  -1.196  -1.210   7.486   0.667  -2.562   6.836   0.668 0.1310
315       1.002   4.958   1.600   0.451   5.627   2.775   0.924   7.074   2.855   0.885   4.792   4.191  -0.162   3.766   4.507 0.1240
370       1.058   5.550   1.266   0.550   6.637   2.097   1.072   7.986   1.616   0.980   6.392   3.724  -0.095   5.605   4.412 0.1232
505       0.393   5.624   0.667  -0.461   6.750   1.033   0.323   8.057   1.028  -1.159   6.494   2.562  -2.470   5.785   2.401 0.1155
43        4.708   1.296   0.865   6.045   1.059   1.402   7.115   1.339   0.354   6.183  -0.539   1.965   5.788  -0.596   3.410 0.2602
71        2.968   2.405  -2.142   3.384   2.633  -3.523   3.128   4.076  -3.941   2.571   1.569  -4.571   3.373   0.312  -4.727 0.2045
69        0.560   5.684   0.798  -0.271   6.705   1.430  -1.025   7.521   0.386   0.681   7.730   2.396   0.750   7.181   3.790 0.1934
37        3.514   3.759   0.288   4.852   3.557   0.837   5.893   4.347   0.052   5.251   1.904   0.833   4.821   1.283   2.128 0.2460
100      -0.615   4.073   1.154  -1.249   4.801   2.250  -1.471   3.895   3.455  -2.727   5.469   1.741  -2.493   6.848   1.199 0.1415
88        0.427   3.749   1.929   0.636   3.949   3.360  -0.391   3.176   4.179   0.563   5.604   3.745   1.934   6.202   3.643 0.1700
80        1.887   4.675  -1.097   1.080   5.698  -1.756   1.823   6.304  -2.941   0.650   6.917  -0.652  -0.654   6.563  -0.001 0.2024
261       0.972   5.626  -0.062   0.261   6.866   0.238   0.813   8.027  -0.580   0.362   7.221   1.898  -0.797   6.594   2.615 0.1200
8         3.388   1.881   1.802   4.695   1.274   2.034   5.301   1.760   3.346   5.747   1.618   0.743   5.632   0.542  -0.295 0.3425
61        4.447   1.689  -0.828   5.627   1.816  -1.679   5.311   2.608  -2.942   6.231   0.280  -2.089   7.238  -0.152  -1.065 0.2034
100       4.020   3.510  -0.710   5.146   3.609  -1.634   5.835   4.964  -1.517   4.627   3.355  -3.233   4.717   1.895  -3.562 0.1675
41        2.423   4.586   1.350   2.758   5.021   2.703   3.597   3.973   3.424   1.344   5.347   3.588   0.964   6.787   3.412 0.2070
148       0.379   5.837  -0.523  -0.325   7.059  -0.899   0.575   7.985  -1.710  -0.895   7.866   0.485  -2.277   7.384   0.811 0.1327
30        0.715   5.740  -1.063  -0.013   6.953  -1.427  -0.593   7.635  -0.195  -1.253   6.591  -2.532  -0.725   6.703  -3.931 0.2456
67        2.027   3.795  -2.265   1.580   4.150  -3.609   2.471   5.227  -4.217  -0.036   4.680  -3.575  -0.951   3.509  -3.775 0.2132
72        1.925   2.847  -2.613   1.736   3.435  -3.936   0.793   4.631  -3.875   1.133   2.273  -5.022   2.278   1.576  -5.694 0.2281
224       1.526   5.299   0.770   1.142   6.439   1.598   2.127   7.591   1.437   1.043   5.979   3.232  -0.351   5.517   3.538 0.1240
25        2.556   4.559   1.565   2.104   5.490   2.595   0.831   6.209   2.164   3.322   6.622   2.947   4.187   6.097   4.055 0.2292
123       1.895   4.682  -1.167   1.151   5.714  -1.883   1.819   7.076  -1.733  -0.453   5.787  -1.322  -1.309   4.861  -2.133 0.1949
175       2.466   4.627  -1.347   1.990   5.675  -2.246   3.155   6.378  -2.934   1.048   6.805  -1.394  -0.390   6.379  -1.422 0.1328
155       2.106   4.994   0.495   1.877   6.127   1.387   3.022   7.130   1.306   1.683   5.591   2.989   0.232   5.320   3.254 0.1406
268       1.906   5.086   1.169   1.942   5.760   2.463   2.008   7.274   2.292   3.269   5.219   3.377   2.857   4.039   4.206 0.1179
7        -1.535   2.143  -2.060  -2.083   1.968  -3.402  -1.578   0.678  -4.037  -1.684   3.297  -4.384  -2.758   4.339  -4.276 0.5901
16        2.844   2.343   2.354   4.163   2.160   2.953   4.082   1.296   4.206   4.859   3.666   3.327   5.657   4.153   2.155 0.3847
98        2.622   4.718   1.523   3.318   5.130   2.739   2.840   6.499   3.209   4.998   5.156   2.482   5.577   3.814   2.820 0.1603
26        0.786   4.236   1.618   0.037   4.558   2.829   0.443   5.920   3.381   0.271   3.357   4.010  -0.778   2.296   3.858 0.2856
109       1.895   4.473  -2.548   1.399   5.151  -3.743   2.186   6.427  -4.016  -0.255   5.509  -3.578  -1.069   4.367  -4.107 0.1549
270       0.949   5.152   0.732   0.258   6.253   1.397   0.742   7.601   0.873   0.486   6.167   3.080  -0.611   5.347   3.691 0.1219
76        3.089   4.132   2.714   3.607   4.513   4.025   3.647   6.029   4.179   5.159   3.861   4.262   5.041   2.509   4.901 0.1852
184       2.721   2.316  -2.483   3.726   2.226  -3.538   3.083   2.309  -4.917   4.610   0.781  -3.393   5.807   1.013  -2.520 0.1325
181      -0.915   4.337   0.018  -1.842   5.260   0.667  -2.804   4.516   1.586  -2.712   6.143  -0.497  -1.969   7.404  -0.826 0.1268
33        1.085   3.374  -2.564   1.495   3.727  -3.920   0.312   3.684  -4.880   2.722   2.680  -4.460   4.061   3.252  -4.099 0.2813
345       1.148   5.393   0.203   0.518   6.633   0.646   1.263   7.849   0.109   0.453   6.693   2.344  -0.832   6.082   2.817 0.1149
42       -2.273   1.724  -2.979  -2.487   1.296  -4.359  -2.203   2.432  -5.336  -4.078   0.733  -4.566  -4.126  -0.740  -4.291 0.2922
105       0.147   4.672   1.561  -0.771   5.324   2.491  -0.625   6.840   2.433  -0.503   4.772   4.076  -1.368   3.576   4.342 0.1608
181       1.140   5.251   0.317   0.489   6.438   0.863   0.910   7.692   0.105   0.851   6.607   2.515  -0.183   5.887   3.329 0.1339
47        4.017   3.755   1.760   4.192   4.594   2.943   5.443   5.457   2.823   4.279   3.634   4.343   2.901   3.443   4.905 0.2875
110       2.297   2.824   2.555   2.041   3.653   3.729   2.830   3.156   4.935   0.380   3.676   4.089  -0.273   4.816   3.364 0.1570
95        0.732   5.219  -1.667  -0.052   6.227  -2.375   0.674   7.567  -2.404  -1.580   6.407  -1.651  -2.552   5.461  -2.291 0.1913
250       2.489   4.210  -1.806   2.354   4.858  -3.108   3.716   5.255  -3.667   1.351   6.225  -2.990  -0.072   5.825  -3.243 0.1259
149       3.047   3.552  -2.465   3.239   3.767  -3.896   4.360   4.766  -4.156   1.796   4.310  -4.613   0.995   3.131  -5.080 0.1465
31        3.346   2.846   1.939   3.372   3.729   3.101   4.482   4.766   2.978   3.573   2.827   4.528   2.228   2.446   5.072 0.2527
419       0.420   5.606   0.678  -0.347   6.805   1.006   0.413   8.066   0.614  -0.715   6.838   2.666  -2.028   6.152   2.900 0.1165
167       2.877   4.458  -0.998   3.010   5.439  -2.070   3.864   6.622  -1.630   1.478   5.982  -2.571   0.975   5.105  -3.680 0.1451
283       1.373   5.078   0.534   0.742   6.123   1.334   1.407   7.474   1.096   0.805   5.725   2.986  -0.421   4.948   3.361 0.1257
111       0.170   5.251  -0.028  -0.726   6.404  -0.012  -0.094   7.600  -0.714  -1.135   6.815   1.586  -2.374   6.073   1.992 0.1708
225       1.804   4.843   1.793   1.880   5.304   3.176   2.328   6.759   3.246   2.941   4.322   4.071   2.176   3.185   4.681 0.1278
TOTRMS: 0.1507
cutoff: 0.2
BEFORE: 1615 0.13020998115580473
AFTER: 600 0.15071313426204885
