536       2.066   1.192   0.502   2.951   2.352   0.565   3.808   2.457  -0.691   3.942   2.267   1.943   3.261   2.950   3.092 0.0690
587       0.244   2.405  -0.034   0.955   3.678  -0.120   1.911   3.853   1.054  -0.148   4.971  -0.171  -0.496   5.275  -1.598 0.0711
178       1.988   1.226  -0.647   2.906   2.361  -0.699   3.102   2.843  -2.131   4.405   1.943  -0.014   4.388   2.254   1.453 0.0862
708       2.140   1.175  -0.057   3.009   2.345   0.026   2.711   3.330  -1.099   4.642   1.877  -0.027   5.138   1.635   1.368 0.0696
2114      1.936   1.261   0.777   2.822   2.420   0.840   3.433   2.719  -0.524   4.052   2.165   1.986   3.599   2.665   3.325 0.0577
1667      0.654   2.154  -0.932   1.469   3.361  -1.040   1.355   4.214   0.218   1.009   4.267  -2.403   1.817   3.832  -3.589 0.0707
1946      0.439   2.280  -0.705   1.198   3.526  -0.780   1.381   4.141   0.602   0.423   4.631  -1.813   0.929   4.448  -3.213 0.0607
585       1.533   1.514  -1.109   2.498   2.606  -1.196   1.821   3.956  -0.989   3.293   2.577  -2.699   4.528   1.733  -2.596 0.0771
711       1.093   1.832  -1.156   2.028   2.943  -1.306   1.589   4.146  -0.479   2.172   3.382  -2.942   3.283   2.597  -3.575 0.0679
47        0.854   2.012   1.070   1.543   3.298   1.127   3.039   3.132   0.889   1.271   4.051   2.627   0.047   4.913   2.540 0.0991
163       2.150   1.145   0.020   3.033   2.303  -0.090   3.526   2.750   1.281   2.233   3.586  -0.869   2.465   3.495  -2.348 0.0887
174       0.446   2.246   0.767   1.076   3.562   0.761   2.539   3.473   1.181   0.239   4.626   1.789  -0.831   5.334   1.012 0.0777
132       2.142   1.154   0.010   3.055   2.291  -0.054   2.915   3.177   1.178   2.771   3.201  -1.462   3.629   2.680  -2.576 0.0890
226       0.621   2.152  -0.915   1.396   3.382  -1.045   0.508   4.610  -0.877   2.182   3.433  -2.552   3.538   2.805  -2.430 0.0965
159       0.313   2.338  -0.436   0.957   3.648  -0.415  -0.053   4.752  -0.127   1.741   3.947  -1.894   3.155   3.451  -1.820 0.1087
172       0.424   2.272  -0.698   1.059   3.587  -0.699   2.493   3.503  -1.211   1.035   4.259   0.862  -0.218   5.063   1.041 0.0921
1366      0.300   2.380  -0.358   1.043   3.636  -0.404   1.653   3.963   0.955   0.032   4.906  -0.909   0.090   5.026  -2.403 0.0564
344       0.427   2.264  -0.725   1.076   3.572  -0.710   0.432   4.492   0.321   1.008   4.286  -2.252   2.222   3.892  -3.039 0.0767
27        0.561   2.268  -0.799  -0.656   2.417  -1.591  -0.386   2.154  -3.068  -1.311   3.973  -1.386  -2.275   3.962  -0.238 0.2680
250       2.095   1.190   0.384   2.959   2.363   0.472   4.282   2.126  -0.246   3.243   2.771   2.098   2.191   3.734   2.563 0.0747
284       0.279   2.347   0.469   0.926   3.655   0.431   2.234   3.644   1.214  -0.113   4.850   1.048  -0.935   5.424  -0.068 0.0895
80        1.294   1.712   1.151   2.053   2.955   1.258   3.392   2.844   0.539   2.300   3.359   2.891   1.169   4.219   3.370 0.1009
375       1.922   1.268  -0.759   2.835   2.407  -0.817   2.118   3.660  -1.304   4.154   2.058  -1.831   5.258   1.445  -1.021 0.0731
831       2.058   1.207   0.515   2.928   2.379   0.568   3.258   2.881  -0.833   4.359   2.019   1.411   4.169   2.317   2.869 0.0732
275       2.153   1.148   0.077   3.034   2.311   0.125   4.101   2.237  -0.962   3.767   2.438   1.654   2.908   3.276   2.552 0.0793
79        0.950   1.913  -1.111   1.778   3.103  -1.287   0.971   4.251  -1.880   3.113   2.755  -2.280   4.263   2.300  -1.432 0.0978
233       1.993   1.247   0.653   2.785   2.459   0.841   3.927   2.531  -0.165   3.398   2.527   2.426   2.421   3.244   3.310 0.0700
39        0.716   2.085  -1.009   1.428   3.353  -1.143   2.928   3.163  -0.954   0.837   4.487  -0.022  -0.289   5.260  -0.639 0.1000
17        0.551   2.200  -0.821   0.940   3.604  -0.722  -0.047   4.500  -1.460   2.508   3.830  -1.339   3.509   3.661  -0.235 0.1224
699       2.116   1.185   0.269   2.963   2.368   0.390   2.972   3.172  -0.905   4.549   1.921   0.810   4.682   1.894   2.303 0.0702
239       0.499   2.219  -0.804   1.152   3.525  -0.837   0.209   4.622  -0.355   1.699   3.875  -2.408   3.102   3.370  -2.573 0.0905
242       0.502   2.214  -0.779   1.138   3.527  -0.822   0.101   4.635  -0.968   2.257   3.604  -2.100   3.605   3.166  -1.611 0.1040
1316      1.838   1.328   0.884   2.667   2.524   1.004   3.475   2.762  -0.267   3.709   2.391   2.341   3.036   2.955   3.557 0.0666
20        0.303   2.358  -0.429   1.002   3.639  -0.405   0.863   4.366  -1.738   2.645   3.412  -0.033   2.837   3.484   1.453 0.0959
43        0.436   2.316  -0.667  -0.880   2.526  -1.263  -0.927   1.994  -2.691  -1.282   4.178  -1.244  -2.006   4.501   0.029 0.2287
54        0.373   2.299  -0.607   1.058   3.589  -0.591   1.834   3.814  -1.884   2.107   3.687   0.743   1.372   4.266   1.915 0.1017
216       2.071   1.203   0.424   2.945   2.370   0.490   4.402   1.978   0.269   2.773   3.156   1.987   1.695   4.194   1.886 0.0758
697       2.101   1.186  -0.346   2.997   2.338  -0.313   2.477   3.463  -1.200   4.562   1.887  -0.801   5.357   1.462   0.398 0.0656
99        0.276   2.352   0.416   0.943   3.650   0.385   1.643   3.939   1.708  -0.173   4.883   0.034  -0.244   5.086  -1.450 0.1021
137       0.435   2.245  -0.761   0.919   3.615  -0.616  -0.038   4.449   0.228   1.130   4.335  -2.142   2.527   4.083  -2.625 0.1001
254       1.983   1.222  -0.662   2.877   2.371  -0.763   2.567   3.201  -2.003   4.499   1.861  -0.793   5.029   1.798   0.608 0.0818
56        2.124   1.164  -0.221   2.975   2.345  -0.335   3.924   2.454   0.853   2.026   3.751  -0.454   1.740   4.040  -1.898 0.1112
125       0.561   2.178  -0.887   1.240   3.470  -0.923   2.439   3.435  -1.862   1.736   3.923   0.639   0.647   4.715   1.300 0.0834
272       0.738   2.074  -1.018   1.540   3.288  -1.138   0.849   4.471  -0.471   1.845   3.637  -2.774   3.119   2.969  -3.199 0.0839
151       1.962   1.257   0.663   2.838   2.419   0.782   4.256   2.001   1.156   2.228   3.507   1.936   1.316   4.490   1.264 0.0835
565       0.623   2.158  -0.925   1.409   3.385  -1.018   0.966   4.401   0.029   1.277   4.057  -2.574   2.364   3.508  -3.450 0.0739
152       1.978   1.254   0.678   2.739   2.478   0.911   4.153   2.360   0.353   2.797   2.834   2.573   1.631   3.704   2.938 0.0890
281       1.713   1.428   0.987   2.541   2.627   1.073   3.555   2.676  -0.064   3.342   2.689   2.572   2.491   3.424   3.563 0.0815
40        1.972   1.246   0.676   2.824   2.424   0.811   2.410   3.266   2.012   2.767   3.362  -0.606   3.845   2.912  -1.547 0.1056
10        0.359   2.305   0.618   0.964   3.631   0.526   0.290   4.467  -0.556   2.630   3.502   0.211   3.381   3.447   1.507 0.1246
51        2.055   1.202   0.505   2.933   2.364   0.611   2.233   3.518   1.318   3.457   2.855  -0.930   4.733   2.146  -1.274 0.0893
134       2.113   1.168  -0.291   3.006   2.319  -0.394   3.162   3.015   0.953   2.425   3.418  -1.554   3.001   3.079  -2.896 0.0932
86        0.244   2.394   0.050   0.943   3.676   0.010   0.324   4.669   0.986   0.921   4.315  -1.565   2.128   3.837  -2.316 0.1067
317       2.149   1.153   0.082   3.030   2.314   0.171   3.732   2.573  -1.157   4.179   2.092   1.404   3.637   2.631   2.695 0.0822
227       0.240   2.396  -0.072   0.954   3.668  -0.133   1.239   4.205   1.265   0.060   4.808  -1.024   0.448   4.727  -2.470 0.0860
919       0.404   2.284  -0.704   1.066   3.584  -0.643   0.833   4.256   0.705   0.517   4.589  -1.899   1.389   4.403  -3.106 0.0680
21        1.978   1.246  -0.623   2.748   2.468  -0.838   4.058   2.437  -0.060   1.835   3.831  -0.389   1.058   4.325  -1.573 0.1235
225       0.276   2.366  -0.363   0.967   3.652  -0.350   0.632   4.442   0.910   0.564   4.557  -1.731   1.535   4.250  -2.832 0.0853
214       2.146   1.159   0.050   3.049   2.301  -0.060   3.869   2.231  -1.343   4.081   2.374   1.289   3.445   3.209   2.360 0.0836
184       1.739   1.411   0.946   2.417   2.683   1.173   3.445   2.960   0.082   3.170   2.691   2.698   2.215   3.223   3.724 0.0881
80        0.233   2.381  -0.173   0.869   3.691  -0.074   0.008   4.660   0.729   1.168   4.324  -1.624   2.530   3.897  -2.084 0.1078
19        0.488   2.238  -0.711   1.241   3.481  -0.854   0.792   4.255  -2.088   2.908   3.158  -0.942   3.493   3.173   0.439 0.1188
108       0.507   2.204  -0.786   1.132   3.522  -0.839   0.154   4.573  -1.351   2.516   3.484  -1.826   3.716   3.148  -0.992 0.0944
128       0.419   2.296  -0.643   1.245   3.479  -0.866   0.969   4.547   0.186   0.972   4.109  -2.422   1.928   3.480  -3.391 0.1063
116       2.133   1.154   0.218   3.031   2.305   0.216   2.574   3.360   1.216   3.128   2.980  -1.341   4.249   2.332  -2.098 0.0765
192       0.385   2.292  -0.645   1.108   3.558  -0.731   0.373   4.662   0.020   1.329   4.006  -2.357   2.623   3.439  -2.860 0.0918
150       2.095   1.167   0.382   2.994   2.318   0.384   3.089   2.937   1.773   2.470   3.482  -0.739   3.107   3.214  -2.070 0.1071
4         1.361   1.677   1.128   2.364   2.730   1.254   1.960   3.970   0.466   3.881   2.172   0.726   4.624   1.574   1.883 0.1305
24        1.664   1.395   0.962   2.618   2.486   1.141   1.913   3.837   1.150   3.796   2.451  -0.085   4.953   1.606   0.357 0.2424
74        0.235   2.403   0.039   0.942   3.681   0.066   1.833   3.840  -1.161   1.872   3.814   1.483   1.049   4.452   2.562 0.1168
54        0.308   2.348  -0.467   1.001   3.631  -0.396   1.322   4.159  -1.790   2.429   3.486   0.515   2.133   3.770   1.957 0.1133
67        1.600   1.447  -1.069   2.532   2.562  -1.209   1.961   3.646  -2.115   4.022   2.016  -1.821   4.922   1.639  -0.682 0.0873
318       2.145   1.154  -0.068   3.035   2.307   0.030   3.406   2.834  -1.351   4.441   1.900   0.896   4.225   2.170   2.355 0.0846
788       0.322   2.338  -0.547   0.985   3.635  -0.439   1.060   4.094   1.012   0.173   4.796  -1.378   0.753   4.816  -2.761 0.0670
1872      0.411   2.311  -0.620   1.191   3.537  -0.760   1.627   4.069   0.600   0.293   4.720  -1.589   0.549   4.601  -3.062 0.0609
44        0.684   2.122   0.969   1.410   3.388   1.028   2.628   3.279   1.938   0.387   4.634   1.569  -0.280   5.279   0.391 0.0936
511       2.029   1.244   0.527   2.816   2.451   0.765   3.054   3.216  -0.532   4.301   2.057   1.492   4.149   2.078   2.984 0.0770
27        0.277   2.355   0.482   0.973   3.638   0.527   1.374   4.094  -0.871   2.347   3.533   1.523   1.972   3.891   2.931 0.1155
40        2.098   1.178   0.366   3.066   2.266   0.255   2.604   3.492   1.035   3.318   2.672  -1.376   4.447   1.853  -1.926 0.0840
96        1.421   1.553  -1.136   2.318   2.686  -1.342   2.040   3.370  -2.676   3.940   2.181  -1.273   4.434   2.278   0.139 0.0841
184       2.004   1.222  -0.620   2.772   2.437  -0.874   2.134   3.268  -1.981   4.375   2.050  -1.286   5.212   1.997  -0.042 0.0973
6         0.957   1.906  -1.108   1.821   3.059  -1.347   2.514   2.955  -2.700   2.979   3.200  -0.109   2.434   4.063   0.989 0.1184
177       1.978   1.249   0.659   2.905   2.376   0.703   4.291   1.967   0.217   3.002   3.004   2.280   1.970   4.078   2.455 0.0869
197       0.268   2.369  -0.352   0.932   3.668  -0.302   2.187   3.677  -1.167   1.326   4.072   1.302   0.190   4.831   1.920 0.0966
7         0.574   2.186   0.866   1.297   3.453   0.916   0.426   4.603   0.425   2.719   3.361  -0.012   3.850   2.887   0.851 0.1444
205       2.138   1.151  -0.015   3.039   2.297  -0.094   4.286   1.959  -0.903   3.479   2.815   1.465   2.500   3.846   1.943 0.0908
16        0.244   2.374   0.260   0.939   3.658   0.246   0.933   4.270  -1.150   2.538   3.473   0.794   2.583   3.669   2.280 0.1408
69        2.074   1.189   0.507   2.969   2.342   0.473   3.525   2.647   1.859   2.160   3.704  -0.145   2.330   3.754  -1.634 0.1027
501       1.734   1.384  -0.983   2.714   2.466  -1.021   2.029   3.824  -1.118   3.780   2.255  -2.328   4.960   1.443  -1.885 0.0796
563       1.358   1.641  -1.162   2.340   2.714  -1.281   1.771   4.037  -0.781   2.853   2.873  -2.894   4.049   1.998  -3.127 0.0724
421       2.122   1.203   0.173   2.964   2.377   0.383   2.838   3.358  -0.777   4.588   1.915   0.582   4.866   1.679   2.037 0.0671
41        1.885   1.286  -0.816   2.744   2.452  -0.996   3.417   2.847   0.313   1.848   3.761  -1.609   1.879   3.730  -3.108 0.0976
158       2.007   1.223  -0.586   2.868   2.392  -0.738   2.731   2.997  -2.131   4.490   1.979  -0.439   4.793   2.168   1.017 0.0857
670       0.468   2.241  -0.794   1.099   3.555  -0.720   0.599   4.337   0.489   0.805   4.435  -2.145   1.899   4.164  -3.135 0.0738
55        0.767   2.045  -1.016   1.515   3.292  -1.155   0.826   4.239  -2.130   3.104   2.976  -1.673   3.991   2.787  -0.478 0.0944
38        1.942   1.272   0.715   2.886   2.386   0.736   2.197   3.681   1.151   3.614   2.575  -0.788   4.865   1.751  -0.850 0.0956
9         1.703   1.428  -0.918   2.504   2.641  -1.052   3.993   2.329  -0.956   2.068   3.775   0.137   0.974   4.655  -0.389 0.1606
555       0.309   2.349  -0.477   1.032   3.617  -0.521   1.005   4.311   0.836   0.370   4.636  -1.710   1.068   4.399  -3.016 0.0759
16        0.968   1.947   1.057   1.863   3.090   1.217   2.213   3.312   2.683   1.155   4.493   0.567   1.538   4.623  -0.877 0.1182
58        1.191   1.729  -1.169   1.993   2.934  -1.357   1.333   3.882  -2.352   3.557   2.529  -1.887   4.453   2.335  -0.700 0.0891
49        0.546   2.155   0.931   1.164   3.476   0.993   2.681   3.368   1.090   0.556   4.354   2.316  -0.649   5.137   1.885 0.0898
152       1.477   1.563  -1.118   2.233   2.805  -1.257   1.301   4.009  -1.327   3.218   2.748  -2.641   4.559   2.183  -2.277 0.0935
619       1.921   1.303   0.742   2.703   2.524   0.913   3.212   3.042  -0.427   4.009   2.250   1.967   3.583   2.539   3.376 0.0721
66        0.441   2.268   0.688   1.105   3.568   0.662   2.101   3.699   1.809  -0.042   4.821   0.740  -0.456   5.206  -0.649 0.1645
104       1.009   1.882  -1.146   1.940   2.994  -1.317   1.195   4.316  -1.464   2.935   2.731  -2.670   4.172   1.996  -2.246 0.1046
113       2.092   1.183  -0.312   2.958   2.345  -0.489   3.962   2.115  -1.612   3.774   2.703   0.959   2.955   3.662   1.771 0.0965
104       1.534   1.499  -1.078   2.371   2.677  -1.284   2.327   3.135  -2.737   3.976   2.352  -0.824   4.160   2.696   0.624 0.0905
30        1.694   1.412   0.977   2.601   2.549   1.104   3.745   2.235   2.061   1.757   3.926   1.636   1.251   4.691   0.450 0.1079
451       2.135   1.156   0.268   3.040   2.301   0.210   3.546   2.529  -1.210   4.352   2.074   1.267   4.012   2.640   2.614 0.0756
1165      0.867   2.010  -1.068   1.768   3.148  -1.224   1.566   4.165  -0.106   1.531   3.889  -2.735   2.441   3.260  -3.749 0.0718
443       2.152   1.156  -0.030   3.015   2.331  -0.114   2.855   3.035  -1.456   4.640   1.892   0.125   4.971   1.976   1.586 0.0786
189       1.090   1.826  -1.162   1.913   3.025  -1.294   1.143   4.269  -0.868   2.459   3.197  -2.895   3.775   2.494  -3.053 0.0861
49        0.285   2.354   0.387   0.974   3.641   0.417   0.853   4.296   1.788   0.354   4.675  -0.781   1.131   4.492  -2.051 0.1103
750       0.917   1.963  -1.110   1.768   3.144  -1.226   1.349   4.222  -0.234   1.718   3.757  -2.811   2.800   3.118  -3.630 0.0612
297       0.656   2.122  -0.975   1.326   3.419  -0.995   0.591   4.430  -0.123   1.447   4.000  -2.588   2.733   3.528  -3.196 0.0747
85        0.449   2.239  -0.743   0.942   3.611  -0.659  -0.196   4.588  -0.386   1.747   4.041  -2.094   3.203   3.701  -1.971 0.0908
159       0.334   2.305  -0.619   0.846   3.651  -0.379   0.198   4.273   0.853   0.580   4.638  -1.738   1.760   4.548  -2.659 0.0842
311       2.072   1.186   0.500   2.971   2.335   0.539   4.039   2.234  -0.544   3.701   2.465   2.069   2.853   3.326   2.957 0.0730
873       0.318   2.375  -0.359   1.072   3.610  -0.554   1.839   3.991   0.707   0.032   4.876  -1.008  -0.080   4.920  -2.503 0.0648
154       2.046   1.198  -0.510   2.944   2.349  -0.555   3.569   2.503  -1.937   4.162   2.198   0.621   3.704   2.834   1.900 0.0966
29        0.429   2.226  -0.774   0.884   3.613  -0.727   2.406   3.693  -0.741   0.272   4.391   0.656  -1.049   5.023   0.331 0.1048
50        1.669   1.412  -0.997   2.568   2.554  -1.142   2.889   2.817  -2.608   4.003   2.294  -0.268   3.843   2.826   1.125 0.0940
23        0.455   2.308   0.596   1.199   3.565   0.600   0.838   4.412   1.814   0.899   4.436  -0.829   1.907   4.052  -1.870 0.1138
162       1.934   1.268   0.721   2.773   2.452   0.887   4.251   2.082   0.881   2.380   3.260   2.331   1.311   4.277   2.060 0.0828
192       0.312   2.339  -0.560   0.901   3.653  -0.320   0.787   4.046   1.149   0.153   4.826  -1.297   0.887   4.934  -2.600 0.0696
365       1.272   1.698  -1.167   2.310   2.714  -1.323   1.929   4.002  -0.602   2.590   3.027  -2.970   3.663   2.111  -3.478 0.0777
1390      0.596   2.202  -0.855   1.444   3.380  -1.017   1.599   4.130   0.301   0.803   4.413  -2.205   1.367   4.045  -3.545 0.0706
1449      0.314   2.353  -0.490   1.025   3.628  -0.458   1.394   4.015   0.969   0.082   4.851  -1.169   0.382   4.926  -2.636 0.0627
201       2.126   1.162   0.119   3.036   2.303   0.083   4.426   1.883  -0.380   3.129   3.037   1.614   2.081   4.105   1.721 0.0864
392       0.245   2.397   0.173   0.934   3.682   0.091   2.065   3.764   1.109  -0.162   4.959   0.332  -0.732   5.385  -0.989 0.0796
15        1.827   1.377   0.820   2.640   2.588   0.878   1.965   3.662   1.723   2.938   3.179  -0.688   4.202   2.572  -1.220 0.1040
41        1.825   1.306  -0.883   2.491   2.556  -1.239   1.543   3.490  -1.982   3.867   2.245  -2.188   5.061   2.073  -1.297 0.1761
20        0.708   2.068  -1.014   1.282   3.406  -1.125   2.727   3.425  -0.642   0.356   4.523  -0.239  -0.709   5.102  -1.122 0.1028
323       2.029   1.216   0.570   2.855   2.404   0.770   3.549   2.815  -0.524   4.009   2.126   1.988   3.437   2.520   3.317 0.0780
106       1.583   1.458  -1.075   2.471   2.609  -1.210   1.695   3.855  -1.619   3.694   2.284  -2.346   4.877   1.681  -1.648 0.0885
473       2.153   1.148   0.035   3.037   2.309   0.001   3.173   2.854  -1.416   4.568   1.907   0.621   4.591   2.159   2.099 0.0790
62        1.891   1.285   0.776   2.805   2.419   0.882   4.090   2.022   1.598   2.057   3.710   1.697   1.363   4.593   0.704 0.0892
13        1.444   1.508  -1.128   2.593   2.397  -1.276   2.658   2.981  -2.682   4.034   1.569  -0.920   4.343   1.706   0.541 0.1191
362       0.356   2.319  -0.619   0.945   3.640  -0.420   0.655   4.164   0.982   0.359   4.733  -1.583   1.256   4.712  -2.785 0.0659
478       2.034   1.211  -0.553   2.965   2.335  -0.540   2.349   3.565  -1.196   4.412   1.917  -1.329   5.375   1.341  -0.334 0.0629
717       0.244   2.390  -0.281   0.939   3.671  -0.190   1.523   3.881   1.202  -0.116   4.947  -0.578  -0.050   5.220  -2.051 0.0655
27        2.002   1.176   0.588   3.095   2.121   0.378   3.248   3.057   1.571   2.836   3.022  -1.041   3.464   2.315  -2.204 0.2416
206       1.942   1.268   0.743   2.792   2.449   0.855   4.036   2.315  -0.017   3.241   2.707   2.474   2.230   3.594   3.138 0.0785
57        0.556   2.169  -0.835   1.361   3.368  -1.050   0.497   4.534  -1.516   2.589   3.062  -2.186   3.819   2.581  -1.475 0.1556
36        2.002   1.227  -0.590   2.793   2.428  -0.840   3.162   3.124   0.464   1.943   3.498  -1.852   2.273   3.200  -3.285 0.0907
8         0.216   2.317  -0.573   0.545   3.677  -0.154   0.000   3.969   1.239  -0.067   4.806  -1.268   0.963   5.074  -2.324 0.0912
59        1.649   1.414  -1.052   2.640   2.482  -1.139   2.328   3.427  -2.293   4.200   1.830  -1.324   4.815   1.615   0.026 0.0861
38        1.021   1.864  -1.120   1.813   3.079  -1.293   1.289   3.915  -2.454   3.449   2.689  -1.546   4.159   2.630  -0.226 0.0941
85        0.616   2.150  -0.918   1.263   3.458  -0.988   2.766   3.317  -1.198   0.953   4.348   0.427  -0.297   5.157   0.246 0.0805
16        1.496   1.541   1.111   2.412   2.667   1.271   3.217   2.541   2.559   1.555   4.135   1.260   1.458   4.647  -0.146 0.1279
709       0.247   2.400  -0.151   0.965   3.672  -0.151   1.777   3.843   1.128  -0.122   4.967  -0.329  -0.300   5.273  -1.786 0.0646
26        1.404   1.600  -1.158   2.535   2.519  -1.248   2.109   3.857  -1.842   3.781   1.837  -2.181   4.709   1.067  -1.290 0.1179
215       2.123   1.174   0.375   2.924   2.376   0.593   4.175   2.366  -0.278   3.354   2.513   2.232   2.305   3.299   2.960 0.0791
179       2.054   1.213  -0.512   2.862   2.418  -0.678   2.128   3.459  -1.515   4.355   2.037  -1.397   5.360   1.728  -0.328 0.0700
16        2.144   1.157  -0.070   2.976   2.353  -0.170   4.335   2.132   0.483   2.194   3.682   0.546   1.366   4.390  -0.485 0.1120
16        0.420   2.340  -0.397   0.896   3.645   0.053  -0.230   4.451   0.690   1.571   4.511  -1.246   3.037   4.208  -1.340 0.1165
21        1.522   1.525  -1.096   2.214   2.799  -1.263   1.651   3.580  -2.444   3.882   2.545  -1.473   4.562   2.556  -0.136 0.1015
73        2.115   1.160  -0.318   2.953   2.337  -0.530   3.739   2.684   0.729   2.004   3.663  -1.010   1.902   3.690  -2.506 0.0858
54        0.887   1.952  -1.097   1.500   3.270  -1.236   0.519   4.270  -1.837   2.899   3.175  -2.196   4.089   2.913  -1.322 0.1062
17        1.855   1.418   0.838   2.417   2.733   1.137   3.931   2.734   0.965   2.009   3.207   2.717   0.715   3.965   2.694 0.1114
429       2.123   1.173  -0.241   3.028   2.306  -0.071   2.660   3.449  -1.010   4.637   1.826  -0.339   5.247   1.376   0.955 0.0690
132       0.935   1.920  -1.134   1.862   3.031  -1.329   1.177   4.369  -1.077   2.510   2.995  -2.900   3.769   2.179  -2.904 0.0910
28        0.765   2.029   1.064   1.507   3.279   1.195   2.939   3.023   1.650   0.725   4.321   2.288  -0.249   5.186   1.545 0.1128
49        1.543   1.503  -1.087   2.361   2.703  -1.238   1.605   3.792  -1.989   3.810   2.334  -2.048   4.862   1.961  -1.046 0.0926
22        0.611   2.160  -0.906   1.433   3.360  -1.031   2.288   3.311  -2.292   2.423   3.547   0.338   1.703   4.366   1.368 0.0801
583       0.282   2.351  -0.410   1.015   3.595  -0.624   1.600   4.119   0.682   0.002   4.768  -1.322   0.082   4.674  -2.817 0.0651
148       0.621   2.141  -0.945   1.291   3.436  -1.027   2.651   3.309  -1.704   1.473   4.109   0.524   0.275   4.952   0.846 0.0836
85        2.097   1.167  -0.344   2.968   2.325  -0.528   3.405   2.456  -1.983   4.331   2.209   0.482   4.036   2.867   1.797 0.0876
75        0.520   2.213  -0.829   1.230   3.489  -0.873   2.259   3.505  -1.998   1.989   3.797   0.616   1.052   4.556   1.508 0.0848
41        0.260   2.381   0.290   0.939   3.662   0.118   1.351   4.250   1.463  -0.061   4.756  -0.715   0.183   4.633  -2.190 0.1129
25        2.131   1.119   0.008   3.073   2.213   0.229   2.666   3.053   1.434   3.178   3.193  -1.156   4.265   2.678  -2.052 0.1961
190       2.122   1.161  -0.292   3.043   2.290  -0.185   3.028   3.132  -1.456   4.621   1.740   0.131   4.834   1.659   1.613 0.0762
8         2.123   1.244  -0.245   2.792   2.401  -0.833   2.461   3.676  -0.066   2.353   2.573  -2.467   3.314   1.806  -3.326 0.2559
15        1.860   1.325  -0.821   2.614   2.559  -1.022   3.672   2.738   0.061   1.566   3.898  -1.041   1.113   4.159  -2.446 0.1060
121       1.109   1.756  -1.200   1.819   3.022  -1.357   1.057   4.164  -0.694   2.065   3.364  -3.004   3.375   2.783  -3.445 0.0836
43        0.602   2.167  -0.905   1.355   3.408  -1.066   2.836   3.126  -1.291   1.151   4.406   0.296  -0.030   5.306   0.084 0.0760
21        1.434   1.580   1.137   2.361   2.700   1.275   3.788   2.274   0.951   2.286   3.341   2.848   1.251   4.425   2.897 0.1354
10        1.199   1.769  -1.123   2.007   2.970  -1.315   3.250   2.941  -0.433   1.089   4.362  -0.982   0.418   4.830  -2.239 0.1443
34        0.114   2.400  -0.109   0.785   3.689  -0.252   0.476   4.603   0.928   0.325   4.439  -1.707   1.267   4.031  -2.800 0.0989
14        1.474   1.602   1.150   2.642   2.476   1.097   3.780   1.824   0.320   3.160   2.870   2.668   2.469   4.122   3.123 0.1459
166       2.080   1.179   0.404   2.991   2.319   0.455   4.443   1.860   0.514   2.636   3.304   1.794   1.636   4.349   1.396 0.0778
5         1.969   1.315   0.059   2.668   2.324   0.850   3.717   3.048   0.013   3.398   1.612   2.210   2.438   1.634   3.362 0.2389
70        1.804   1.376   0.878   2.485   2.648   1.102   3.804   2.706   0.340   2.759   2.890   2.762   1.591   3.615   3.361 0.0896
30        1.898   1.258  -0.857   2.988   2.223  -0.738   2.591   3.573  -1.323   4.384   1.639  -1.513   5.209   0.858  -0.535 0.1055
298       2.100   1.191   0.393   2.933   2.380   0.544   3.923   2.506  -0.608   3.765   2.337   2.026   2.937   3.004   3.084 0.0703
6         0.475   2.238  -0.841   1.251   3.472  -0.920   1.290   4.007  -2.346   2.833   3.215  -0.350   2.884   3.489   1.124 0.0889
71        1.875   1.292  -0.844   2.848   2.379  -0.880   2.807   3.108  -2.218   4.414   1.784  -0.588   4.696   1.821   0.884 0.0821
52        0.182   2.410   0.051   0.780   3.676  -0.363   1.838   4.136   0.633  -0.419   4.870  -0.533  -0.937   4.861  -1.940 0.1171
149       2.006   1.215   0.649   3.005   2.273   0.520   3.687   2.219  -0.842   4.163   2.149   1.758   3.721   2.960   2.939 0.0850
6         0.682   2.037   0.989   1.565   3.111   1.435   1.957   2.928   2.896   0.817   4.623   1.217   1.154   5.156  -0.144 0.1363
26        1.371   1.655  -1.189   2.556   2.506  -1.238   2.172   3.980  -1.290   3.518   2.106  -2.582   4.512   1.053  -2.190 0.1209
6         0.925   1.672   1.143   1.564   2.898   1.613   1.126   4.099   0.782   3.257   2.741   1.564   3.747   2.198   2.873 0.5395
22        1.594   1.500   1.038   2.388   2.716   1.191   3.801   2.392   1.664   1.637   3.781   2.283   0.713   4.694   1.534 0.1125
33        0.294   2.335  -0.445   1.079   3.496  -0.855   1.421   4.377   0.341   0.238   4.399  -2.024   0.594   3.901  -3.393 0.1187
7         0.999   1.811   1.069   1.284   3.209   1.378   2.780   3.437   1.562   0.445   3.692   2.776  -0.897   4.238   2.389 0.6476
27        2.113   1.154   0.442   2.876   2.365   0.728   4.375   2.085   0.716   2.417   3.017   2.230   1.292   3.989   2.030 0.0879
25        1.899   1.275   0.800   2.959   2.273   0.686   4.323   1.660   0.981   2.664   3.575   1.738   1.853   4.618   1.028 0.1502
22        2.199   1.061  -0.114   3.189   2.074  -0.468   3.370   2.159  -1.979   4.678   1.735   0.279   4.731   2.410   1.618 0.1255
9         0.462   2.332  -0.704  -0.738   2.435  -1.529  -0.594   1.621  -2.810  -1.062   4.061  -1.904  -1.954   4.649  -0.851 0.1084
72        0.537   2.320  -0.660   1.370   3.447  -1.069   2.124   4.032   0.120   0.421   4.649  -1.807   0.353   4.397  -3.283 0.0945
TOTRMS: 0.0774
BEFORE: 232 0.07520663711864084
AFTER: 200 0.0774090066522143
