773       2.011   4.973   1.227   2.080   5.538   2.571   0.816   6.324   2.901   3.446   6.538   2.725   4.611   5.724   3.203 0.1079
622       0.803   3.729   1.698   0.930   4.206   3.073   2.122   3.560   3.770  -0.495   3.890   3.944  -1.428   5.058   3.816 0.1029
594       0.978   4.018   1.385   1.164   4.720   2.651   2.172   3.998   3.537  -0.320   4.878   3.466  -0.981   6.161   3.058 0.1106
122       0.833   3.894   1.859   1.163   4.411   3.184   1.412   3.275   4.170  -0.083   5.416   3.756   0.183   6.831   3.336 0.2335
331       4.417   1.137  -0.813   5.443   1.003  -1.843   4.911   1.430  -3.206   6.007  -0.599  -1.913   7.174  -0.759  -0.984 0.1154
1147      3.775   1.372  -1.486   4.401   1.436  -2.804   3.490   2.128  -3.811   4.795  -0.125  -3.350   6.184  -0.475  -2.906 0.1052
536       3.426   1.813  -1.750   3.922   2.062  -3.101   3.116   3.158  -3.788   3.871   0.635  -4.024   5.169  -0.102  -3.878 0.1169
430       0.686   5.524   0.917  -0.021   6.360   1.883  -1.357   6.836   1.323   0.935   7.695   2.324   1.772   7.339   3.517 0.1535
201       1.333   4.580   1.602   0.916   5.170   2.871   0.339   6.566   2.663   2.226   5.236   3.953   2.270   3.973   4.762 0.1569
485       0.660   4.367  -0.682   0.200   5.639  -0.133   0.305   5.651   1.388  -1.403   5.945  -0.609  -1.405   6.708  -1.900 0.1241
175       3.374   2.116   2.083   3.850   2.583   3.382   5.368   2.488   3.477   3.130   1.687   4.635   1.858   2.356   5.062 0.1759
609       2.681   4.536   1.061   3.073   4.976   2.397   2.191   6.121   2.879   4.705   5.452   2.410   5.568   4.271   2.741 0.1178
446       3.839   1.552  -1.593   4.795   1.430  -2.690   4.947   2.750  -3.436   4.311   0.205  -3.765   4.908  -1.102  -3.336 0.1194
296       3.662   1.675  -1.716   4.413   1.772  -2.965   3.666   2.617  -3.990   4.717   0.223  -3.596   6.022  -0.288  -3.061 0.1233
425       2.313   2.927  -2.264   2.053   3.867  -3.351   0.909   4.810  -2.999   1.696   3.029  -4.787   2.964   2.778  -5.548 0.1024
208       1.032   4.958   1.062   0.356   5.879   1.970   0.133   7.235   1.311   1.254   6.068   3.402   0.817   5.042   4.405 0.1487
43        3.442   1.720  -1.934   3.956   1.932  -3.283   5.200   1.087  -3.536   4.309   3.577  -3.532   3.097   4.271  -4.080 0.1586
230       2.978   2.342   2.360   3.009   2.982   3.672   4.404   3.502   3.997   2.498   1.893   4.875   1.013   2.007   5.053 0.1603
795       1.480   3.537   2.015   2.072   3.853   3.312   3.329   3.028   3.558   0.946   3.585   4.558   0.169   4.843   4.808 0.1137
209       2.737   3.830  -1.832   2.712   4.282  -3.220   4.124   4.507  -3.750   1.802   5.711  -3.362   0.369   5.366  -3.637 0.1513
93        2.210   2.941  -2.433   2.249   3.251  -3.860   2.593   4.718  -4.092   0.760   2.878  -4.590   0.785   1.461  -5.081 0.2427
401       1.572   3.268  -2.260   0.999   4.343  -3.065   0.112   5.249  -2.219   0.108   3.701  -4.364   1.007   3.534  -5.552 0.1067
102       4.180   1.411  -0.845   5.241   1.394  -1.848   4.798   0.650  -3.102   6.647   0.681  -1.212   7.505   1.740  -0.585 0.2065
203       2.987   2.438   2.028   4.370   2.264   2.464   5.283   1.954   1.284   4.475   1.026   3.625   4.305   1.610   4.996 0.1460
180       2.246   4.700   1.064   2.263   5.503   2.283   2.081   6.983   1.969   3.716   5.262   3.133   3.549   4.126   4.098 0.1679
586       0.396   4.287  -0.273  -0.133   5.455   0.425   0.246   5.431   1.901  -1.823   5.531   0.258  -2.170   6.328  -0.964 0.1038
272       2.108   4.977   0.655   1.869   6.019   1.650   1.309   7.279   1.001   3.303   6.381   2.487   3.412   5.502   3.697 0.1477
198       1.325   4.338   1.600   0.879   4.899   2.872   0.711   6.411   2.777   1.979   4.511   4.110   1.578   3.214   4.747 0.1517
232      -0.122   4.515   0.065  -0.817   5.713   0.527   0.065   6.535   1.459  -2.264   5.292   1.315  -3.382   5.247   0.317 0.1759
240       2.425   4.420   1.478   2.827   4.585   2.872   1.836   5.460   3.630   4.387   5.257   2.964   5.405   4.155   2.988 0.1352
233       2.909   2.268  -2.345   4.105   2.150  -3.174   3.894   2.799  -4.537   4.535   0.516  -3.366   5.475   0.114  -2.268 0.1351
122      -0.314   4.681  -0.570  -1.019   5.924  -0.271  -2.074   5.711   0.808  -1.741   6.550  -1.677  -0.779   7.471  -2.366 0.2222
400       2.344   4.599   1.119   2.415   5.178   2.457   1.585   6.454   2.547   4.030   5.503   2.878   4.619   4.304   3.562 0.1157
582       3.038   2.575  -2.019   3.137   3.340  -3.258   1.902   4.208  -3.468   3.349   2.297  -4.584   4.813   2.074  -4.816 0.1156
57        1.569   3.556   2.209   0.906   4.745   2.736   1.917   5.723   3.322  -0.238   4.312   3.918  -1.568   4.080   3.265 0.2248
596       0.532   4.101   0.920   0.332   4.940   2.098   1.239   4.503   3.243  -1.294   4.892   2.592  -2.057   5.986   1.906 0.0982
196      -0.168   4.344  -1.024  -1.033   5.513  -1.155  -0.570   6.643  -0.243  -2.644   5.102  -0.802  -3.338   4.671  -2.060 0.2041
33        3.742   1.837   2.073   4.564   2.100   3.251   3.697   2.406   4.467   5.631   3.390   2.955   6.917   2.856   2.398 0.2566
25        2.788   2.068  -2.485   3.793   1.813  -3.513   5.138   2.419  -3.129   3.280   2.433  -5.011   2.514   1.378  -5.752 0.2370
157       2.782   4.334   1.002   3.363   4.806   2.255   3.410   3.692   3.293   2.480   6.129   2.857   3.058   7.403   2.317 0.1976
433       3.757   1.454  -1.335   4.370   1.509  -2.658   3.532   2.347  -3.617   4.576  -0.059  -3.283   5.921  -0.585  -2.879 0.1123
107      -0.228   4.413  -1.593  -1.000   5.626  -1.846  -2.378   5.544  -1.199  -1.155   5.893  -3.518  -0.012   6.737  -3.997 0.2129
56        4.499   1.358   1.887   5.887   1.166   2.296   6.750   0.724   1.119   5.984   0.023   3.551   5.880   0.723   4.873 0.2661
200       4.377   1.803  -1.272   5.577   1.310  -1.941   6.736   2.287  -1.779   5.268   1.041  -3.591   4.798  -0.369  -3.788 0.1565
108       2.079   3.031   2.436   1.503   3.989   3.376   2.537   5.020   3.812   0.875   3.182   4.735  -0.563   2.832   4.488 0.1780
298       1.482   3.674  -2.068   0.943   4.934  -2.570   0.053   5.604  -1.530   0.069   4.676  -4.006   0.990   4.809  -5.182 0.1412
220       0.317   4.030   1.141   0.135   4.769   2.387   1.349   4.619   3.296  -1.266   4.238   3.192  -2.440   5.057   2.745 0.1212
98        2.635   2.341   2.620   3.490   2.260   3.801   4.863   2.863   3.527   3.653   0.645   4.305   2.570   0.316   5.289 0.2105
119       2.841   3.129  -2.576   3.296   3.340  -3.947   4.379   4.411  -4.007   1.990   3.775  -4.945   1.375   2.538  -5.531 0.1969
275       2.806   2.349  -2.403   4.048   2.201  -3.156   4.161   3.264  -4.242   4.143   0.650  -3.846   4.824  -0.282  -2.888 0.1682
210       4.144   1.413  -0.310   5.225   1.246  -1.277   4.784   1.670  -2.673   5.756  -0.369  -1.300   6.863  -0.546  -0.303 0.1457
193      -0.012   4.296   1.275  -0.273   5.162   2.421  -0.943   4.390   3.552  -1.242   6.481   1.961  -0.365   7.618   1.528 0.1832
255       2.290   4.444  -1.489   1.870   5.349  -2.555   3.063   5.813  -3.383   1.052   6.691  -1.907  -0.416   6.392  -1.828 0.1631
170       2.203   3.288   2.208   3.367   3.389   3.084   4.468   2.431   2.645   2.926   3.073   4.695   2.534   4.356   5.367 0.1842
102       1.297   3.926   1.631   1.172   4.607   2.916   2.501   4.622   3.661  -0.022   3.860   3.869  -1.350   4.505   3.602 0.2078
197       2.722   4.242  -1.325   2.643   4.973  -2.587   4.024   5.147  -3.208   1.915   6.490  -2.349   0.432   6.368  -2.534 0.1284
152       3.890   1.447  -1.255   4.752   1.370  -2.431   6.192   1.065  -2.037   4.683   2.821  -3.314   3.587   2.735  -4.334 0.1834
30        3.650   3.094   2.924   3.588   3.593   4.295   3.252   5.079   4.324   5.062   3.312   5.095   5.018   1.974   5.770 0.2569
229       2.390   2.719   2.298   3.584   2.601   3.130   4.791   2.175   2.303   3.321   1.492   4.392   2.777   2.215   5.588 0.1504
502       1.289   4.058   1.611   1.858   4.626   2.829   2.928   3.711   3.414   0.638   4.905   3.980   0.092   6.291   3.804 0.1265
369       3.616   1.687  -1.853   4.455   1.570  -3.043   4.780   2.942  -3.622   3.689   0.608  -4.217   4.080  -0.827  -4.021 0.1322
228       2.674   2.602  -2.760   3.062   2.940  -4.126   3.372   4.427  -4.257   1.833   2.503  -5.217   2.062   1.098  -5.691 0.1780
514       4.037   1.424  -1.391   5.053   1.328  -2.435   4.902   2.452  -3.453   4.961  -0.180  -3.214   5.850  -1.162  -2.510 0.1174
334       3.628   1.777  -1.546   4.312   2.025  -2.812   3.364   1.844  -3.992   5.652   0.992  -2.976   6.867   1.653  -2.396 0.1437
94        2.386   3.212  -2.383   3.637   3.152  -3.134   4.245   4.540  -3.299   3.380   2.443  -4.658   3.578   0.959  -4.559 0.2153
189       1.019   4.470   0.994   0.352   5.400   1.901   0.775   6.837   1.621   0.688   4.997   3.518  -0.352   4.041   4.022 0.1641
140       2.456   4.285   1.382   2.771   4.731   2.736   2.906   6.248   2.796   4.202   3.996   3.285   3.868   2.710   3.981 0.1802
702       0.574   4.288   0.446   0.308   5.306   1.459   0.946   4.932   2.792  -1.366   5.526   1.655  -1.843   6.594   0.716 0.1044
168       2.428   4.144   1.543   2.744   4.457   2.933   2.445   5.919   3.248   4.376   4.112   3.263   4.500   2.696   3.743 0.1643
88        3.215   3.986   1.004   4.340   3.905   1.931   4.101   4.772   3.161   5.780   4.374   1.158   6.432   3.172   0.544 0.1814
115       0.953   3.886   1.917   1.314   4.340   3.257   0.583   3.535   4.325   0.968   5.995   3.435   2.167   6.803   3.034 0.2168
213       2.167   2.491   2.629   1.910   3.159   3.902   3.161   3.181   4.773   0.638   2.392   4.729  -0.665   3.025   4.340 0.1668
127       0.785   5.583   0.025  -0.045   6.756   0.284  -0.294   7.545  -0.997   0.685   7.754   1.451   0.220   7.347   2.817 0.1405
207       2.390   4.517  -1.176   1.862   5.490  -2.129   2.744   5.578  -3.369   1.725   7.020  -1.400   0.366   7.158  -0.780 0.1553
62        0.070   4.920  -1.579  -0.750   5.853  -2.345   0.091   6.997  -2.899  -2.008   6.467  -1.381  -3.213   5.584  -1.507 0.1931
379       0.864   3.913  -1.673   0.163   5.187  -1.813  -0.275   5.724  -0.455  -1.186   5.013  -2.833  -0.779   5.287  -4.251 0.1140
114       2.710   4.473  -1.200   2.563   5.468  -2.258   3.725   6.454  -2.250   1.091   6.302  -2.086   0.019   5.589  -2.856 0.2000
343       0.454   4.245   0.680   0.228   5.197   1.763   1.281   5.048   2.854  -1.326   4.990   2.421  -2.300   5.865   1.690 0.1217
163       2.782   2.454  -2.758   3.183   2.860  -4.101   2.942   4.349  -4.320   2.343   1.956  -5.270   3.126   0.721  -5.605 0.1710
126       1.962   2.890  -2.893   1.942   3.541  -4.200   1.744   5.046  -4.060   0.716   2.880  -5.174   1.268   1.726  -5.958 0.1820
226       1.045   3.587  -1.996   0.315   4.767  -2.449  -0.110   5.636  -1.271  -1.047   4.310  -3.358  -0.671   4.208  -4.807 0.1303
293       3.982   1.485  -1.322   4.859   1.538  -2.488   4.052   1.618  -3.779   5.883   0.182  -2.523   7.149   0.492  -1.781 0.1344
26        2.934   2.277   2.302   4.192   1.979   2.981   4.420   2.925   4.154   5.492   2.079   1.890   5.722   0.737   1.262 0.3025
133       1.165   3.975   1.633   0.874   4.682   2.877   1.738   5.930   3.013   1.114   3.658   4.213  -0.166   2.943   4.531 0.1942
426       0.904   4.347   0.992   1.105   5.186   2.170   1.908   4.451   3.236  -0.391   5.684   2.806  -0.796   6.982   2.173 0.1376
54        2.876   2.636   2.213   3.874   2.635   3.278   4.991   3.630   2.985   4.520   1.077   3.485   3.704   0.326   4.494 0.2597
127      -0.487   4.588  -0.549  -1.250   5.754  -0.112  -1.252   5.870   1.408  -2.846   5.671  -0.693  -2.926   6.343  -2.031 0.1684
135      -0.212   4.539   0.048  -0.811   5.658   0.770  -2.030   5.209   1.567  -1.245   6.897  -0.311  -0.096   7.847  -0.470 0.2097
135       0.698   3.597   2.303   0.575   4.127   3.658   1.823   4.905   4.058   0.294   2.867   4.764  -1.183   2.649   4.909 0.2269
120       2.172   4.962   0.344   1.888   6.202   1.060   2.581   7.388   0.399   2.372   6.074   2.684   1.232   5.549   3.506 0.2422
163      -0.459   4.102   1.106  -1.217   4.954   2.017  -0.297   5.645   3.017  -2.394   4.045   2.840  -3.672   4.054   2.056 0.1960
210       1.762   3.169   2.259   2.652   3.273   3.411   4.077   2.876   3.042   2.089   2.300   4.687   1.165   3.100   5.556 0.1311
338       4.123   1.425  -1.193   5.284   1.062  -2.000   5.977   2.301  -2.554   4.824   0.033  -3.272   4.918  -1.394  -2.820 0.1362
521       2.413   4.681   1.338   2.809   5.034   2.698   1.712   5.823   3.403   4.253   5.932   2.681   5.423   4.999   2.774 0.1044
88        0.663   5.854   0.166  -0.082   7.095   0.361  -1.108   6.949   1.478  -0.853   7.558  -1.082   0.062   8.442  -1.876 0.2262
412       2.532   4.724   0.824   2.660   5.453   2.083   1.743   6.671   2.106   4.272   5.931   2.330   5.001   4.860   3.086 0.1124
172       4.624   1.607  -0.641   5.975   1.141  -0.939   6.984   2.278  -0.832   6.036   0.451  -2.492   5.743  -1.017  -2.399 0.1752
188       1.871   4.272   1.655   1.790   4.672   3.057   1.375   6.133   3.187   3.280   4.417   3.835   3.310   3.036   4.418 0.1556
475      -0.081   4.186   0.446  -0.610   5.086   1.467   0.046   4.828   2.818  -2.297   4.913   1.594  -2.970   5.871   0.657 0.1217
161       2.063   4.854  -0.844   1.336   6.062  -1.224   1.712   6.508  -2.633   1.644   7.314  -0.115   0.627   7.266   0.987 0.1989
619       1.270   3.344   2.164   1.824   3.519   3.504   3.207   2.888   3.613   0.783   2.845   4.668  -0.191   3.888   5.130 0.1175
103      -0.029   4.026   1.472  -0.219   4.611   2.796  -0.567   3.541   3.824  -1.438   5.796   2.752  -0.827   7.131   2.448 0.2087
298       2.864   4.334   1.211   3.590   4.490   2.468   2.855   5.435   3.413   5.164   5.064   2.178   6.094   3.902   1.993 0.1321
54        3.783   2.000  -1.062   5.088   1.690  -0.486   6.093   2.800  -0.772   5.667   0.210  -1.091   5.209  -0.908  -0.202 0.2398
509       0.591   4.133  -1.115  -0.094   5.401  -0.886  -0.081   5.773   0.592  -1.694   5.322  -1.454  -1.739   5.763  -2.887 0.1151
163       2.825   4.025  -1.611   2.993   4.620  -2.934   4.390   5.206  -3.098   1.821   5.824  -3.196   0.606   5.210  -3.825 0.1601
374       1.955   3.268   2.220   2.963   3.386   3.270   4.245   2.657   2.886   2.363   2.775   4.739   1.696   3.879   5.504 0.1228
11        1.757   4.808   1.680   2.954   5.340   1.036   4.091   4.326   1.069   3.440   6.785   1.788   2.778   7.948   1.111 0.3055
41        0.275   1.248  -3.403   0.461   0.901  -4.810  -0.849   0.440  -5.438   1.643  -0.310  -4.971   2.991   0.326  -5.136 0.2567
208       2.462   2.449  -2.277   2.284   3.097  -3.573   1.324   4.276  -3.470   1.714   1.980  -4.722   2.879   1.331  -5.408 0.1393
242       3.232   1.881  -1.897   3.479   2.200  -3.301   2.171   2.404  -4.056   4.393   0.969  -4.037   5.853   1.278  -3.895 0.1511
140       2.166   3.094  -2.487   2.017   4.049  -3.581   1.168   5.242  -3.157   1.324   3.294  -4.938   2.410   2.739  -5.810 0.1887
177       3.199   3.226  -1.834   3.674   3.319  -3.211   5.099   3.857  -3.264   2.642   4.310  -4.129   1.564   3.472  -4.748 0.1853
76        3.038   2.161   2.199   4.277   1.966   2.947   5.488   2.383   2.121   4.430   0.343   3.429   3.799   0.159   4.776 0.1965
316       1.235   5.325   0.843   0.670   6.289   1.783  -0.275   7.254   1.077   1.909   7.152   2.564   2.305   6.433   3.819 0.1608
229       2.879   2.450  -2.213   4.222   2.126  -2.686   4.905   3.351  -3.281   4.160   0.875  -3.836   4.278  -0.449  -3.142 0.1819
261       2.687   2.386   2.406   2.699   3.012   3.725   4.009   2.735   4.452   1.387   2.461   4.656   0.207   3.360   4.438 0.1533
57        2.096   4.917   1.086   2.278   5.606   2.361   3.479   5.050   3.118   0.876   5.473   3.313  -0.035   6.629   3.025 0.2993
131       4.684   1.356  -0.155   6.007   1.251  -0.764   5.903   1.075  -2.274   6.872  -0.045  -0.084   7.654   0.442   1.099 0.2046
90        1.164   3.562  -2.523   0.728   4.595  -3.458   0.275   5.849  -2.718  -0.529   4.013  -4.443   0.051   3.392  -5.679 0.2252
346       2.148   4.995   0.638   1.927   5.945   1.725   0.991   7.067   1.291   3.406   6.593   2.255   3.960   5.739   3.357 0.1259
111       3.434   2.030   1.698   3.778   2.446   3.054   5.202   2.986   3.119   3.596   1.148   4.138   2.200   1.145   4.685 0.2012
86        2.601   4.398  -1.167   2.473   5.308  -2.302   3.183   6.629  -2.029   0.834   5.589  -2.656   0.356   4.571  -3.648 0.2314
65       -1.019   4.218  -0.178  -2.158   5.127  -0.080  -1.859   6.280   0.870  -3.543   4.288   0.439  -4.290   3.769  -0.753 0.2392
156       2.612   2.383  -2.609   2.554   2.997  -3.932   3.573   2.367  -4.874   2.821   4.673  -3.821   1.510   5.377  -3.635 0.1999
132       2.453   4.494   0.831   2.509   5.331   2.026   1.717   4.708   3.170   1.917   6.889   1.688   3.047   7.766   1.240 0.2094
88        3.449   2.455  -1.771   4.880   2.172  -1.730   5.697   3.450  -1.875   5.302   1.068  -2.953   5.193  -0.331  -2.424 0.2051
83        1.081   4.457  -0.496   0.422   5.758  -0.566   1.428   6.893  -0.417  -0.778   5.880   0.633  -2.085   5.389   0.084 0.2592
114      -0.068   4.951   0.245  -1.026   6.029   0.471  -0.383   7.392   0.244  -1.661   5.938   2.046  -2.895   5.086   2.039 0.2133
89        3.376   3.821  -1.358   3.948   4.305  -2.611   4.647   5.645  -2.415   2.740   4.446  -3.799   2.629   3.156  -4.556 0.2614
53        2.014   4.596   1.277   2.065   5.291   2.560   3.494   5.686   2.914   1.408   4.317   3.789  -0.063   4.586   3.906 0.2707
120      -0.194   4.160   0.862  -0.679   5.001   1.953  -0.654   4.249   3.279  -2.254   5.551   1.624  -2.184   6.857   0.889 0.2025
190       3.842   1.998  -2.167   4.769   1.645  -3.238   5.891   2.670  -3.353   3.943   1.516  -4.719   3.471   0.105  -4.907 0.1835
39        2.812   2.384   2.420   3.029   2.849   3.787   1.882   2.428   4.698   3.208   4.539   3.817   4.657   4.892   3.659 0.3290
150       3.264   2.149  -1.820   4.689   1.928  -2.053   5.206   2.818  -3.177   4.983   0.294  -2.420   5.257  -0.462  -1.154 0.1714
212       2.001   3.434  -2.144   1.847   3.873  -3.528   2.775   5.041  -3.839   0.233   4.312  -3.835  -0.527   3.114  -4.320 0.1707
98        3.426   3.906   0.216   4.879   3.889   0.363   5.421   2.466   0.291   5.336   4.613   1.831   5.555   6.082   1.618 0.2665
229       2.941   4.148   1.208   3.662   4.335   2.463   3.287   5.659   3.119   5.340   4.270   2.199   5.815   2.855   2.346 0.1701
277       3.621   2.185  -1.515   4.143   2.673  -2.788   3.146   3.602  -3.470   4.522   1.370  -3.812   5.947   0.958  -3.591 0.1276
55        0.562   5.392  -1.543  -0.074   6.462  -2.307   0.967   7.400  -2.907  -1.148   7.336  -1.321  -2.512   6.717  -1.396 0.2329
646       3.356   1.756  -1.848   3.691   2.000  -3.248   2.598   2.806  -3.941   3.937   0.529  -4.065   5.384   0.143  -3.974 0.1102
113       2.026   4.749  -0.664   1.283   5.965  -0.982   2.022   6.805  -2.017   1.012   6.880   0.426  -0.287   6.464   1.050 0.1990
173       3.458   1.999   2.657   3.851   2.419   3.999   5.319   2.826   4.039   3.560   1.174   5.120   2.174   1.316   5.676 0.1645
334       4.213   1.328  -1.005   5.405   1.066  -1.806   5.668   2.204  -2.786   5.244  -0.403  -2.646   5.783  -1.522  -1.806 0.1344
58        2.448   4.885   0.919   2.596   5.821   2.029   3.086   5.109   3.285   1.123   6.609   2.342   1.045   7.866   1.529 0.2584
724       2.082   4.988   0.937   2.012   5.736   2.190   0.864   6.739   2.167   3.481   6.538   2.485   4.388   5.645   3.278 0.1125
140       1.606   4.335  -1.592   0.940   5.234  -2.529   1.955   6.039  -3.333  -0.112   6.283  -1.701  -1.473   5.659  -1.612 0.1826
392       3.404   2.590  -1.689   3.686   3.352  -2.902   2.439   4.074  -3.399   4.291   2.329  -4.118   5.786   2.269  -4.024 0.1170
182       4.548   1.381  -0.758   5.837   1.307  -1.440   5.873   2.235  -2.648   6.161  -0.291  -1.922   6.901  -1.003  -0.829 0.1504
549       1.361   3.819   1.795   1.904   4.298   3.063   3.070   3.431   3.523   0.692   4.325   4.254   0.013   5.662   4.247 0.1072
190       2.893   2.448   2.309   2.886   3.146   3.591   4.299   3.301   4.140   1.912   2.318   4.712   0.506   2.832   4.628 0.1631
119       2.849   2.316  -2.259   3.955   2.128  -3.193   3.456   1.608  -4.536   5.105   1.057  -2.544   6.129   1.832  -1.769 0.2380
244       3.951   1.746  -1.802   4.993   1.659  -2.822   5.456   3.045  -3.253   4.432   0.785  -4.168   4.742  -0.671  -3.984 0.1645
39        2.132   4.700  -0.515   1.527   5.996  -0.808   0.017   5.956  -0.607   1.891   6.474  -2.399   3.164   7.268  -2.403 0.2250
145       2.408   2.647  -2.506   3.415   2.665  -3.563   2.771   2.862  -4.931   4.319   1.225  -3.546   5.512   1.395  -2.654 0.2102
45        2.508   4.422  -1.023   2.352   5.350  -2.140   0.896   5.437  -2.582   3.331   4.875  -3.447   4.676   5.527  -3.327 0.1840
1532      3.979   1.398  -1.133   4.770   1.440  -2.359   3.957   2.006  -3.518   5.340  -0.114  -2.751   6.678  -0.332  -2.109 0.0927
168      -0.312   4.444  -0.218  -1.059   5.623   0.208  -0.445   6.240   1.459  -2.687   5.223   0.493  -3.475   5.402  -0.770 0.1874
86        1.239   5.765   0.433   0.759   7.003   1.041   0.271   6.762   2.464  -0.489   7.679   0.103   0.099   8.616  -0.910 0.2311
127       0.596   5.445  -1.183  -0.181   6.561  -1.715   0.584   7.287  -2.816  -0.585   7.648  -0.472  -1.902   7.253   0.128 0.2021
32        3.760   0.659   1.162   4.920  -0.162   0.828   5.158  -0.190  -0.677   4.717  -1.744   1.416   5.276  -1.838   2.805 0.2968
144       4.119   2.312  -1.238   5.139   1.949  -2.218   6.501   2.512  -1.828   4.701   2.503  -3.764   3.904   1.445  -4.468 0.2297
60        4.333   1.257   0.204   5.679   0.994  -0.296   6.626   0.632   0.841   6.272   2.344  -1.142   5.905   2.227  -2.592 0.2320
134       1.904   4.781   1.157   1.737   5.617   2.343   2.159   7.055   2.065   2.631   4.987   3.644   1.778   4.028   4.420 0.1911
114       2.736   4.354   1.011   3.188   4.881   2.296   3.772   3.776   3.168   1.905   5.647   3.107   1.869   7.098   2.728 0.2020
327       2.020   2.933  -2.327   1.627   3.842  -3.399   0.639   4.889  -2.896   0.948   2.975  -4.694   2.030   2.591  -5.660 0.1168
79        3.134   4.162   0.602   3.898   4.675   1.736   3.578   3.901   3.009   3.582   6.330   1.964   4.561   7.140   1.169 0.2026
544       0.265   3.968   1.190   0.069   4.636   2.473   1.125   4.205   3.484  -1.486   4.310   3.080  -2.443   5.357   2.593 0.1008
112       2.231   3.508   1.932   2.551   3.628   3.352   2.739   5.087   3.750   3.950   2.737   3.722   3.566   1.340   4.111 0.2375
99        0.610   4.319  -1.106   0.006   5.628  -0.874  -0.621   5.705   0.513  -1.164   5.961  -2.062  -0.517   6.665  -3.217 0.1811
61        2.987   2.363   2.022   3.123   2.938   3.357   1.898   3.766   3.726   4.525   3.896   3.451   5.681   3.049   3.893 0.2376
571       0.418   4.260   0.030  -0.038   5.370   0.862   0.632   5.342   2.231  -1.729   5.322   1.039  -2.369   6.117  -0.059 0.1077
197       3.463   2.034  -2.247   4.208   2.217  -3.490   4.160   3.669  -3.950   3.594   1.199  -4.705   4.321  -0.113  -4.673 0.1516
158       1.028   4.199   1.469   0.439   4.821   2.651   0.567   6.339   2.595   1.174   4.225   4.064   0.426   3.018   4.546 0.1479
168       3.262   3.476  -1.623   3.665   3.694  -3.009   5.177   3.849  -3.124   2.888   5.066  -3.644   1.589   4.659  -4.274 0.1452
455       0.595   3.661   1.789   0.743   4.036   3.192   2.081   3.563   3.749  -0.532   3.395   4.116  -1.663   4.379   4.159 0.1118
93        3.113   2.128  -2.335   3.392   2.554  -3.703   4.807   2.168  -4.121   3.176   4.234  -3.857   1.757   4.521  -4.248 0.2066
226       1.004   4.619   1.207   0.318   5.421   2.217   0.324   6.898   1.841   1.043   5.204   3.739   0.376   4.064   4.452 0.1484
166       1.654   4.112   1.554   1.452   4.754   2.849   1.808   6.235   2.789   2.377   3.979   4.046   1.570   2.878   4.668 0.1723
311       1.878   4.714   1.167   1.634   5.469   2.393   1.028   6.834   2.085   3.078   5.657   3.271   3.236   4.510   4.224 0.1348
91        1.341   3.827   1.958   1.031   4.052   3.367   0.930   5.541   3.676   2.210   3.330   4.357   1.800   1.923   4.677 0.2015
69        3.026   2.384   2.243   3.216   3.013   3.546   4.143   2.183   4.426   1.720   3.235   4.322   1.161   4.578   3.956 0.2520
162       3.703   1.714  -1.562   4.640   1.453  -2.651   5.390   2.720  -3.045   3.821   0.818  -3.999   3.792  -0.679  -3.906 0.1948
71        0.569   5.555   0.172  -0.202   6.775   0.395   0.686   8.010   0.301  -0.971   6.723   1.910  -2.330   6.106   1.760 0.2342
56        3.362   2.174  -1.856   3.857   1.838  -3.188   5.165   2.562  -3.486   2.695   2.225  -4.368   1.804   1.041  -4.598 0.2240
244       0.255   5.343   0.196  -0.740   6.384   0.438  -0.699   7.447  -0.653  -0.491   7.101   1.960  -1.279   6.358   2.998 0.1705
536       3.594   1.610  -1.840   4.328   1.642  -3.101   3.994   2.896  -3.900   3.983   0.255  -4.023   4.966  -0.827  -3.685 0.1193
47        0.531   3.876  -2.552   0.500   4.534  -3.856  -0.437   5.736  -3.841   0.022   3.436  -5.063   1.234   2.762  -5.633 0.3238
373       0.154   3.782   1.492   0.012   4.265   2.862   1.209   3.858   3.714  -1.424   3.675   3.554  -2.541   4.641   3.289 0.1274
121       1.887   4.662   1.195   1.744   5.451   2.415   2.593   6.716   2.353   2.176   4.526   3.775   0.963   3.820   4.304 0.2047
148       0.123   4.981   0.716  -0.878   5.941   1.171  -0.623   7.322   0.579  -0.888   6.028   2.869  -1.863   5.027   3.415 0.1801
77        1.985   3.137  -2.362   1.600   4.156  -3.334   0.096   4.137  -3.583   2.436   3.929  -4.796   3.721   4.702  -4.763 0.2271
147       2.615   3.285  -1.908   2.845   3.580  -3.319   4.000   4.560  -3.494   1.435   4.207  -4.032   0.613   3.082  -4.587 0.1557
169      -0.639   4.538   0.127  -1.373   5.622   0.774  -2.195   5.104   1.949  -2.386   6.404  -0.346  -1.640   7.534  -0.990 0.1820
98       -0.157   4.555   1.342  -1.223   5.251   2.056  -1.148   6.755   1.824  -1.140   4.913   3.721  -1.971   3.703   4.027 0.2155
77       -0.235   5.124  -0.737  -1.249   6.089  -1.150  -0.619   7.271  -1.879  -2.130   6.637   0.197  -3.320   5.749   0.411 0.1775
39        0.336   3.952   1.709   0.290   4.555   3.038  -0.661   5.746   3.069   1.846   5.039   3.525   2.514   3.913   4.255 0.2838
211       0.975   4.976   1.328   0.329   5.769   2.371  -0.335   7.009   1.785   1.459   6.218   3.559   1.500   5.170   4.631 0.1657
14       -3.308   2.298   0.487  -4.458   2.199  -0.408  -4.547   3.413  -1.324  -5.894   2.037   0.487  -6.177   0.583   0.720 0.4004
57        4.186   1.519   0.797   5.372   1.480   1.649   6.622   1.164   0.836   5.175   0.332   2.887   4.556   0.990   4.085 0.2789
17        0.480   3.812   1.468  -0.396   4.976   1.378  -1.741   4.704   2.042  -0.628   5.420  -0.247   0.426   6.407  -0.651 0.3502
176       2.097   4.642  -1.072   1.474   5.710  -1.849   2.415   6.218  -2.936   1.011   6.991  -0.832  -0.392   6.766  -0.352 0.1735
63        3.817   1.850   1.260   4.644   2.057   2.445   5.989   1.353   2.306   3.838   1.503   3.836   3.031   2.622   4.424 0.2041
466       2.037   4.694   1.392   2.088   5.126   2.786   0.948   6.087   3.105   3.583   5.862   3.124   4.556   4.823   3.598 0.1255
332       2.931   2.217  -2.061   3.030   2.736  -3.422   1.988   3.819  -3.675   2.848   1.477  -4.551   4.192   0.892  -4.868 0.1115
380      -0.081   4.440   0.472  -0.469   5.399   1.502   0.066   4.984   2.868  -2.161   5.555   1.561  -2.595   6.650   0.632 0.1359
87        0.084   1.591  -3.267   0.096   1.222  -4.679  -0.944   0.147  -4.975   1.641   0.679  -5.137   2.457   1.842  -5.619 0.1874
171       1.935   4.216  -2.108   1.602   4.943  -3.330   2.827   5.650  -3.898   0.363   6.068  -3.033  -0.968   5.421  -3.270 0.1751
432       4.062   1.771  -0.513   5.045   1.853  -1.590   4.389   2.263  -2.903   5.845   0.365  -1.777   7.066   0.340  -0.907 0.1226
124       1.477   3.292  -2.703   1.214   4.056  -3.919   1.408   5.549  -3.683  -0.363   3.754  -4.480  -0.343   2.593  -5.428 0.2136
91        3.069   4.215   0.843   4.036   4.533   1.890   4.520   3.270   2.592   3.355   5.605   3.021   3.621   7.018   2.594 0.2123
154       3.163   2.309   2.101   3.491   2.882   3.404   4.869   2.428   3.871   2.315   2.452   4.554   1.231   3.489   4.572 0.1842
115       2.107   2.772   2.580   1.703   3.615   3.701   2.589   3.371   4.918   0.075   3.331   4.100  -0.801   4.263   3.317 0.2647
77        3.089   1.978   2.144   4.446   1.623   2.550   4.655   1.866   4.040   5.585   2.508   1.649   5.947   1.742   0.411 0.2632
454       2.370   3.106  -2.202   2.102   4.148  -3.189   0.798   4.874  -2.881   2.044   3.483  -4.753   3.415   3.512  -5.360 0.1167
230       2.565   4.387  -1.229   2.257   5.231  -2.381   3.452   5.330  -3.323   1.787   6.783  -1.870   0.300   6.816  -1.676 0.1367
268       3.166   1.839  -2.203   3.673   1.957  -3.568   3.477   3.370  -4.105   2.902   0.835  -4.586   3.683  -0.446  -4.600 0.1544
80        0.914   4.402   0.877   0.273   5.427   1.696   1.134   6.682   1.777  -0.037   4.830   3.257  -1.400   4.206   3.292 0.2223
278       4.393   1.472  -0.929   5.650   1.380  -1.666   5.787   2.525  -2.663   5.757  -0.112  -2.473   6.416  -1.119  -1.578 0.1392
173       0.263   5.066   0.481  -0.763   5.999   0.937  -0.799   7.246   0.063  -0.494   6.431   2.559  -1.218   5.474   3.459 0.1826
245       0.482   3.798  -1.651  -0.401   4.956  -1.757  -0.675   5.565  -0.387  -1.865   4.520  -2.505  -1.743   4.703  -3.988 0.1416
105      -0.532   4.569  -1.272  -1.363   5.763  -1.402  -1.394   6.554  -0.099  -2.943   5.338  -1.864  -3.040   5.328  -3.361 0.2261
510       0.927   3.871   1.828   1.337   4.338   3.149   2.274   3.339   3.818  -0.023   4.609   4.132  -0.481   6.028   3.971 0.1323
82        3.242   1.857  -2.064   3.507   2.113  -3.477   4.961   2.513  -3.699   2.472   3.327  -4.064   1.218   2.701  -4.598 0.2389
243       4.209   1.686  -1.018   5.214   1.840  -2.066   4.700   2.727  -3.194   5.668   0.321  -2.680   6.829  -0.210  -1.894 0.1389
141       1.915   4.850   0.817   1.597   5.874   1.809   1.604   7.264   1.184   2.699   5.810   3.102   2.177   4.881   4.157 0.1668
108      -0.659   4.557   0.474  -1.335   5.569   1.280  -1.756   5.003   2.631  -2.692   6.176   0.454  -2.286   7.362  -0.370 0.2010
217      -0.238   4.425  -0.376  -1.123   5.573  -0.202  -0.412   6.711   0.521  -2.521   5.122   0.655  -3.579   4.680  -0.311 0.1697
367       1.800   4.890   1.144   1.554   5.636   2.374   0.659   6.843   2.115   3.023   6.138   3.067   3.513   5.085   4.017 0.1317
133       0.133   4.265   1.670  -0.142   5.192   2.764   1.140   5.579   3.491  -1.248   4.506   3.859  -2.646   4.861   3.446 0.2052
119       2.053   4.849  -0.011   1.416   6.082   0.441   1.424   7.139  -0.658   2.198   6.679   1.828   1.548   6.107   3.053 0.1812
127       0.538   4.194  -2.006  -0.010   5.388  -2.645   0.389   6.648  -1.887  -1.704   5.281  -2.748  -2.086   4.631  -4.044 0.2343
570       4.182   1.194  -1.276   4.957   1.135  -2.512   4.147   1.657  -3.693   5.469  -0.458  -2.815   6.808  -0.682  -2.177 0.1013
155       4.522   1.158  -0.172   5.773   0.922  -0.887   5.591   1.109  -2.388   6.356  -0.642  -0.561   7.258  -0.600   0.637 0.1585
64        1.296   3.308  -2.324   2.058   3.286  -3.569   2.395   4.698  -4.032   1.191   2.466  -4.780   1.544   1.008  -4.748 0.2642
235       2.469   4.580   1.517   3.049   4.761   2.845   2.007   5.270   3.835   4.363   5.838   2.776   5.626   5.070   2.526 0.1367
79       -0.758   4.333   0.400  -1.591   5.293   1.119  -1.492   5.086   2.625  -3.211   5.166   0.617  -3.451   6.093  -0.537 0.1889
145       1.502   3.558  -2.230   0.948   3.935  -3.527   1.798   5.010  -4.195  -0.653   4.481  -3.353  -1.594   3.322  -3.490 0.1810
1224      1.183   3.405   2.109   1.594   3.629   3.493   2.800   2.770   3.853   0.307   3.300   4.554  -0.489   4.551   4.777 0.1220
234       2.451   4.360   1.329   2.693   4.762   2.712   2.090   6.132   2.998   4.360   4.776   3.043   4.781   3.429   3.550 0.1283
82       -0.192   4.500  -1.338  -0.941   5.753  -1.313  -2.415   5.506  -1.019  -0.770   6.576  -2.791   0.415   7.492  -2.720 0.2436
114       2.172   4.965  -0.303   1.555   6.265  -0.052   1.366   7.042  -1.349   2.498   7.168   1.038   2.049   6.885   2.440 0.1825
44        2.329   4.889  -0.343   2.041   6.312  -0.184   3.305   7.148  -0.347   1.337   6.609   1.335  -0.155   6.504   1.223 0.2548
187       0.176   5.321   0.206  -0.778   6.418   0.341  -0.311   7.650  -0.425  -1.009   6.804   1.981  -2.142   5.990   2.531 0.1935
838       1.456   5.275   1.049   1.188   6.004   2.286  -0.215   6.598   2.279   2.341   7.234   2.511   3.501   6.694   3.293 0.1066
227      -0.068   4.143  -0.677  -0.877   5.231  -0.134  -0.689   5.355   1.374  -2.520   4.987  -0.498  -2.844   5.642  -1.808 0.1483
635       1.771   5.044   1.397   1.888   5.529   2.769   0.537   5.984   3.308   3.009   6.804   2.854   4.377   6.250   3.124 0.1239
732       0.916   3.897   1.603   1.154   4.477   2.922   2.462   3.970   3.517  -0.138   4.123   3.968  -1.169   5.208   3.875 0.1094
164       0.513   5.651  -0.168  -0.347   6.830  -0.159  -0.138   7.671  -1.413  -0.055   7.768   1.228  -0.962   7.320   2.335 0.1775
327       1.486   5.307   0.699   1.019   6.224   1.735  -0.192   7.018   1.260   2.267   7.283   2.196   3.040   6.680   3.331 0.1302
94        0.514   4.338   1.579  -0.308   4.803   2.693  -0.708   6.262   2.509   0.522   4.607   4.164   0.214   3.255   4.735 0.2016
130      -0.060   4.323   1.028  -0.354   5.109   2.223  -1.563   4.551   2.964  -0.624   6.736   1.810   0.675   7.486   1.855 0.2264
23        4.998   3.013   1.278   6.330   2.730   1.803   7.186   2.010   0.767   6.224   1.798   3.221   6.145   2.707   4.412 0.3338
81        3.206   2.871   1.710   4.658   2.924   1.856   5.355   2.405   0.604   5.151   2.026   3.213   5.177   2.917   4.419 0.2352
97       -0.078   5.584  -0.481  -1.108   6.562  -0.817  -0.907   7.108  -2.226  -1.106   7.837   0.308  -2.039   7.510   1.435 0.1880
139       1.450   3.929  -1.864   0.804   4.606  -2.985   1.749   5.608  -3.639  -0.612   5.393  -2.467  -1.778   4.458  -2.594 0.1809
13       -1.391   2.805  -2.166  -2.061   2.778  -3.463  -2.345   1.347  -3.905  -1.120   3.574  -4.634  -1.494   5.026  -4.673 0.4783
184       2.732   4.552   0.951   3.175   5.184   2.190   2.718   6.636   2.259   4.867   5.098   2.329   5.246   3.837   3.047 0.1621
582       1.625   3.284   2.243   2.423   3.397   3.461   3.741   2.645   3.326   1.551   2.809   4.797   0.771   3.930   5.418 0.1099
163       4.191   1.658  -0.552   5.317   1.702  -1.481   4.858   1.453  -2.913   6.496   0.560  -1.039   7.479   1.193  -0.100 0.1659
46        3.470   2.202  -1.512   4.915   2.003  -1.473   5.443   1.545  -2.827   5.325   0.869  -0.273   5.569   1.581   1.024 0.2470
152       3.074   2.177  -2.246   3.440   2.599  -3.595   2.773   3.921  -3.956   3.014   1.403  -4.726   4.162   0.454  -4.905 0.1541
161       0.636   4.682   1.414  -0.160   5.346   2.442  -0.608   6.729   1.982   0.724   5.472   3.889   0.475   4.259   4.734 0.1823
378       2.622   2.533  -2.235   2.495   3.227  -3.514   1.261   4.122  -3.532   2.423   2.108  -4.792   3.810   1.826  -5.288 0.1160
110       4.385   1.344  -0.157   5.749   0.936  -0.483   6.505   2.058  -1.184   5.733  -0.456  -1.460   5.767  -1.678  -0.590 0.2024
56        3.082   4.253   0.943   3.956   4.532   2.078   4.643   5.884   1.923   5.119   3.303   2.248   4.587   2.232   3.152 0.2599
127       0.118   4.703   0.031  -0.220   5.849   0.870  -0.209   5.471   2.347  -1.742   6.472   0.439  -1.571   7.523  -0.617 0.2145
646       1.656   3.679   2.011   2.482   3.996   3.172   3.707   3.092   3.237   1.575   3.854   4.603   0.936   5.173   4.923 0.1232
184       3.071   1.890  -2.004   3.335   2.186  -3.409   2.617   3.457  -3.846   2.860   0.881  -4.390   4.013  -0.063  -4.559 0.1642
270       0.922   4.240  -1.341   0.391   5.588  -1.165   0.084   5.870   0.301  -1.008   5.804  -2.106  -0.625   6.325  -3.459 0.1372
430       0.644   4.456   0.024   0.403   5.579   0.926   0.916   5.276   2.329  -1.255   5.952   0.979  -1.573   6.966  -0.079 0.1157
144       2.232   4.690   0.598   1.691   5.919   1.170   0.168   5.885   1.204   2.224   7.270   0.285   3.509   7.776   0.870 0.2011
63        2.447   2.508   2.373   1.921   3.171   3.563   2.913   4.192   4.107   1.545   2.026   4.763   0.123   1.580   4.601 0.1808
274       4.159   1.652  -1.069   5.361   1.537  -1.890   5.715   2.872  -2.535   5.150   0.349  -3.088   5.602  -0.980  -2.559 0.1360
161       1.619   4.546   1.349   1.280   5.294   2.557   1.176   6.787   2.267   2.437   5.015   3.771   2.018   3.837   4.600 0.1517
213       2.328   3.859  -1.799   2.228   4.415  -3.146   3.513   5.132  -3.541   0.909   5.482  -3.250  -0.317   4.724  -3.666 0.1831
142       4.191   1.457  -1.558   5.309   0.921  -2.329   6.363   1.993  -2.584   4.759   0.281  -3.805   4.421  -1.169  -3.626 0.1604
427       1.952   3.310  -2.234   1.511   4.432  -3.058   0.325   5.147  -2.422   1.102   3.897  -4.618   2.312   3.957  -5.502 0.1095
555       4.199   1.614  -1.047   4.996   1.783  -2.259   4.117   2.162  -3.445   5.859   0.359  -2.605   7.199   0.411  -1.933 0.1171
237       3.096   2.262  -2.039   4.445   2.118  -2.581   4.519   2.635  -4.013   4.937   0.492  -2.522   5.627   0.225  -1.217 0.1640
113       3.982   1.370   0.518   5.237   1.019  -0.140   5.173   1.307  -1.635   5.607  -0.619   0.124   6.431  -0.752   1.370 0.2057
165       2.414   4.614   0.522   2.139   5.768   1.374   0.847   5.576   2.159   2.048   7.186   0.440   3.409   7.809   0.343 0.1993
27        3.961   1.867   2.179   5.034   1.961   3.165   6.051   0.842   2.978   4.396   1.914   4.741   4.095   3.309   5.200 0.3779
73       -0.889   4.099   0.877  -1.812   4.924   1.651  -1.373   5.021   3.107  -3.390   4.296   1.558  -4.104   4.908   0.391 0.2159
303       3.882   1.688  -0.933   4.745   1.770  -2.108   4.123   2.649  -3.186   5.054   0.217  -2.727   6.287  -0.342  -2.082 0.1356
209       2.515   4.573   1.043   2.724   5.280   2.304   2.352   6.752   2.176   4.341   5.129   2.807   4.484   3.913   3.673 0.1501
47        4.546   1.569   0.978   5.949   1.270   1.251   6.871   2.134   0.399   6.269  -0.376   0.970   6.044  -1.152   2.234 0.2664
34        1.320   3.196   2.382   0.579   4.172   3.176   0.309   3.645   4.581  -0.886   4.570   2.411  -0.672   5.743   1.500 0.3351
58        2.040   4.860   0.255   1.640   6.060   0.984   1.016   5.704   2.328   0.550   6.980   0.059   1.311   7.962  -0.781 0.2503
443       2.903   2.950  -1.997   2.888   3.910  -3.098   1.526   4.584  -3.220   3.293   3.142  -4.560   4.777   3.204  -4.763 0.1295
21        0.221   4.039  -1.480   0.282   4.479  -2.871   0.622   5.962  -2.963  -1.194   4.169  -3.656  -1.154   2.803  -4.275 0.2619
122       3.275   3.968  -1.523   3.601   4.482  -2.850   4.842   5.366  -2.807   2.287   5.351  -3.489   1.401   4.421  -4.263 0.1844
67        3.626   2.025   1.481   3.985   2.359   2.856   5.193   3.288   2.898   4.305   0.946   3.746   3.038   0.461   4.385 0.2389
456       3.786   2.155  -1.315   4.342   2.628  -2.580   3.252   3.205  -3.476   5.149   1.365  -3.383   6.589   1.347  -2.964 0.1199
82        2.083   4.514   1.196   2.061   5.229   2.469   3.286   6.123   2.618   1.978   4.131   3.764   0.541   3.858   4.098 0.2302
360       2.738   2.870  -2.147   2.646   3.792  -3.276   1.432   4.703  -3.143   2.572   2.931  -4.740   3.960   2.712  -5.263 0.1075
165       1.183   4.787   0.807   0.533   5.819   1.609   0.798   7.207   1.037   1.068   5.741   3.221   0.173   4.825   4.002 0.1733
392       0.197   4.037   1.262   0.039   4.709   2.549   0.804   3.979   3.647  -1.607   4.820   2.961  -2.171   6.103   2.425 0.1388
40        3.977   0.671  -0.489   4.796   0.115  -1.562   4.163   0.372  -2.925   5.025  -1.554  -1.331   6.262  -1.780  -0.513 0.2659
22       -1.187   0.884  -3.687  -1.075   0.049  -4.880  -2.275   0.240  -5.799  -0.927  -1.588  -4.446   0.524  -1.934  -4.286 0.4339
1827      1.012   3.845   1.784   1.375   4.340   3.109   2.528   3.535   3.698   0.033   4.285   4.151  -0.717   5.581   4.070 0.1071
195       3.589   1.789  -2.152   4.264   1.969  -3.434   3.683   3.152  -4.200   4.146   0.554  -4.370   5.319  -0.335  -4.081 0.1573
34        0.433   4.443   0.313  -0.151   5.627   0.937  -1.243   6.228   0.061   1.052   6.788   1.249   1.619   6.565   2.619 0.3126
96        3.015   2.437  -2.115   3.124   3.062  -3.430   1.758   3.185  -4.095   4.178   2.172  -4.424   5.576   2.690  -4.261 0.1821
908       0.636   4.224   0.960   0.595   5.065   2.153   1.436   4.468   3.275  -1.010   5.276   2.675  -1.594   6.491   2.017 0.1097
24        3.398   4.206  -1.114   4.763   4.255  -1.630   4.773   4.312  -3.153   5.650   2.908  -1.091   6.320   3.239   0.209 0.2883
176       0.518   5.612   0.433  -0.371   6.662   0.923  -1.076   7.367  -0.230   0.498   7.789   1.853   0.491   7.362   3.290 0.1695
179       0.487   3.362   2.072   0.671   3.491   3.515   1.994   2.876   3.956  -0.619   2.758   4.345  -1.704   3.767   4.575 0.1374
191       1.267   3.133  -2.323   0.529   4.105  -3.124  -0.271   5.052  -2.237  -0.508   3.311  -4.213   0.216   3.066  -5.504 0.1315
43       -1.367   1.114  -3.617  -1.183   0.355  -4.851  -0.489   1.196  -5.915  -2.680  -0.202  -5.434  -2.970  -1.556  -4.856 0.3334
44       -1.605   0.903  -3.135  -1.502  -0.060  -4.228  -1.399   0.647  -5.575  -2.839  -1.110  -4.222  -2.529  -2.309  -3.376 0.3514
20        3.070   4.709   0.967   2.817   5.889   1.789   3.311   5.679   3.216   1.159   6.264   1.795   0.855   7.206   0.669 0.2766
95        0.151   4.463  -2.121  -0.499   5.711  -2.513  -1.565   6.116  -1.501  -1.189   5.560  -4.059  -0.186   5.966  -5.097 0.2577
104       2.099   3.099  -2.621   3.031   3.349  -3.717   2.623   4.584  -4.513   3.116   1.996  -4.743   4.202   1.077  -4.269 0.2127
74        0.990   3.755   2.159   1.444   4.155   3.488   1.190   3.053   4.510   0.670   5.589   3.972   1.486   6.770   3.535 0.2196
125       2.167   5.045   0.427   1.952   6.206   1.284   1.851   7.485   0.461   3.206   6.343   2.424   2.839   5.585   3.665 0.1801
172       1.095   5.482   0.860   0.499   6.585   1.609   0.093   7.722   0.679   1.582   7.154   2.789   1.364   6.405   4.070 0.1671
251       4.535   1.154  -0.808   5.614   1.058  -1.787   5.086   1.234  -3.206   6.413  -0.436  -1.644   7.549  -0.305  -0.673 0.1126
116       2.561   4.534   1.110   2.951   5.061   2.415   3.747   6.353   2.270   3.862   3.908   3.271   2.942   3.053   4.091 0.2149
76        1.664   2.900   2.552   1.002   3.770   3.520   2.020   4.521   4.370  -0.036   2.866   4.518  -1.402   2.814   3.900 0.2158
137       1.806   3.544  -2.175   1.364   4.728  -2.906  -0.047   5.132  -2.493   1.422   4.446  -4.582   2.768   4.845  -5.109 0.1918
397       3.420   2.139  -1.754   3.726   2.618  -3.099   2.524   3.323  -3.717   4.219   1.328  -4.091   5.708   1.170  -4.003 0.1096
152       2.509   3.002   2.175   3.792   3.022   2.870   4.891   2.405   2.013   3.677   2.197   4.353   3.281   3.161   5.431 0.1418
170       0.416   5.436   0.557  -0.515   6.459   1.024  -0.820   7.467  -0.078   0.115   7.258   2.386  -0.324   6.546   3.631 0.1620
86        2.684   4.459   0.717   2.884   5.398   1.818   2.614   4.732   3.162   1.880   6.756   1.628   2.604   7.807   0.839 0.2108
23        1.021   3.620  -2.115   1.525   3.901  -3.456   2.784   3.094  -3.750   1.842   5.562  -3.635   0.613   6.253  -4.147 0.3260
167       1.845   4.436   1.689   1.788   4.733   3.118   0.840   5.893   3.401   3.340   5.091   3.712   3.999   3.829   4.183 0.1539
35        1.445   3.622   2.327   1.009   4.765   3.125   1.663   4.755   4.501  -0.684   4.765   3.284  -1.292   5.548   2.158 0.2626
150       1.662   3.901   1.969   2.550   4.267   3.069   3.568   3.167   3.342   1.650   4.591   4.475   1.293   6.047   4.515 0.1759
150       0.376   3.869   1.904   0.107   4.586   3.147   1.402   5.031   3.816  -0.793   3.611   4.210  -2.257   3.834   3.975 0.1932
109      -0.292   4.589   0.893  -1.116   5.635   1.492  -0.275   6.850   1.865  -1.924   5.041   2.864  -3.253   4.477   2.458 0.2498
58        2.669   2.950   2.266   2.188   3.784   3.365   2.967   5.091   3.443   2.305   2.946   4.840   1.031   2.195   5.090 0.2154
105       4.748   1.610  -0.093   6.052   0.954  -0.130   7.145   1.877   0.397   6.422   0.455  -1.712   5.915  -0.940  -1.928 0.2133
74        3.280   2.019  -1.883   3.648   2.378  -3.250   2.590   1.910  -4.244   5.160   1.713  -3.652   6.244   2.686  -3.296 0.1951
1401      3.710   1.706  -1.396   4.338   1.877  -2.703   3.305   2.227  -3.767   5.177   0.466  -3.146   6.592   0.550  -2.655 0.1114
321       1.288   5.058   1.416   0.934   5.614   2.719  -0.429   6.296   2.672   2.120   6.717   3.235   3.165   5.992   4.029 0.1426
77        1.235   3.810   1.780   0.815   4.254   3.106   1.209   5.706   3.350   1.490   3.257   4.307   0.559   2.116   4.592 0.1984
59       -0.583   4.499  -1.107  -1.486   5.646  -1.145  -2.134   5.880   0.215  -2.684   5.420  -2.330  -2.207   5.980  -3.637 0.2276
128       2.696   2.988  -2.026   3.038   3.159  -3.436   3.957   4.358  -3.636   1.629   3.341  -4.369   1.158   1.994  -4.832 0.1833
277       0.409   4.137  -0.932  -0.305   5.360  -0.578  -0.005   5.776   0.857  -1.980   5.151  -0.786  -2.363   5.544  -2.181 0.1297
409       1.151   3.747   1.939   1.682   4.177   3.230   3.117   3.701   3.420   0.704   3.599   4.495  -0.365   4.606   4.802 0.1258
28        1.978   3.244   2.221   1.499   4.309   3.097   0.443   5.159   2.401   2.794   5.288   3.604   3.365   4.741   4.879 0.2569
58        1.906   2.262  -2.618   1.464   2.741  -3.924   0.647   4.021  -3.791   0.549   1.546  -4.715   1.459   0.685  -5.540 0.3337
110      -0.281   4.253   0.991  -0.813   5.165   2.000   0.181   5.365   3.138  -2.288   4.581   2.610  -3.419   5.120   1.785 0.1670
195       4.377   1.828  -0.427   5.470   2.018  -1.376   4.953   2.539  -2.712   6.315   0.560  -1.607   7.434   0.468  -0.612 0.1449
141       2.771   4.320  -1.164   2.891   5.081  -2.404   4.343   5.453  -2.681   1.933   6.484  -2.334   0.563   6.180  -2.865 0.1622
81        1.761   4.846   0.569   1.357   5.995   1.375   2.445   7.063   1.393   0.992   5.507   2.962  -0.463   5.156   3.055 0.2286
830       3.783   1.473  -1.110   4.432   1.496  -2.418   3.528   2.130  -3.468   4.863  -0.078  -2.893   6.250  -0.384  -2.411 0.1022
26       -0.128   4.374  -1.526  -0.976   5.524  -1.831  -1.268   5.608  -3.325  -0.240   6.961  -1.299  -0.666   7.249   0.109 0.3400
239       1.446   3.086   2.329   2.180   3.134   3.590   3.631   2.712   3.397   1.432   2.140   4.750   0.420   2.939   5.515 0.1274
532       3.307   1.727  -1.938   3.633   1.912  -3.349   2.416   2.385  -4.136   4.231   0.466  -4.014   5.723   0.425  -3.861 0.1295
270       1.025   5.229   1.380   0.690   5.767   2.696  -0.793   6.108   2.788   1.627   7.146   3.030   2.894   6.734   3.719 0.1202
31        3.970   1.740   1.865   4.970   1.631   2.923   5.071   2.927   3.719   6.487   1.230   2.267   6.634  -0.262   2.222 0.3022
478       3.778   1.746  -1.536   4.604   1.874  -2.733   4.123   3.022  -3.612   4.598   0.421  -3.616   5.725  -0.453  -3.150 0.1134
38        3.607   3.530   0.823   4.914   3.210   1.391   5.247   4.133   2.557   6.121   3.319   0.199   6.285   1.986  -0.469 0.2157
1116      0.563   3.609   1.978   0.779   3.879   3.396   1.980   3.104   3.926  -0.611   3.484   4.293  -1.504   4.685   4.385 0.1108
320       3.231   2.325  -1.842   3.511   2.901  -3.154   2.451   3.927  -3.541   3.598   1.679  -4.333   5.012   1.192  -4.444 0.1160
84        4.036   2.054   0.590   5.354   2.071  -0.039   5.240   1.990  -1.556   6.306   0.788   0.544   7.073   1.243   1.750 0.2117
231       0.641   4.348  -0.606   0.190   5.621  -0.051   0.644   5.781   1.395  -1.503   5.743  -0.147  -1.885   6.381  -1.450 0.1242
89       -0.316   4.640   0.703  -0.769   5.730   1.562  -0.032   5.719   2.896  -2.446   5.624   1.821  -3.166   6.401   0.759 0.2139
58        3.243   4.107   0.901   4.332   4.292   1.855   4.546   5.769   2.165   5.769   3.608   1.254   5.865   2.178   1.696 0.2473
103       1.397   3.569   2.645   1.845   4.130   3.916   3.356   4.330   3.926   1.381   3.123   5.205   0.029   3.539   5.703 0.2171
88        1.709   2.877   2.420   2.568   2.816   3.600   4.038   2.745   3.206   2.157   1.476   4.563   1.115   1.881   5.564 0.2316
45        0.712   1.752  -3.428   1.021   1.583  -4.845   0.250   0.410  -5.439   2.691   1.355  -5.065   3.356   2.685  -5.263 0.2714
112       2.596   2.290  -2.699   3.487   2.221  -3.853   2.838   2.842  -5.085   3.921   0.609  -4.173   5.170   0.267  -3.416 0.1688
190       2.490   4.259   1.450   2.888   4.407   2.847   2.100   5.520   3.527   4.555   4.720   2.960   5.301   3.424   3.072 0.1436
13       -2.982   3.470  -0.923  -4.012   3.550  -1.955  -3.399   3.832  -3.322  -5.148   4.753  -1.566  -6.259   4.150  -0.758 0.4216
191       4.203   1.466  -1.608   5.251   1.453  -2.624   4.982   2.495  -3.704   5.381  -0.091  -3.323   6.371  -0.909  -2.548 0.1319
1327      0.686   3.960   1.435   0.756   4.595   2.749   1.795   3.915   3.632  -0.766   4.561   3.506  -1.531   5.800   3.147 0.1046
131       0.305   3.732   1.576   0.269   4.205   2.957   1.641   4.098   3.611  -0.875   3.323   3.855  -2.208   4.007   3.776 0.1743
34        3.094   2.038  -1.907   4.455   1.638  -2.250   5.339   1.578  -1.009   5.121   2.711  -3.388   4.821   2.221  -4.773 0.2772
60        0.243   5.355  -0.148  -0.626   6.529  -0.155   0.063   7.725   0.492  -2.085   6.192   0.650  -3.088   5.667  -0.334 0.2912
61        4.038   2.057   1.862   4.848   2.453   3.010   6.253   2.856   2.578   4.928   1.188   4.144   3.799   1.322   5.122 0.2247
403      -0.057   4.028   1.165  -0.315   4.677   2.447   0.609   4.137   3.531  -1.939   4.462   2.904  -2.763   5.595   2.368 0.1276
83        1.640   3.990   1.639   1.585   4.657   2.936   2.928   5.290   3.285   1.125   3.559   4.150  -0.368   3.563   4.288 0.2041
132       3.760   1.305  -2.240   4.237   1.293  -3.619   3.146   1.747  -4.582   4.782  -0.260  -4.045   6.243  -0.381  -3.728 0.1707
23       -1.868   1.710  -3.424  -2.003   0.992  -4.689  -0.968   1.467  -5.703  -3.570   1.191  -5.318  -4.456   0.094  -4.808 0.2926
357       3.899   1.538  -1.778   4.844   1.494  -2.890   4.789   2.778  -3.709   4.527   0.153  -3.886   5.316  -1.027  -3.402 0.1128
46        0.619   5.752   0.683  -0.151   6.853   1.255  -0.113   6.817   2.778  -1.761   6.798   0.711  -1.890   7.600  -0.550 0.2644
569       1.091   4.016   1.698   1.595   4.581   2.946   2.909   3.926   3.355   0.444   4.403   4.185  -0.452   5.605   4.212 0.1112
107       4.776   1.408  -0.042   6.205   1.360  -0.335   6.564   2.307  -1.474   6.677  -0.227  -0.725   7.092  -0.946   0.524 0.1771
472       1.781   3.174  -2.345   1.259   4.204  -3.239   0.159   5.013  -2.561   0.668   3.503  -4.671   1.770   3.435  -5.686 0.1029
224       1.027   5.423   1.122   0.670   6.130   2.349  -0.830   6.387   2.418   1.519   7.600   2.454   2.817   7.377   3.172 0.1269
342       3.930   1.474  -0.701   4.801   1.386  -1.870   4.118   1.958  -3.107   5.257  -0.228  -2.149   6.526  -0.525  -1.406 0.1125
30        2.003   2.953  -2.288   3.061   2.856  -3.290   4.383   2.442  -2.654   3.244   4.337  -4.105   2.351   4.358  -5.310 0.2801
230       0.085   4.145   0.465  -0.372   5.043   1.521   0.532   4.956   2.745  -1.976   4.683   1.953  -2.915   5.491   1.107 0.1173
23       -0.834   4.650  -1.408  -1.934   5.585  -1.192  -3.239   5.038  -1.758  -1.580   7.092  -1.895  -0.882   7.960  -0.891 0.3140
173       3.553   2.618  -1.533   3.876   3.376  -2.739   2.614   3.895  -3.417   4.767   2.414  -3.822   6.232   2.575  -3.544 0.1168
149       2.886   1.729  -2.398   2.885   1.967  -3.838   1.645   2.743  -4.266   2.970   0.493  -4.682   4.407   0.138  -4.924 0.1809
288       1.172   3.555  -2.150   0.459   4.721  -2.666  -0.393   5.368  -1.581  -0.515   4.282  -3.989   0.271   4.425  -5.258 0.1169
575       3.895   1.946  -1.026   4.655   2.244  -2.237   3.789   2.955  -3.269   5.298   0.816  -2.899   6.659   0.565  -2.322 0.1115
68        2.249   4.617  -1.114   1.669   5.654  -1.962   2.694   6.734  -2.287   0.311   6.346  -1.209  -0.921   5.587  -1.604 0.2011
83        3.231   2.217   1.690   4.663   2.008   1.888   5.422   2.132   0.572   4.949   0.484   2.585   4.944   0.609   4.080 0.1994
26        1.888   2.958  -2.518   1.416   3.834  -3.586   0.343   3.149  -4.424   2.712   4.314  -4.577   3.306   5.583  -4.043 0.2868
471       0.291   4.136   1.492   0.300   4.824   2.780   1.522   4.433   3.603  -1.122   4.479   3.647  -2.170   5.498   3.313 0.1209
9        -1.368   0.831  -2.535  -2.762   0.808  -2.969  -3.506   2.049  -2.491  -3.539  -0.593  -2.398  -3.394  -1.692  -3.408 0.6360
10        4.445   2.344  -1.193   3.378   2.855  -2.050   3.377   2.152  -3.403   3.542   4.533  -2.266   2.779   5.252  -1.193 0.3760
264       0.477   4.181  -1.264  -0.227   5.439  -1.034  -0.485   5.661   0.452  -1.696   5.462  -1.890  -1.471   6.045  -3.254 0.1135
147       1.013   4.561   0.323   1.128   5.602   1.340   1.721   5.047   2.630  -0.392   6.299   1.650  -0.603   7.468   0.734 0.1815
36        0.564   3.861  -2.079  -0.263   5.027  -2.377   0.481   6.016  -3.266  -0.751   5.790  -0.938  -2.055   5.207  -0.480 0.2737
TOTRMS: 0.1498
cutoff: 0.2
BEFORE: 1396 0.1232975458791201
AFTER: 400 0.14980693116930335
