143       2.137   1.153   0.042   3.059   2.284  -0.019   4.197   2.012  -0.995   3.683   2.624   1.525   2.795   3.617   2.216 0.0800
287       2.098   1.178  -0.366   2.993   2.332  -0.360   2.650   3.298  -1.488   4.611   1.828  -0.496   5.182   1.606   0.873 0.0843
822       0.410   2.270  -0.699   0.998   3.604  -0.624   0.194   4.507   0.304   1.095   4.297  -2.173   2.413   3.947  -2.796 0.0781
253       0.954   1.925  -1.119   1.831   3.081  -1.282   3.262   2.745  -0.880   1.260   4.393  -0.364   0.321   5.215  -1.197 0.0730
941       0.707   2.091  -0.981   1.453   3.341  -1.100   0.511   4.527  -1.272   2.537   3.263  -2.408   3.856   2.731  -1.932 0.0681
1099      0.383   2.302  -0.645   1.084   3.582  -0.629   1.040   4.216   0.756   0.412   4.641  -1.777   1.120   4.473  -3.088 0.0638
1648      0.679   2.111  -0.974   1.438   3.355  -1.072   0.706   4.500  -0.380   1.728   3.747  -2.700   3.023   3.133  -3.140 0.0698
1323      0.662   2.135  -0.947   1.448   3.363  -1.029   1.076   4.329   0.089   1.228   4.109  -2.541   2.257   3.598  -3.505 0.0692
113       2.138   1.149  -0.130   3.033   2.301  -0.186   3.473   2.723   1.211   2.277   3.603  -0.977   2.568   3.532  -2.446 0.1139
220       1.463   1.581  -1.126   2.382   2.712  -1.209   1.624   4.032  -1.279   3.400   2.551  -2.561   4.640   1.804  -2.167 0.0954
213       2.111   1.187   0.317   2.977   2.361   0.357   3.276   2.872  -1.048   4.428   2.001   1.167   4.269   2.290   2.630 0.0960
124       2.009   1.210  -0.606   2.936   2.338  -0.644   3.065   2.895  -2.057   4.462   1.871  -0.059   4.523   2.103   1.421 0.1040
97        2.124   1.160   0.062   3.018   2.314   0.059   4.474   1.881   0.185   2.616   3.381   1.320   1.614   4.382   0.828 0.1133
284       0.225   2.384   0.258   0.892   3.680   0.169   1.663   3.989   1.447  -0.241   4.909  -0.141  -0.393   5.087  -1.622 0.0896
666       0.335   2.322  -0.538   1.031   3.605  -0.595   0.171   4.722  -0.016   1.464   3.973  -2.197   2.830   3.424  -2.485 0.0814
95        2.092   1.175   0.365   2.985   2.330   0.387   2.828   3.120   1.681   2.688   3.336  -0.951   3.557   2.912  -2.098 0.1125
7         1.100   1.864  -1.112   0.653   1.462  -2.443   1.826   1.375  -3.413  -0.511   2.552  -3.032  -1.879   2.088  -2.629 0.2027
448       0.728   2.085  -0.998   1.514   3.309  -1.124   3.007   3.012  -1.058   1.085   4.417   0.092  -0.027   5.294  -0.400 0.0648
580       0.431   2.259  -0.704   1.065   3.574  -0.717   0.026   4.685  -0.611   1.990   3.774  -2.129   3.391   3.300  -1.880 0.0669
997       0.326   2.347  -0.506   1.046   3.617  -0.497   1.348   4.066   0.928   0.150   4.813  -1.308   0.523   4.818  -2.760 0.0667
58        0.271   2.382   0.257   0.978   3.658   0.312   1.293   4.172  -1.088   2.411   3.505   1.214   2.128   3.804   2.656 0.1289
196       0.840   2.001  -1.056   1.672   3.192  -1.202   1.089   4.145  -2.238   3.258   2.758  -1.636   4.078   2.556  -0.397 0.0822
115       0.293   2.354  -0.427   0.952   3.655  -0.363   1.686   3.963  -1.663   2.035   3.709   0.946   1.321   4.211   2.166 0.1035
1102      0.269   2.396  -0.261   1.003   3.658  -0.270   1.634   3.937   1.089  -0.026   4.939  -0.709   0.005   5.117  -2.198 0.0685
846       0.932   1.948  -1.107   1.867   3.056  -1.280   1.279   4.358  -0.750   2.284   3.228  -2.919   3.496   2.396  -3.217 0.0719
1065      0.409   2.276  -0.709   1.034   3.592  -0.624   0.591   4.331   0.633   0.665   4.515  -2.004   1.710   4.284  -3.054 0.0750
140       0.359   2.315   0.571   1.004   3.624   0.528   2.369   3.586   1.206   0.018   4.795   1.267  -0.886   5.408   0.240 0.1095
1172      0.543   2.190  -0.861   1.201   3.493  -0.900   0.268   4.594  -0.411   1.737   3.840  -2.476   3.136   3.329  -2.652 0.0686
179       2.119   1.156   0.328   2.997   2.316   0.444   3.917   2.432  -0.766   3.918   2.223   1.870   3.179   2.896   2.988 0.0922
21        0.537   2.268  -0.795  -0.616   2.346  -1.687  -0.229   1.985  -3.117  -1.297   3.903  -1.642  -2.348   3.959  -0.574 0.1213
265       2.087   1.183   0.347   3.006   2.317   0.358   4.432   1.871   0.059   2.947   3.114   1.859   1.903   4.190   1.813 0.0829
77        0.328   2.324   0.566   0.960   3.636   0.464   1.319   4.180   1.842  -0.063   4.726  -0.345   0.218   4.677  -1.817 0.1123
127       0.312   2.343  -0.465   0.945   3.658  -0.424   2.120   3.732  -1.392   1.466   4.016   1.155   0.369   4.720   1.896 0.0850
357       0.279   2.371  -0.372   1.002   3.638  -0.435   0.740   4.481   0.808   0.562   4.504  -1.830   1.477   4.132  -2.959 0.0810
56        0.274   2.364  -0.324   0.965   3.650  -0.297   0.771   4.404  -1.607   2.623   3.427   0.008   2.869   3.468   1.487 0.1116
861       0.248   2.410  -0.042   0.970   3.677  -0.115   1.856   3.875   1.109  -0.121   4.973  -0.261  -0.383   5.245  -1.713 0.0731
109       2.122   1.171   0.269   3.016   2.325   0.306   2.562   3.338   1.350   3.098   3.061  -1.225   4.215   2.447  -2.015 0.0979
248       1.949   1.248  -0.728   2.873   2.378  -0.774   2.226   3.589  -1.435   4.294   1.949  -1.605   5.295   1.401  -0.633 0.0825
1198      0.600   2.186  -0.876   1.409   3.397  -0.982   1.340   4.217   0.300   0.899   4.336  -2.304   1.664   3.933  -3.529 0.0668
25        0.681   2.097   0.980   1.405   3.362   1.060   0.617   4.488   0.401   2.935   3.217   0.333   3.938   2.785   1.360 0.1576
63        1.871   1.313   0.833   2.855   2.389   0.908   2.217   3.683   1.397   3.582   2.634  -0.610   4.802   1.770  -0.725 0.1166
272       0.230   2.397  -0.160   0.939   3.671  -0.236   1.155   4.263   1.152   0.083   4.769  -1.212   0.540   4.636  -2.634 0.0770
83        0.408   2.265  -0.706   0.911   3.630  -0.580   2.393   3.703  -0.928   0.652   4.214   0.996  -0.684   4.892   1.065 0.0960
85        0.648   2.125  -0.940   1.419   3.359  -1.052   2.608   3.180  -1.989   1.954   3.866   0.480   0.930   4.774   1.092 0.1028
50        1.087   1.850   1.128   1.910   3.051   1.241   3.391   2.716   1.106   1.621   3.831   2.723   0.511   4.825   2.557 0.1476
1189      0.730   2.083  -1.007   1.564   3.273  -1.154   0.745   4.544  -0.966   2.316   3.285  -2.679   3.641   2.588  -2.589 0.0758
408       0.912   1.951  -1.110   1.857   3.047  -1.307   1.130   4.377  -1.466   2.834   2.750  -2.666   4.065   2.003  -2.244 0.0910
115       1.954   1.252   0.675   2.854   2.398   0.774   4.235   1.971   1.255   2.207   3.571   1.821   1.362   4.530   1.037 0.0854
371       0.843   2.005  -1.058   1.728   3.152  -1.238   0.965   4.355  -1.780   3.009   2.755  -2.284   4.160   2.221  -1.484 0.0860
504       0.531   2.208  -0.810   1.255   3.474  -0.886   0.316   4.622  -1.239   2.508   3.373  -2.030   3.763   2.903  -1.356 0.0706
960       0.584   2.183  -0.882   1.422   3.367  -1.052   0.700   4.623  -0.577   1.882   3.540  -2.680   3.173   2.814  -2.914 0.0735
633       0.429   2.276  -0.702   1.188   3.518  -0.816   0.646   4.582   0.132   1.152   4.091  -2.417   2.313   3.523  -3.177 0.0779
208       0.253   2.380  -0.120   0.939   3.669  -0.106   0.002   4.784   0.342   1.571   4.021  -1.644   2.967   3.482  -1.747 0.1031
74        2.123   1.162  -0.203   2.993   2.333  -0.274   3.939   2.386   0.919   2.067   3.757  -0.348   1.790   4.099  -1.782 0.1175
67        0.273   2.381  -0.142   0.994   3.651  -0.117   0.426   4.625  -1.142   2.650   3.398  -0.408   3.359   3.177   0.895 0.1265
181       1.966   1.240   0.664   2.897   2.362   0.740   4.341   1.876   0.765   2.576   3.308   2.116   1.591   4.383   1.766 0.0809
146       0.331   2.318  -0.557   0.922   3.651  -0.485   2.291   3.681  -1.155   1.055   4.154   1.134  -0.193   4.883   1.534 0.0826
36        1.821   1.339   0.881   2.741   2.470   0.954   2.204   3.557   1.878   3.020   3.110  -0.597   4.200   2.421  -1.217 0.1293
112       2.059   1.186  -0.476   2.969   2.326  -0.530   3.673   2.403  -1.880   4.116   2.230   0.721   3.591   2.936   1.936 0.0973
15        0.322   2.402  -0.356  -1.031   2.613  -0.862  -1.013   2.979  -2.342  -1.815   3.830   0.029  -2.538   3.212   1.189 0.3157
541       1.111   1.824  -1.158   1.943   3.018  -1.267   1.148   4.274  -0.930   2.597   3.145  -2.831   3.920   2.439  -2.879 0.0874
1065      0.859   2.006  -1.065   1.758   3.146  -1.220   1.321   4.312  -0.340   1.822   3.635  -2.847   2.926   2.899  -3.546 0.0705
100       1.938   1.282   0.716   2.694   2.506   0.962   4.183   2.292   0.712   2.443   3.048   2.554   1.269   3.981   2.585 0.1070
345       0.232   2.383  -0.199   0.910   3.676  -0.211   0.299   4.626   0.812   0.842   4.368  -1.762   2.039   3.935  -2.556 0.0948
108       0.666   2.120  -0.948   1.416   3.368  -1.054   2.827   3.119  -1.572   1.477   4.153   0.453   0.304   5.078   0.583 0.0927
86        1.190   1.769  -1.162   2.355   2.625  -1.368   2.062   4.061  -0.950   2.844   2.580  -2.996   3.844   1.478  -3.186 0.1056
155       2.123   1.168   0.305   2.958   2.352   0.482   4.265   2.223  -0.292   3.281   2.610   2.131   2.218   3.492   2.717 0.0937
105       0.783   2.032  -1.028   1.590   3.244  -1.136   1.325   3.965  -2.452   3.243   2.871  -0.998   3.654   2.941   0.443 0.1117
37        0.307   2.344  -0.454   0.855   3.668  -0.173   1.819   4.107  -1.269   1.642   3.677   1.334   0.664   4.052   2.407 0.1351
94        1.726   1.356  -0.989   2.703   2.438  -1.076   2.409   3.349  -2.262   4.277   1.807  -1.202   4.857   1.634   0.171 0.1065
286       0.543   2.196  -0.828   1.236   3.480  -0.880   0.396   4.528  -1.602   2.743   3.310  -1.647   3.792   2.990  -0.623 0.0807
67        0.463   2.236  -0.771   1.134   3.533  -0.765   1.571   3.932  -2.169   2.479   3.499   0.276   2.055   3.914   1.654 0.0972
964       0.605   2.152  -0.908   1.282   3.444  -0.977   0.297   4.590  -0.774   2.080   3.618  -2.468   3.480   3.094  -2.349 0.0708
23        0.993   1.882  -1.109   1.837   3.063  -1.267   2.215   3.275  -2.729   3.240   2.920  -0.317   2.987   3.506   1.040 0.1154
158       2.146   1.146   0.162   3.042   2.298   0.186   3.642   2.555  -1.192   4.280   2.064   1.327   3.843   2.604   2.656 0.0850
140       0.307   2.362  -0.449   1.114   3.547  -0.723   0.401   4.814  -0.266   1.476   3.647  -2.381   2.764   2.929  -2.656 0.1061
24        0.216   2.416   0.023  -1.223   2.610   0.174  -1.949   2.382  -1.147  -1.553   4.172   0.758  -1.582   4.150   2.257 0.1624
597       0.493   2.241  -0.777   1.305   3.447  -0.919   0.439   4.700  -0.874   2.187   3.400  -2.372   3.517   2.751  -2.128 0.0818
14        0.938   1.962  -1.130   0.269   1.666  -2.394   1.050   0.636  -3.200   0.065   3.087  -3.304  -1.252   3.717  -2.961 0.1115
56        2.086   1.178  -0.307   2.959   2.347  -0.368   4.273   2.088   0.360   2.182   3.704   0.298   1.434   4.431  -0.781 0.1495
80        2.144   1.144  -0.183   3.050   2.287  -0.241   3.045   3.059   1.073   2.624   3.317  -1.525   3.358   2.901  -2.765 0.1102
105       0.270   2.353   0.381   0.936   3.652   0.346   0.768   4.391   1.668   0.328   4.595  -0.931   1.140   4.347  -2.167 0.1118
216       1.800   1.363  -0.914   2.660   2.541  -0.991   1.851   3.791  -1.316   3.875   2.313  -2.159   5.080   1.698  -1.513 0.0909
146       0.349   2.312  -0.546   1.036   3.600  -0.540   0.086   4.732  -0.915   2.359   3.572  -1.608   3.585   3.117  -0.873 0.0795
105       0.472   2.226  -0.798   1.117   3.536  -0.788   2.189   3.629  -1.867   1.797   3.851   0.738   0.785   4.542   1.604 0.0947
369       1.106   1.814  -1.159   2.120   2.850  -1.334   1.520   4.241  -1.157   2.845   2.718  -2.866   4.040   1.816  -2.777 0.0928
108       1.150   1.761  -1.174   2.153   2.805  -1.358   1.650   3.888  -2.306   3.602   2.140  -1.949   4.480   1.751  -0.797 0.1021
73        1.799   1.342   0.874   2.714   2.474   0.992   3.904   2.127   1.879   1.901   3.832   1.612   1.337   4.638   0.479 0.1285
351       0.335   2.315  -0.513   0.991   3.619  -0.515  -0.033   4.748  -0.549   2.047   3.750  -1.841   3.410   3.266  -1.444 0.0813
314       0.507   2.211  -0.795   1.041   3.569  -0.745  -0.056   4.600  -0.979   2.279   3.762  -1.894   3.598   3.413  -1.273 0.0776
226       0.482   2.244  -0.766   1.160   3.537  -0.807   2.647   3.369  -1.095   0.940   4.368   0.660  -0.295   5.215   0.575 0.0775
777       1.002   1.902  -1.137   1.857   3.080  -1.249   1.256   4.267  -0.505   2.105   3.480  -2.882   3.324   2.770  -3.392 0.0718
307       0.322   2.312  -0.589   0.810   3.665  -0.339   0.125   4.280   0.875   0.564   4.646  -1.706   1.768   4.570  -2.599 0.0945
202       0.759   2.075  -0.999   1.668   3.204  -1.168   3.099   2.728  -1.392   1.600   4.229   0.187   0.548   5.275  -0.030 0.0916
139       2.142   1.161  -0.088   3.031   2.314   0.030   3.059   3.120  -1.263   4.603   1.812   0.438   4.745   1.778   1.931 0.0971
308       0.286   2.379   0.312   0.984   3.661   0.268   2.118   3.704   1.284  -0.103   4.937   0.551  -0.674   5.407  -0.754 0.0910
140       0.634   2.134  -0.940   1.215   3.473  -0.981   2.737   3.410  -1.012   0.695   4.386   0.355  -0.566   5.118   0.001 0.0879
57        0.546   2.183  -0.882   1.271   3.450  -0.911   1.251   4.063  -2.307   2.876   3.228  -0.395   2.955   3.423   1.090 0.0949
6         0.282   2.404  -0.090  -1.163   2.608  -0.073  -1.650   2.973   1.325  -1.966   1.214  -0.624  -2.152   1.299  -2.110 0.3907
418       0.335   2.302  -0.573   0.865   3.656  -0.445  -0.176   4.599   0.146   1.385   4.236  -1.957   2.829   3.883  -2.158 0.0829
532       0.324   2.329  -0.573   0.926   3.645  -0.377   0.834   4.079   1.081   0.175   4.796  -1.378   0.894   4.861  -2.692 0.0732
161       1.442   1.600  -1.132   2.212   2.836  -1.231   1.302   4.057  -1.171   3.120   2.856  -2.669   4.467   2.248  -2.418 0.0949
82        0.251   2.403  -0.174   0.958   3.679  -0.242   1.966   3.688  -1.385   1.744   4.001   1.231   0.821   4.765   2.133 0.0798
99        1.935   1.277   0.729   2.705   2.500   0.934   4.160   2.184   1.259   2.018   3.433   2.178   1.011   4.379   1.596 0.1116
83        1.889   1.305   0.811   2.760   2.474   0.902   3.777   2.490  -0.233   3.559   2.502   2.402   2.733   3.265   3.395 0.0937
30        1.246   1.746   1.155   2.164   2.877   1.266   3.526   2.430   1.784   1.514   4.070   2.289   0.705   5.037   1.477 0.1477
519       0.261   2.367  -0.426   0.901   3.667  -0.240   1.197   3.927   1.232  -0.081   4.906  -0.865   0.267   5.142  -2.305 0.0745
26        2.045   1.210   0.516   2.788   2.434   0.802   2.186   3.176   1.990   2.814   3.445  -0.565   4.018   3.124  -1.401 0.1182
22        1.969   1.231   0.628   2.831   2.401   0.771   3.295   2.568   2.213   2.019   3.802   0.253   2.275   4.017  -1.209 0.1727
270       0.217   2.390  -0.181   0.889   3.686  -0.147   0.779   4.324   1.233   0.236   4.724  -1.324   0.997   4.567  -2.607 0.0820
68        2.130   1.156   0.203   3.053   2.273   0.023   3.136   3.125   1.284   2.575   3.230  -1.298   3.231   2.721  -2.547 0.1032
33        0.560   2.198   0.827   1.322   3.439   0.934   1.002   4.381  -0.220   2.990   3.109   0.973   3.430   2.927   2.395 0.1600
113       1.506   1.514  -1.124   2.558   2.523  -1.212   2.010   3.841  -1.748   3.826   1.973  -2.203   4.838   1.252  -1.365 0.1142
1065      0.492   2.258  -0.747   1.279   3.484  -0.850   1.460   4.135   0.516   0.539   4.575  -1.923   1.057   4.340  -3.311 0.0697
125       0.234   2.363   0.228   0.877   3.674   0.225   0.145   4.647   1.141   0.944   4.298  -1.355   2.224   3.868  -2.009 0.1064
84        1.908   1.290  -0.773   2.665   2.526  -0.949   1.846   3.568  -1.702   4.119   2.219  -1.774   5.201   1.910  -0.783 0.0834
125       2.123   1.155  -0.027   3.060   2.269  -0.147   4.391   1.806  -0.727   3.307   3.002   1.367   2.305   4.101   1.560 0.0888
45        1.431   1.602   1.119   2.182   2.844   1.276   3.420   2.853   0.387   2.629   3.065   2.902   1.558   3.834   3.615 0.1241
283       2.093   1.166  -0.429   3.010   2.302  -0.419   2.497   3.430  -1.306   4.559   1.819  -0.927   5.364   1.388   0.262 0.0716
114       2.019   1.229  -0.580   2.808   2.441  -0.782   2.178   3.335  -1.843   4.401   2.044  -1.224   5.245   1.916   0.009 0.0880
594       0.592   2.159  -0.915   1.147   3.509  -0.876   0.169   4.485  -0.232   1.546   4.033  -2.444   2.964   3.653  -2.752 0.0791
138       2.135   1.147  -0.144   3.046   2.277  -0.300   3.853   2.157  -1.588   4.092   2.385   1.036   3.474   3.260   2.085 0.0853
71        2.096   1.174   0.391   3.024   2.301   0.393   2.462   3.473   1.189   3.368   2.789  -1.199   4.564   2.038  -1.705 0.1043
215       2.135   1.162  -0.185   3.001   2.336  -0.247   2.827   3.078  -1.567   4.627   1.885  -0.041   4.977   1.927   1.417 0.0844
28        0.388   2.359  -0.558  -0.907   2.512  -1.213  -0.837   2.086  -2.675  -1.443   4.122  -1.101  -2.256   4.292   0.147 0.1297
163       1.976   1.255   0.676   2.821   2.442   0.775   3.509   2.738  -0.552   3.981   2.244   2.002   3.427   2.750   3.300 0.0985
71        1.980   1.267   0.663   2.718   2.499   0.928   3.827   2.706  -0.097   3.371   2.473   2.498   2.386   3.067   3.459 0.0991
153       2.146   1.143  -0.143   3.037   2.300  -0.106   4.053   2.247  -1.241   3.838   2.384   1.391   3.026   3.206   2.347 0.0848
63        0.233   2.404   0.030   0.913   3.696  -0.016   1.522   3.947  -1.390   2.118   3.775   1.180   1.533   4.330   2.444 0.1024
1364      0.605   2.155  -0.929   1.291   3.444  -0.952   0.652   4.424   0.025   1.279   4.094  -2.523   2.499   3.635  -3.264 0.0728
11        0.778   2.028   0.994   1.479   3.305   1.087   0.500   4.473   1.050   2.611   3.454  -0.174   3.932   2.901   0.273 0.1687
36        0.802   2.027  -1.017   1.611   3.235  -1.150   2.434   3.206  -2.433   2.634   3.416   0.195   1.934   4.218   1.252 0.1328
152       2.149   1.160   0.156   3.018   2.332   0.098   3.063   2.913  -1.310   4.588   1.932   0.614   4.698   2.148   2.094 0.0879
313       0.219   2.405  -0.016   0.920   3.684  -0.080   1.398   4.118   1.301  -0.086   4.880  -0.751   0.097   4.910  -2.239 0.0768
120       1.839   1.276  -0.908   2.865   2.315  -0.928   2.463   3.465  -1.844   4.356   1.667  -1.425   5.119   1.190  -0.226 0.0918
68        1.307   1.673  -1.148   2.169   2.840  -1.314   3.455   2.691  -0.510   1.350   4.255  -0.848   0.639   4.835  -2.034 0.1404
242       0.903   1.958  -1.083   1.721   3.157  -1.241   0.988   4.221  -2.049   3.199   2.772  -1.989   4.217   2.433  -0.941 0.0823
135       1.157   1.764  -1.153   2.072   2.887  -1.333   1.768   3.642  -2.621   3.683   2.343  -1.342   4.224   2.359   0.057 0.1004
310       0.330   2.363  -0.450   1.114   3.578  -0.653   1.210   4.390   0.634   0.432   4.525  -1.890   1.033   4.134  -3.207 0.0782
264       0.872   1.990  -1.084   1.824   3.081  -1.273   3.260   2.584  -1.147   1.536   4.323  -0.149   0.566   5.308  -0.730 0.0708
16        1.844   1.333   0.865   2.795   2.435   0.985   2.080   3.781   0.981   3.934   2.375  -0.275   5.111   1.549   0.153 0.2750
115       0.308   2.374  -0.410   1.045   3.631  -0.510   2.267   3.481  -1.408   1.516   4.166   1.033   0.446   5.047   1.606 0.0805
105       2.104   1.157  -0.340   2.992   2.308  -0.468   3.343   2.571  -1.928   4.411   2.067   0.438   4.215   2.600   1.826 0.0953
365       1.234   1.736  -1.172   2.242   2.782  -1.312   1.767   4.090  -0.691   2.626   3.020  -2.951   3.765   2.122  -3.334 0.0851
114       0.455   2.224  -0.742   0.986   3.584  -0.728  -0.043   4.581  -1.246   2.407   3.676  -1.657   3.594   3.395  -0.785 0.0853
476       0.983   1.927  -1.104   1.965   2.990  -1.296   1.733   4.135  -0.317   1.910   3.568  -2.894   2.862   2.781  -3.744 0.0810
184       0.436   2.309  -0.597   1.278   3.453  -0.934   1.702   4.210   0.319   0.463   4.498  -1.999   0.753   4.096  -3.414 0.0922
7         0.260   2.383   0.349  -1.089   2.525   0.889  -2.139   2.188  -0.163  -1.332   4.103   1.472  -0.941   4.168   2.918 0.1360
95        0.217   2.392  -0.106   0.853   3.700   0.014   1.838   3.939  -1.124   1.647   3.839   1.511   0.701   4.405   2.528 0.0860
673       0.361   2.346  -0.497   1.135   3.576  -0.638   1.635   4.068   0.715   0.200   4.782  -1.389   0.387   4.707  -2.875 0.0700
221       0.260   2.405  -0.164   0.984   3.641  -0.442   1.683   4.161   0.808  -0.074   4.824  -1.053  -0.121   4.727  -2.549 0.0840
95        2.158   1.137  -0.050   3.050   2.275   0.154   3.559   2.819  -1.175   4.360   1.832   1.144   4.007   2.080   2.580 0.0931
126       0.358   2.329  -0.573   1.071   3.601  -0.650   2.456   3.419  -1.259   1.200   4.302   0.894   0.014   5.187   1.142 0.0746
56        1.844   1.312  -0.842   2.688   2.479  -1.079   3.544   2.795   0.141   1.736   3.827  -1.489   1.556   3.879  -2.977 0.1206
393       0.452   2.241  -0.737   0.952   3.609  -0.640  -0.181   4.589  -0.358   1.762   4.048  -2.068   3.216   3.700  -1.947 0.0820
121       2.075   1.171   0.426   3.034   2.272   0.406   4.332   1.856  -0.277   3.353   2.810   1.986   2.386   3.898   2.349 0.0834
170       0.751   2.056  -1.026   1.423   3.348  -1.142   2.907   3.226  -0.816   0.692   4.490  -0.117  -0.405   5.197  -0.857 0.0892
846       0.470   2.256  -0.752   1.242   3.491  -0.853   1.010   4.384   0.360   0.840   4.327  -2.278   1.743   3.883  -3.390 0.0646
295       1.014   1.864  -1.142   1.784   3.096  -1.298   0.878   4.267  -1.659   2.984   2.899  -2.486   4.246   2.404  -1.844 0.0827
488       0.594   2.156  -0.890   1.167   3.499  -0.909   0.075   4.561  -0.963   2.218   3.676  -2.234   3.607   3.285  -1.826 0.0657
57        0.675   2.144   0.939   1.501   3.345   1.020   2.933   3.002   1.414   0.838   4.446   2.133  -0.112   5.364   1.423 0.1291
12        0.737   2.081  -1.019  -0.177   2.025  -2.156   0.062   0.772  -2.990  -0.005   3.411  -3.125  -0.950   4.474  -2.648 0.2699
15        0.582   2.250  -0.817  -0.538   2.324  -1.751  -0.298   1.438  -2.967  -0.795   3.931  -2.242  -1.765   4.591  -1.307 0.1290
11        0.874   2.029  -1.029   0.127   1.943  -2.280   0.943   2.489  -3.446  -1.344   2.787  -2.152  -2.412   1.858  -1.659 0.1138
470       0.274   2.411   0.058   0.995   3.674  -0.068   2.045   3.818   1.028  -0.089   4.983  -0.012  -0.546   5.313  -1.402 0.0762
356       0.704   2.092  -0.971   1.384   3.381  -1.058   0.440   4.468  -1.559   2.739   3.269  -2.079   3.944   2.891  -1.271 0.0737
49        0.412   2.269  -0.715   0.888   3.640  -0.552   2.145   3.887  -1.378   1.194   3.970   1.088  -0.047   4.516   1.728 0.1010
119       1.102   1.810  -1.176   2.150   2.813  -1.336   3.525   2.220  -1.056   1.866   4.137  -0.307   1.030   5.156  -1.023 0.0899
123       0.522   2.195  -0.816   1.190   3.493  -0.861   0.492   4.437  -1.833   2.822   3.305  -1.300   3.653   3.120  -0.065 0.1024
47        1.935   1.248  -0.762   2.879   2.362  -0.780   3.326   2.679  -2.202   4.229   2.011   0.191   3.975   2.485   1.591 0.1001
88        2.094   1.205  -0.391   2.883   2.414  -0.603   2.435   3.149  -1.861   4.537   2.033  -0.708   5.151   2.088   0.659 0.0826
37        1.487   1.523  -1.114   2.414   2.639  -1.282   2.545   3.026  -2.750   3.939   2.244  -0.644   3.997   2.648   0.799 0.1177
288       0.298   2.318  -0.586   0.818   3.661  -0.342   0.482   4.133   1.067   0.198   4.754  -1.487   1.113   4.809  -2.674 0.0796
704       0.747   2.094  -0.983   1.640   3.235  -1.161   1.531   4.205   0.010   1.293   4.039  -2.618   2.119   3.451  -3.723 0.0727
51        0.495   2.230   0.810   1.185   3.516   0.816   1.803   3.801   2.180   0.115   4.766   0.388   0.144   4.961  -1.099 0.1257
885       0.471   2.246  -0.788   1.135   3.545  -0.727   0.876   4.233   0.608   0.614   4.538  -2.006   1.509   4.337  -3.192 0.0646
117       1.924   1.265   0.757   2.783   2.436   0.906   4.139   2.211   0.247   2.989   2.816   2.550   1.915   3.771   2.981 0.0966
451       0.533   2.223  -0.806   1.387   3.390  -1.008   0.815   4.616  -0.307   1.578   3.704  -2.668   2.777   2.963  -3.182 0.0812
117       2.135   1.174   0.154   2.986   2.360   0.203   4.414   2.028  -0.214   2.976   3.033   1.764   1.871   4.043   1.866 0.0830
620       0.641   2.150  -0.920   1.502   3.316  -1.094   1.142   4.417  -0.104   1.392   3.903  -2.685   2.429   3.235  -3.538 0.0693
9         1.370   1.669  -1.147   1.224   1.045  -2.459   2.344   0.045  -2.718   1.204   2.228  -3.680  -0.209   2.665  -3.930 0.1935
58        0.244   2.418   0.045   0.971   3.653  -0.235   0.990   4.567   0.985   0.278   4.463  -1.559   0.934   4.001  -2.826 0.0930
103       0.423   2.253   0.741   1.074   3.560   0.718   2.247   3.606   1.690  -0.043   4.786   1.093  -0.683   5.282  -0.169 0.1106
64        1.864   1.312  -0.825   2.674   2.506  -1.050   2.476   3.046  -2.462   4.318   2.166  -0.781   4.655   2.428   0.657 0.0935
87        1.845   1.328   0.846   2.682   2.514   1.000   4.161   2.157   0.917   2.350   3.287   2.477   1.262   4.300   2.278 0.0836
51        0.980   1.879  -1.137   1.861   3.032  -1.303   3.223   2.609  -1.841   2.047   3.853   0.174   0.987   4.908   0.296 0.1035
60        1.916   1.230   0.755   2.937   2.270   0.849   4.223   1.723   1.457   2.367   3.580   1.770   1.697   4.572   0.868 0.0819
61        2.145   1.138  -0.161   3.021   2.300  -0.273   3.743   2.572   1.041   2.132   3.670  -0.744   2.114   3.765  -2.241 0.0885
48        0.284   2.372  -0.389   1.006   3.638  -0.311   1.232   4.228  -1.698   2.496   3.424   0.481   2.315   3.643   1.953 0.1048
102       2.121   1.152  -0.222   3.021   2.298  -0.311   4.237   1.975  -1.172   3.518   2.784   1.240   2.560   3.807   1.774 0.0811
119       0.211   2.395  -0.167   0.913   3.665  -0.324   0.566   4.628   0.806   0.539   4.369  -1.825   1.524   3.903  -2.855 0.0977
58        2.044   1.180  -0.490   2.938   2.318  -0.684   3.874   2.085  -1.864   3.839   2.612   0.727   3.096   3.575   1.604 0.0929
40        0.628   2.137  -0.945   1.116   3.512  -0.889   2.529   3.616  -1.450   1.078   4.091   0.709  -0.248   4.740   0.974 0.0891
248       0.248   2.415  -0.157   0.968   3.680  -0.038   1.151   4.072   1.424   0.146   4.911  -0.874   0.639   4.970  -2.289 0.0757
145       2.068   1.190   0.490   2.985   2.326   0.519   4.100   2.156  -0.506   3.645   2.517   2.074   2.772   3.432   2.879 0.0819
55        1.846   1.314   0.832   2.867   2.356   0.876   4.257   1.755   1.055   2.541   3.455   2.131   1.683   4.569   1.610 0.0951
388       0.232   2.384  -0.323   0.897   3.680  -0.218   1.541   3.856   1.152  -0.207   4.939  -0.509  -0.218   5.266  -1.973 0.0736
221       0.345   2.287  -0.613   0.804   3.660  -0.420  -0.168   4.445   0.453   1.000   4.437  -1.919   2.401   4.229  -2.411 0.0890
68        1.888   1.280   0.797   2.887   2.345   0.815   4.270   1.806   0.466   2.922   3.100   2.338   1.959   4.250   2.348 0.0941
58        1.198   1.711  -1.171   1.973   2.935  -1.359   1.324   3.841  -2.398   3.566   2.563  -1.822   4.423   2.423  -0.599 0.0901
TOTRMS: 0.0811
BEFORE: 250 0.07940328863722991
AFTER: 200 0.08107294435185655
