500       2.003   5.015   0.934   1.838   5.834   2.131   0.815   6.941   1.903   3.328   6.506   2.600   4.019   5.575   3.552 0.1160
425       2.315   4.596   1.231   2.389   5.202   2.558   2.151   6.706   2.488   3.899   4.882   3.271   3.822   3.606   4.056 0.1185
259      -0.225   4.551  -0.586  -0.912   5.708  -0.021  -2.407   5.445   0.116  -0.648   7.084  -0.985   0.577   7.804  -0.504 0.1341
316       0.890   5.111   0.671   0.102   6.166   1.301   0.718   7.537   1.047  -0.033   5.889   2.973  -1.255   5.063   3.245 0.1199
518       1.343   5.067   0.625   0.680   6.128   1.378   0.935   7.491   0.746   1.208   6.127   2.994   0.317   5.238   3.810 0.1165
494       1.181   4.783   1.028   0.488   5.607   2.015   0.535   7.081   1.631   1.170   5.384   3.557   0.463   4.264   4.260 0.1169
199       1.799   4.676   1.066   1.507   5.560   2.191   2.684   6.482   2.484   1.118   4.652   3.575  -0.361   4.409   3.614 0.1521
392       0.317   4.320   0.210  -0.129   5.421   1.059   0.214   5.161   2.521  -1.804   5.662   0.887  -2.056   6.647  -0.215 0.1160
107       3.772   1.882  -1.287   4.412   2.155  -2.570   3.407   2.072  -3.713   5.692   1.069  -2.838   6.961   1.645  -2.286 0.1898
479       1.832   4.935   0.733   1.361   5.905   1.717   2.056   7.250   1.538   1.614   5.322   3.294   0.408   4.552   3.742 0.1173
342       1.904   5.101   0.399   1.507   6.278   1.166   2.376   7.481   0.817   1.596   5.958   2.833   0.279   5.424   3.312 0.1264
164       0.035   5.161  -0.087  -0.932   6.256  -0.074  -2.272   5.811  -0.647  -0.335   7.585  -0.949   0.429   8.488  -0.028 0.1462
145       2.008   4.917   0.485   1.679   6.055   1.338   0.494   5.739   2.243   1.342   7.428   0.393   2.607   8.198   0.160 0.1884
293       1.060   5.681  -0.080   0.379   6.961   0.090   0.825   7.965  -0.967   0.668   7.585   1.645  -0.396   7.099   2.584 0.1294
244       0.155   4.474  -0.721  -0.463   5.701  -0.227  -1.781   5.407   0.478  -0.717   6.793  -1.506   0.487   7.674  -1.658 0.1521
130       2.636   2.730  -2.303   3.911   2.544  -2.991   4.266   3.766  -3.829   3.857   1.158  -3.974   4.314  -0.033  -3.185 0.1767
127      -0.139   4.368  -0.267  -0.838   5.494   0.344  -0.845   6.704  -0.582  -0.119   5.902   1.830  -0.777   5.127   2.933 0.1649
38        2.703   2.588   2.073   2.732   3.290   3.352   1.400   3.976   3.633   3.992   4.432   3.374   5.240   3.790   3.903 0.2132
187       0.935   5.390   0.211   0.165   6.582   0.555   1.054   7.646   1.188  -1.108   6.183   1.609  -2.330   5.843   0.809 0.1629
171       1.004   5.722  -0.857   0.397   6.999  -1.222   1.447   7.980  -1.731  -0.428   7.666   0.107  -1.851   7.193   0.100 0.1496
149       3.430   2.520  -1.787   4.879   2.336  -1.759   5.603   3.622  -2.141   5.337   1.076  -2.804   5.338  -0.222  -2.052 0.1879
164       1.516   5.363  -0.578   0.964   6.715  -0.590   2.073   7.760  -0.576  -0.071   6.945   0.738  -1.470   6.565   0.354 0.1530
229       2.735   4.450   0.916   3.179   5.089   2.152   3.501   4.051   3.221   1.993   6.165   2.723   2.233   7.527   2.144 0.1353
304       0.349   5.394   0.008  -0.553   6.538   0.098  -2.010   6.094   0.041  -0.232   7.646  -1.150   0.787   8.643  -0.684 0.1273
446       3.580   1.635  -1.477   4.984   1.234  -1.511   5.380   0.512  -0.230   5.982   2.590  -1.749   6.193   2.804  -3.219 0.1107
167      -0.272   4.528   0.155  -0.913   5.676   0.789  -1.562   5.282   2.111  -2.073   6.357  -0.250  -1.428   7.413  -1.097 0.1621
290       0.873   3.692   1.863   1.142   4.163   3.218   2.144   3.257   3.925  -0.300   4.249   4.114  -0.908   5.611   3.955 0.1154
185      -0.139   4.126   1.176  -0.560   4.910   2.334  -0.735   4.025   3.562  -2.009   5.733   1.998  -1.696   7.083   1.424 0.1435
185       0.101   4.200   1.209  -0.103   4.940   2.451  -1.109   4.234   3.352  -0.629   6.523   2.119   0.560   7.427   1.986 0.1562
272      -0.320   4.401  -0.749  -1.281   5.497  -0.836  -0.789   6.719  -0.070  -2.796   5.006  -0.242  -3.614   4.440  -1.365 0.1262
67        1.582   3.470  -2.447   1.228   4.625  -3.267   1.930   4.574  -4.619   1.622   6.068  -2.459   0.450   6.518  -1.639 0.2558
196      -0.386   4.417  -0.656  -1.271   5.577  -0.592  -1.004   6.402   0.662  -2.898   5.085  -0.631  -3.369   5.030  -2.053 0.1564
105       2.242   2.891  -2.385   1.986   3.787  -3.509   0.504   4.125  -3.615   2.530   3.088  -4.960   3.956   3.483  -5.203 0.1974
335       1.130   5.560   0.478   0.469   6.704   1.100   0.072   7.742   0.057   1.481   7.409   2.270   1.228   6.768   3.602 0.1256
209       2.213   4.600   0.949   2.184   5.413   2.162   2.291   4.542   3.409   0.762   6.343   2.220   1.003   7.666   1.556 0.1712
67       -1.193   1.204  -3.796  -0.994   0.491  -5.055  -0.269   1.365  -6.072  -2.486  -0.025  -5.687  -2.801  -1.396  -5.168 0.2389
430       2.342   4.829   0.743   2.265   5.804   1.827   2.513   7.217   1.313   3.385   5.423   3.048   2.738   4.520   4.056 0.1157
210       0.365   5.234   0.984  -0.525   6.189   1.639  -1.837   5.528   2.044  -0.831   7.512   0.616   0.196   8.578   0.858 0.1530
106       3.195   2.603  -2.100   4.581   2.250  -2.390   5.453   3.495  -2.500   4.675   1.344  -3.826   4.559  -0.116  -3.505 0.1903
575       1.661   4.951   0.845   1.181   5.912   1.835   1.072   7.309   1.235   2.211   5.936   3.187   1.736   4.932   4.195 0.1167
141       3.071   4.134   0.859   3.962   4.477   1.964   4.217   3.270   2.859   3.309   5.754   2.877   3.788   7.062   2.322 0.1490
466       1.704   5.177   0.916   1.349   6.163   1.933   0.790   7.430   1.298   2.701   6.538   2.893   2.754   5.608   4.069 0.1226
175      -0.322   4.466  -1.143  -1.141   5.674  -1.201  -1.591   6.100   0.191  -2.493   5.427  -2.201  -2.149   5.809  -3.611 0.1859
64        3.519   2.066  -2.099   4.163   2.387  -3.369   3.302   3.334  -4.197   4.479   0.967  -4.250   5.842   0.452  -3.895 0.2310
43        4.229   2.741  -1.348   5.407   2.498  -2.176   5.895   3.787  -2.827   5.064   1.336  -3.368   5.378  -0.032  -2.837 0.2807
140      -0.127   4.440  -0.420  -0.848   5.630   0.022  -1.313   6.464  -1.166   0.132   6.570   1.046  -0.072   6.138   2.468 0.1798
157      -0.195   4.976   0.752  -1.348   5.760   1.184  -2.641   4.972   1.019  -1.436   7.216   0.310  -0.667   8.281   1.033 0.1538
463       2.453   4.652   1.313   2.788   5.080   2.668   1.791   6.114   3.179   4.364   5.715   2.718   5.337   4.614   3.018 0.1160
427       1.750   4.679   1.379   1.488   5.286   2.681   0.938   6.699   2.526   2.905   5.311   3.620   2.992   4.050   4.427 0.1223
210       0.052   4.188   0.681  -0.397   5.104   1.726   0.275   4.788   3.057  -2.087   5.031   1.894  -2.723   6.041   0.986 0.1266
324       1.456   5.366   0.217   0.898   6.629   0.692   1.902   7.765   0.537   0.419   6.492   2.317  -1.011   6.044   2.381 0.1263
262       0.458   5.357  -0.030  -0.389   6.546   0.011   0.238   7.694  -0.771  -0.668   7.020   1.620  -1.903   6.343   2.134 0.1402
146      -0.371   4.133   1.125  -1.007   5.006   2.108  -0.057   5.324   3.256  -2.428   4.289   2.707  -3.592   4.699   1.855 0.1681
267       0.233   3.854   1.514   0.071   4.441   2.841   1.116   3.901   3.810  -1.491   4.136   3.438  -2.408   5.251   3.031 0.1419
80        2.974   4.082  -1.398   3.136   4.685  -2.719   4.551   5.221  -2.907   2.004   5.933  -2.945   0.755   5.370  -3.554 0.2221
502       1.848   3.148   2.221   2.699   3.299   3.398   3.777   2.222   3.439   1.764   3.243   4.817   1.322   4.630   5.180 0.1081
310       1.270   5.423   0.686   0.698   6.437   1.566  -0.207   7.388   0.792   1.931   7.311   2.346   2.277   6.640   3.642 0.1210
33        3.886   1.780   0.731   4.801   1.830   1.868   4.048   2.085   3.168   5.978   3.034   1.629   7.165   2.442   0.930 0.2439
188       2.264   4.763   0.581   2.119   5.799   1.600   1.769   5.193   2.953   0.930   6.923   1.138   1.566   8.033   0.356 0.1780
305       1.082   5.031   0.665   0.335   6.071   1.367   1.209   7.291   1.631  -0.286   5.470   2.831  -1.652   4.897   2.598 0.1429
312       1.042   4.664   1.405   0.382   5.296   2.543  -0.056   6.716   2.205   1.414   5.309   3.895   1.204   4.059   4.696 0.1313
195       2.690   4.429   0.920   3.075   5.093   2.162   2.999   4.133   3.344   2.084   6.445   2.445   2.702   7.658   1.816 0.1619
460       2.051   4.619   1.491   2.079   5.059   2.883   1.128   6.229   3.108   3.659   5.495   3.335   4.370   4.296   3.888 0.1245
156       2.833   4.381   1.170   3.499   4.653   2.440   3.503   6.145   2.749   5.092   4.059   2.413   5.107   2.645   2.914 0.1681
346       0.510   4.962   0.905  -0.428   5.830   1.612  -0.205   7.292   1.246  -0.279   5.620   3.292  -1.215   4.540   3.746 0.1368
180      -0.381   4.044   1.124  -0.970   4.803   2.224  -0.731   4.108   3.559  -2.637   5.020   1.969  -2.864   6.292   1.208 0.1530
102       0.944   4.265   1.566   0.377   4.879   2.763   1.314   5.938   3.333   0.051   3.696   3.939  -1.347   3.183   3.758 0.2128
127       1.253   5.487   0.603   0.714   6.594   1.387   0.808   6.305   2.881  -0.901   6.899   0.952  -0.938   7.905  -0.159 0.2117
328       0.479   4.093   1.241   0.403   4.879   2.469   1.009   4.122   3.645  -1.211   5.291   2.811  -1.540   6.603   2.163 0.1170
161      -0.461   4.482  -0.119  -1.263   5.614   0.336  -2.407   5.899  -0.630  -0.290   6.997   0.512   0.252   7.052   1.909 0.1607
157       0.537   3.937   1.823   0.676   4.477   3.172   0.590   3.371   4.218  -0.516   5.652   3.467   0.003   7.002   3.068 0.1439
301       2.183   5.092   0.195   1.852   6.301   0.944   1.570   7.468   0.005   3.115   6.703   2.010   2.883   6.036   3.333 0.1301
194       2.900   4.295   0.975   3.570   4.679   2.214   4.322   3.501   2.820   2.444   5.290   3.332   2.315   6.773   3.152 0.1197
138      -0.470   4.558  -0.370  -1.241   5.612   0.283  -2.728   5.473  -0.020  -0.687   7.143  -0.208   0.395   7.605   0.722 0.1615
76        1.118   4.223   1.802   1.618   4.851   3.022   1.012   4.202   4.261   1.280   6.517   3.013   2.422   7.255   2.380 0.2478
334       0.157   5.203   0.063  -0.886   6.217   0.193  -2.269   5.612  -0.021  -0.625   7.481  -0.914   0.228   8.536  -0.275 0.1262
333       1.340   5.334   0.178   0.698   6.572   0.610   1.098   7.739  -0.285   1.096   6.914   2.227   0.083   6.283   3.136 0.1237
109      -0.197   3.948   1.585  -0.858   4.670   2.668   0.157   5.392   3.547  -1.790   3.605   3.610  -3.180   3.531   3.052 0.1739
207       1.883   5.227  -0.519   1.401   6.605  -0.504   2.203   7.478  -1.462   1.479   7.243   1.070   0.188   6.974   1.784 0.1691
129       2.883   4.577   0.850   3.713   5.115   1.924   4.331   3.996   2.753   2.798   6.143   2.922   2.878   7.547   2.401 0.1416
184       1.684   5.230   0.208   1.161   6.375   0.949   0.233   5.925   2.071   0.340   7.433  -0.099   1.303   8.450  -0.637 0.1610
323       1.436   3.277   2.230   2.080   3.451   3.528   3.304   2.552   3.659   0.982   3.126   4.785   0.273   4.391   5.168 0.1145
103       0.118   4.077   1.410  -0.100   4.839   2.636  -1.386   5.653   2.555   1.221   5.865   2.940   2.231   5.143   3.782 0.2194
369       2.169   4.710   1.179   2.114   5.377   2.477   2.599   6.818   2.374   3.043   4.528   3.620   2.183   3.510   4.307 0.1220
421       1.755   4.706   1.320   1.464   5.398   2.572   1.370   6.904   2.358   2.655   5.048   3.735   2.246   3.836   4.518 0.1211
144       0.946   5.756  -0.516   0.170   6.992  -0.463  -0.364   7.245   0.942  -1.116   6.933  -1.574  -0.663   7.486  -2.893 0.1836
91        0.143   5.103  -1.071  -0.570   6.254  -1.618   0.368   7.439  -1.811  -1.860   6.691  -0.600  -3.098   5.954  -1.016 0.1982
353       1.486   4.967   1.101   1.021   5.787   2.217   0.203   6.974   1.722   2.339   6.332   3.142   2.632   5.339   4.227 0.1256
174      -0.119   4.296  -0.372  -0.886   5.447   0.094  -0.951   5.485   1.616  -2.457   5.415  -0.556  -2.475   6.158  -1.859 0.1506
57       -0.310   4.367  -1.362  -1.180   5.503  -1.653  -1.533   5.558  -3.134  -0.437   6.956  -1.175  -0.809   7.265   0.244 0.2993
356       1.328   4.813   1.118   0.737   5.681   2.133   1.474   7.013   2.212   0.752   4.914   3.650  -0.519   4.139   3.831 0.1225
82        1.207   3.652  -2.089   0.616   4.865  -2.646  -0.548   5.352  -1.791   0.094   4.593  -4.241   1.208   4.913  -5.193 0.1595
156      -0.524   4.476  -0.346  -1.399   5.337   0.444  -2.490   4.526   1.134  -2.097   6.536  -0.539  -1.215   7.748  -0.552 0.1857
417       1.268   4.812   0.676   0.548   5.807   1.466   0.925   7.221   1.042   0.863   5.590   3.122  -0.152   4.654   3.706 0.1228
62        3.410   2.098  -1.717   4.829   1.830  -1.933   5.040   0.927  -3.142   5.516   1.121  -0.548   6.040   2.196   0.356 0.2391
195      -0.634   4.271   0.127  -1.485   5.141   0.934  -2.425   4.326   1.814  -2.380   6.186  -0.065  -1.605   7.450  -0.287 0.1661
505       2.431   4.687   1.083   2.561   5.335   2.384   1.889   6.703   2.386   4.200   5.491   2.808   4.637   4.275   3.571 0.1114
190       0.907   4.899   0.910   0.110   5.792   1.747   0.988   6.835   2.429  -0.750   4.901   2.912  -2.090   4.517   2.359 0.1746
108      -0.012   4.453  -1.580  -0.716   5.667  -1.983  -0.466   6.800  -0.994  -2.384   5.369  -2.118  -2.703   4.936  -3.518 0.1870
427       1.718   5.080   1.310   1.663   5.659   2.649   0.335   6.370   2.886   2.953   6.742   2.881   4.130   6.004   3.444 0.1210
336      -0.334   4.575  -0.930  -1.068   5.813  -0.683  -2.515   5.526  -0.300  -1.016   6.816  -2.055   0.179   7.719  -1.969 0.1290
178      -0.842   4.379  -0.174  -1.760   5.261   0.541  -3.082   4.558   0.829  -2.038   6.680  -0.354  -1.027   7.719   0.031 0.1654
186       0.891   5.697  -0.909   0.113   6.908  -1.153   0.870   7.873  -2.058  -0.275   7.669   0.317  -1.587   7.145   0.820 0.1365
45        3.229   1.975   2.152   3.775   2.159   3.494   4.476   0.895   3.979   2.544   2.597   4.581   2.421   4.092   4.621 0.2413
140      -0.215   4.942  -0.139  -1.331   5.883  -0.139  -0.834   7.324  -0.138  -2.336   5.612   1.205  -3.404   4.623   0.840 0.2000
113       0.737   5.796  -0.524  -0.010   7.039  -0.692  -1.059   7.201   0.402  -0.752   7.084  -2.222   0.180   7.720  -3.210 0.1633
101       1.868   3.339   2.424   2.788   3.520   3.542   3.120   2.187   4.202   2.128   4.589   4.688   2.538   5.993   4.357 0.1939
248       3.252   1.847  -1.828   4.609   1.428  -2.169   5.305   0.797  -0.969   5.512   2.751  -2.738   5.364   2.855  -4.227 0.1125
205       1.888   4.980   0.166   1.383   6.217   0.754   2.488   7.260   0.873   0.700   5.914   2.281  -0.759   5.604   2.124 0.1565
47       -0.438   0.662  -4.089  -0.036  -0.312  -5.099   0.476   0.380  -6.357  -1.337  -1.337  -5.486  -1.317  -2.533  -4.582 0.2663
186       0.498   4.469  -0.322   0.091   5.728   0.297  -0.090   5.566   1.801  -1.348   6.297  -0.407  -1.019   7.184  -1.571 0.1657
59        4.036   1.945   0.013   5.217   2.021  -0.842   4.832   2.335  -2.283   6.091   0.564  -0.777   7.106   0.639   0.325 0.2721
83        1.313   3.210   2.285   1.935   3.328   3.601   3.408   2.938   3.549   1.115   2.361   4.734   0.023   3.162   5.377 0.1803
131       3.536   2.143  -1.604   4.959   1.840  -1.478   5.651   1.880  -2.835   5.180   0.317  -0.755   5.266   0.478   0.734 0.2224
332       1.532   5.393   0.199   0.970   6.612   0.772   0.989   7.753  -0.239   1.826   7.060   2.171   1.193   6.419   3.371 0.1324
108       1.134   4.478   0.912   0.609   5.534   1.773   1.516   5.763   2.976  -0.964   5.149   2.293  -1.961   5.697   1.316 0.1996
497       2.415   4.819   0.849   2.441   5.672   2.034   2.058   7.106   1.686   3.981   5.638   2.754   4.034   4.535   3.769 0.1175
162      -0.397   4.733  -0.250  -1.058   5.964   0.174  -2.024   5.701   1.323  -1.884   6.674  -1.132  -0.969   7.623  -1.846 0.1912
147      -0.162   4.731  -1.045  -0.827   5.987  -0.710  -2.325   5.903  -0.977  -0.148   7.272  -1.591   0.983   7.872  -0.811 0.1756
345       1.131   5.090   1.470   0.595   5.947   2.524   0.174   7.302   1.967   1.742   6.155   3.761   1.564   5.081   4.793 0.1255
57       -0.659   4.040   0.986  -1.442   4.737   2.003  -2.212   5.904   1.399  -0.431   5.290   3.254  -0.326   4.235   4.315 0.1922
37        3.228   2.239   1.987   3.670   2.711   3.296   5.175   2.535   3.464   2.845   1.888   4.534   1.594   2.637   4.885 0.2834
510       2.109   4.897   0.665   1.807   5.905   1.678   2.264   7.288   1.230   2.541   5.498   3.157   1.599   4.659   3.968 0.1092
261       0.166   3.910   1.515   0.014   4.495   2.844   0.331   3.477   3.932  -1.563   5.097   3.050  -1.613   6.530   2.609 0.1519
153      -0.751   4.359   0.161  -1.618   5.378   0.746  -1.943   5.052   2.199  -3.053   5.525  -0.154  -2.867   6.557  -1.226 0.1479
35        3.692   1.253   1.565   4.849   0.466   1.983   4.558  -1.028   1.894   5.305   0.877   3.568   6.306   1.994   3.527 0.3030
84       -0.216   3.930   1.381  -0.612   4.559   2.637  -1.645   5.655   2.400   0.746   5.201   3.434   1.327   4.162   4.346 0.2100
47        2.599   2.606   2.387   2.492   3.385   3.618   3.660   3.096   4.553   1.020   3.053   4.403  -0.030   4.009   3.920 0.2466
121       2.826   2.676  -2.131   4.149   2.616  -2.745   4.056   2.725  -4.263   4.939   1.173  -2.312   5.729   1.394  -1.057 0.2059
40        1.074   3.672  -2.339   0.424   4.830  -2.948   1.106   5.216  -4.256   0.433   6.148  -1.875  -0.811   6.118  -1.037 0.2746
219      -0.025   4.025   1.449  -0.271   4.650   2.746  -0.964   3.682   3.699  -1.209   6.055   2.559  -0.306   7.237   2.364 0.1375
116       0.547   4.375   1.353   0.659   5.104   2.613  -0.455   4.709   3.576   0.623   6.780   2.335   2.021   7.283   2.127 0.2066
93        0.907   5.850  -0.498   0.177   7.112  -0.426   0.109   7.626   1.007  -1.392   6.926  -1.054  -1.381   7.223  -2.524 0.1968
174       0.613   4.546   0.295   0.463   5.652   1.237   0.975   5.267   2.620  -1.164   6.135   1.330  -1.427   7.204   0.312 0.1502
401       0.736   5.285   0.492  -0.128   6.346   1.003  -0.211   7.507   0.019   0.437   6.898   2.509  -0.201   6.097   3.605 0.1228
45        2.568   2.299   2.496   3.731   2.032   3.337   3.734   2.928   4.570   5.166   2.252   2.453   5.560   0.956   1.808 0.2533
19        2.805   1.635   2.481   3.883   0.878   3.109   3.872  -0.576   2.652   3.756   0.958   4.803   4.533   2.138   5.307 0.2772
228       0.138   5.098  -0.136  -0.824   6.197  -0.137  -0.185   7.485  -0.644  -1.454   6.434   1.425  -2.685   5.596   1.600 0.1589
400       1.511   5.129   0.529   0.932   6.264   1.242   1.864   7.469   1.206   0.588   5.840   2.852  -0.809   5.301   2.941 0.1262
210       0.667   5.701  -0.181  -0.052   6.970  -0.241   0.894   8.147  -0.034  -1.291   7.005   0.923  -2.556   6.466   0.324 0.1467
78        0.909   4.043   1.807   0.848   4.481   3.198   0.465   5.953   3.294   2.340   4.215   3.970   2.346   2.849   4.589 0.2148
154       1.888   3.190  -2.537   2.783   3.403  -3.671   2.413   4.671  -4.431   2.745   2.064  -4.717   3.795   1.076  -4.304 0.1649
83        0.707   5.282   0.432  -0.040   6.461   0.862  -0.677   6.238   2.229  -1.234   6.855  -0.281  -0.665   7.807  -1.291 0.2177
216      -0.520   4.267  -0.903  -1.500   5.348  -0.941  -1.723   5.935   0.448  -2.973   4.792  -1.582  -2.973   4.981  -3.070 0.1771
59        0.635   5.431  -1.130   1.024   5.694   0.252   0.325   4.737   1.211   0.669   7.303   0.673   1.851   8.173   0.364 0.2463
325       1.593   5.250   1.074   1.281   6.274   2.068   1.865   7.623   1.668   1.867   5.815   3.596   0.809   5.040   4.325 0.1401
218       2.668   4.529   1.075   3.107   5.024   2.376   3.811   6.369   2.242   4.139   3.898   3.122   3.328   2.952   3.957 0.1497
78        3.852   3.119   0.332   5.176   2.918   0.913   5.173   1.755   1.899   5.706   4.336   1.687   6.461   5.187   0.709 0.2200
94        2.085   2.824  -2.445   3.169   2.625  -3.403   2.737   3.017  -4.811   3.689   1.007  -3.382   4.790   0.849  -2.375 0.1864
427       1.096   5.414   0.533   0.392   6.528   1.162   1.026   7.861   0.784   0.381   6.345   2.852  -0.838   5.576   3.265 0.1269
371       1.577   5.123   1.250   1.271   5.999   2.377   1.436   7.465   1.994   2.266   5.627   3.704   1.595   4.593   4.558 0.1338
26        4.128   1.898   0.327   5.250   2.094   1.241   6.429   1.207   0.861   4.773   1.776   2.842   4.270   3.039   3.474 0.2918
269       2.206   4.703   1.066   2.174   5.475   2.305   3.188   6.613   2.268   2.477   4.467   3.640   1.179   3.921   4.158 0.1317
285       1.538   4.642   1.251   1.050   5.322   2.448   1.502   6.778   2.474   1.587   4.520   3.847   0.581   3.482   4.246 0.1272
21        0.436   5.443  -0.578   1.065   5.654   0.723   0.144   6.426   1.660   2.540   6.481   0.542   3.651   5.489   0.366 0.3706
63        1.627   3.648   2.164   2.113   4.181   3.433   3.635   4.131   3.502   1.443   3.317   4.735   0.160   3.969   5.160 0.2275
558       1.020   4.941   1.069   0.297   5.815   1.989   0.148   7.217   1.411   1.093   5.884   3.490   0.565   4.803   4.386 0.1200
464       1.991   4.829   0.936   1.714   5.696   2.077   1.323   7.097   1.620   3.067   5.775   3.104   2.975   4.690   4.136 0.1126
166       0.121   4.520   0.647  -0.177   5.518   1.670  -1.034   4.924   2.783  -0.964   6.858   0.981   0.056   7.869   0.549 0.1649
199      -0.659   4.300   0.667  -1.379   5.185   1.579  -2.062   4.392   2.688  -2.527   6.107   0.729  -1.898   7.388   0.269 0.1588
102       0.658   5.691   0.026  -0.098   6.933   0.154  -1.326   6.740   1.036  -0.564   7.504  -1.378   0.497   8.416  -1.916 0.1695
144      -0.307   4.365   0.366  -0.932   5.365   1.227  -1.438   6.550   0.413   0.165   5.896   2.413   0.041   5.031   3.632 0.1703
280       0.300   4.285   0.847   0.051   5.218   1.942   0.316   4.562   3.292  -1.546   5.796   1.877  -1.593   7.042   1.043 0.1367
292       2.309   4.581   1.246   2.425   5.177   2.573   2.580   6.691   2.484   3.742   4.505   3.413   3.281   3.306   4.188 0.1203
127       0.826   5.400   0.616   0.155   6.589   1.135  -1.174   6.227   1.788  -0.095   7.720  -0.109   1.085   8.642  -0.191 0.1593
439       2.261   4.981   0.576   2.100   5.971   1.637   1.365   7.206   1.128   3.614   6.413   2.271   3.960   5.507   3.415 0.1147
391       0.479   5.060   0.696  -0.467   6.021   1.258  -0.335   7.380   0.581  -0.227   6.179   2.933  -1.084   5.184   3.657 0.1193
175       0.303   5.629  -0.252  -0.599   6.772  -0.360   0.174   8.056  -0.642  -1.513   6.943   1.063  -2.785   6.158   0.937 0.1457
94        2.154   4.919   1.243   2.208   5.618   2.524   3.488   5.282   3.279   0.851   5.226   3.471  -0.253   6.201   3.190 0.2525
108       1.106   5.546  -1.115   0.585   6.832  -1.568   1.586   7.952  -1.307  -0.891   7.179  -0.799  -2.022   6.636  -1.621 0.2189
76        1.038   3.516  -2.134   0.323   4.635  -2.740  -0.516   5.376  -1.705  -0.667   4.089  -4.010   0.105   4.121  -5.295 0.1851
155      -0.806   4.436   0.254  -1.652   5.428   0.912  -2.701   4.758   1.791  -2.407   6.422  -0.242  -1.538   7.613  -0.522 0.1645
113       1.454   4.189   1.406   1.212   4.966   2.619   2.487   5.111   3.441  -0.007   4.238   3.555  -1.343   4.788   3.152 0.1882
358       2.103   4.900   1.066   2.077   5.655   2.315   2.196   7.152   2.055   3.328   5.141   3.345   2.832   4.026   4.218 0.1148
114       0.100   4.544   0.384  -0.334   5.363   1.512   0.010   6.831   1.288   0.374   4.811   2.955  -0.517   3.785   3.589 0.1796
115       2.157   4.723  -1.135   1.526   5.825  -1.856   2.288   6.151  -3.136   1.431   7.204  -0.867   0.133   7.191  -0.115 0.2232
84        0.095   4.834   1.299   0.019   5.750   2.433   0.003   4.989   3.753  -1.364   6.733   2.310  -1.023   7.983   1.554 0.2262
283       1.013   4.606   1.262   0.289   5.317   2.313   0.750   6.766   2.413   0.494   4.534   3.808  -0.594   3.519   3.995 0.1543
545       1.830   4.826   0.926   1.434   5.711   2.017   1.613   7.174   1.630   2.332   5.363   3.418   1.609   4.331   4.232 0.1069
91        2.878   4.378  -0.925   3.000   5.099  -2.189   3.080   6.603  -1.957   1.689   4.735  -3.208   2.031   3.548  -4.059 0.2085
139       0.793   5.507  -1.465  -0.031   6.695  -1.266   0.104   7.660  -2.437   0.393   7.475   0.184  -0.438   6.930   1.307 0.1566
53        2.631   2.810  -2.210   2.757   3.501  -3.490   1.704   4.595  -3.629   2.623   2.396  -4.776   3.983   1.873  -5.129 0.2332
102       0.317   4.981   1.089  -0.546   5.945   1.766   0.241   6.772   2.774  -1.831   5.147   2.542  -2.994   5.039   1.600 0.1783
84        2.707   2.258  -2.529   3.900   1.595  -3.047   4.866   2.603  -3.660   3.474   0.421  -4.200   3.258  -0.896  -3.516 0.1774
30        3.798   1.891  -2.049   4.192   2.237  -3.412   5.656   2.658  -3.469   3.204   3.481  -4.018   2.014   2.882  -4.707 0.3040
174      -0.023   4.705   1.200  -1.072   5.472   1.865  -0.721   6.954   1.915  -1.334   4.880   3.437  -2.387   3.813   3.400 0.1864
14        0.588   5.144   1.091   1.864   4.960   1.778   1.703   5.115   3.286   3.015   6.068   1.197   3.755   5.461   0.042 0.3183
241       0.864   3.899   1.710   1.156   4.466   3.024   2.374   3.798   3.652  -0.190   4.310   4.050  -1.062   5.523   3.919 0.1276
298       0.137   4.317  -0.185  -0.486   5.464   0.469  -0.043   5.573   1.924  -2.180   5.348   0.383  -2.665   6.025  -0.864 0.1432
153      -0.823   4.156   0.876  -1.644   5.040   1.699  -2.062   4.352   2.993  -3.019   5.546   0.836  -2.708   6.816   0.101 0.1505
191       1.596   4.974   0.561   0.973   5.953   1.447   1.799   7.232   1.519   0.772   5.301   3.004  -0.567   4.632   3.097 0.1307
46        0.041   3.799   1.627  -0.255   4.123   3.020  -0.913   5.493   3.136   1.164   4.076   3.955   1.354   2.694   4.506 0.2423
305       1.102   5.622  -0.028   0.454   6.913   0.181   1.268   8.043  -0.439   0.228   7.201   1.842  -1.108   6.665   2.265 0.1307
144       2.254   4.737   0.994   2.280   5.480   2.250   2.796   4.612   3.391   0.730   6.072   2.622   0.560   7.438   2.025 0.1646
114       1.378   5.053   0.735   0.900   6.196   1.509  -0.528   5.972   1.992   0.985   7.618   0.581   2.321   8.268   0.784 0.1932
168       2.940   4.362   1.106   3.765   4.574   2.291   3.269   5.768   3.099   5.391   4.804   1.849   6.093   3.479   1.818 0.1544
46        2.017   4.933  -0.423   1.433   6.271  -0.440   0.123   6.308   0.339   1.176   6.786  -2.039   2.394   7.507  -2.534 0.2074
46        4.070   1.810  -1.765   5.222   1.697  -2.654   5.727   3.072  -3.077   4.825   0.775  -4.026   5.117  -0.671  -3.758 0.2427
84        1.981   5.246  -0.368   1.603   6.623  -0.063   2.714   7.344   0.691   0.166   6.656   0.844  -1.010   6.729  -0.084 0.2163
325       0.668   5.688   0.110  -0.179   6.851   0.363  -0.205   7.783  -0.843   0.363   7.691   1.738  -0.325   7.151   2.957 0.1203
222       0.635   4.667   1.114  -0.270   5.363   2.024  -0.273   6.863   1.755   0.165   5.060   3.639  -0.561   3.845   4.134 0.1289
148       0.212   4.403  -0.476  -0.374   5.599   0.121  -1.254   5.242   1.313  -1.277   6.459  -1.035  -0.390   7.455  -1.722 0.1619
572       1.762   4.871   1.003   1.343   5.712   2.121   1.778   7.158   1.914   1.976   5.115   3.582   1.009   4.141   4.185 0.1128
181       1.831   4.449   1.570   1.693   4.893   2.954   2.186   6.325   3.123   2.546   3.856   3.998   1.641   2.749   4.452 0.1608
235       0.666   5.292   0.792  -0.101   6.394   1.365   0.809   7.553   1.755  -0.981   5.863   2.719  -2.334   5.387   2.281 0.1460
348       2.325   4.845   0.813   2.289   5.736   1.969   3.031   7.036   1.684   2.958   4.968   3.331   1.877   4.246   4.079 0.1215
149       0.541   3.845   1.897   0.724   4.208   3.300  -0.203   3.402   4.201   0.453   5.872   3.522   1.743   6.617   3.347 0.1738
243       2.746   4.493   1.129   3.253   4.949   2.420   2.814   6.380   2.708   4.950   4.840   2.462   5.351   3.492   2.983 0.1240
179       1.893   3.255   2.210   2.819   3.453   3.321   3.704   2.228   3.523   1.966   3.799   4.750   1.782   5.282   4.876 0.1294
55        0.988   5.575  -1.520   0.431   6.694  -2.273  -0.369   7.622  -1.367  -0.552   6.126  -3.539   0.279   5.942  -4.774 0.2099
47        0.001   4.863  -0.951  -0.606   6.174  -0.738  -1.662   6.469  -1.797   0.585   7.388  -0.748   1.096   7.598   0.647 0.2531
189       1.028   3.550   2.128   1.475   3.899   3.473   2.068   2.690   4.186   0.185   4.535   4.380   0.136   6.023   4.204 0.1565
111       1.293   3.487   2.245   1.933   3.708   3.539   2.115   2.396   4.293   1.020   4.796   4.474   1.484   6.197   4.207 0.1729
95        2.456   4.591   1.056   2.710   5.288   2.314   4.180   5.669   2.442   2.241   4.323   3.633   0.808   4.606   3.974 0.2307
194       2.617   4.718   0.863   2.976   5.498   2.044   3.509   6.872   1.653   4.131   4.667   2.974   3.433   3.801   3.980 0.1608
167       0.058   4.374   0.106  -0.514   5.500   0.838  -0.725   5.150   2.307  -1.987   5.978   0.135  -1.726   7.021  -0.910 0.1511
111       1.767   5.059  -0.610   1.144   6.374  -0.732   2.061   7.350  -1.459   0.743   6.985   0.804  -0.649   6.559   1.163 0.1770
132       1.691   5.395  -0.136   1.181   6.666   0.368   0.575   6.503   1.757   0.024   7.307  -0.701   0.706   8.185  -1.707 0.1647
156       3.261   2.398  -1.925   4.681   2.284  -2.244   5.015   3.022  -3.536   5.131   0.650  -2.374   5.576   0.146  -1.033 0.2111
331       1.731   4.646   1.334   1.434   5.395   2.551   2.201   6.712   2.585   1.808   4.467   3.925   0.604   3.673   4.335 0.1205
63       -0.381   0.704  -4.215  -0.038  -0.311  -5.208   1.329  -0.038  -5.823  -1.223  -0.374  -6.425  -2.282  -1.365  -6.041 0.2474
179       1.443   5.570  -0.511   0.881   6.915  -0.436   1.927   7.968  -0.781   0.249   7.207   1.116  -1.193   6.797   1.154 0.1498
45        1.366   3.524  -2.661   1.798   3.998  -3.973   0.661   3.925  -4.985   3.127   3.090  -4.523   4.399   3.741  -4.068 0.2760
379       0.430   5.176   0.460  -0.493   6.244   0.834  -0.064   7.576   0.230  -0.592   6.376   2.526  -1.693   5.493   3.033 0.1304
44        0.897   5.376   1.016   2.339   5.501   1.210   2.890   4.324   2.006   2.707   6.962   1.998   2.932   8.038   0.977 0.2600
131      -0.068   4.643   1.201  -1.172   5.285   1.908  -1.172   6.791   1.674  -1.084   4.953   3.573  -1.854   3.702   3.875 0.1849
186      -0.137   4.481  -0.462  -1.023   5.639  -0.383  -0.265   6.879   0.077  -2.321   5.324   0.669  -3.460   4.731  -0.106 0.1685
117      -0.763   4.219   0.503  -1.694   5.153   1.131  -1.143   5.671   2.455  -3.203   4.410   1.379  -4.072   4.631   0.177 0.1776
143       0.309   4.359   1.154   0.183   5.285   2.276  -0.077   4.538   3.579  -1.065   6.403   1.985  -0.505   7.606   1.286 0.1584
170      -0.367   4.411  -1.137  -1.311   5.476  -1.463  -1.004   6.742  -0.671  -2.905   4.970  -1.159  -3.472   4.336  -2.394 0.1425
356       0.297   5.182   0.809  -0.647   6.144   1.371  -2.045   5.545   1.474  -0.686   7.558   0.428   0.334   8.530   0.942 0.1395
71        2.063   2.477  -2.680   3.103   1.956  -3.562   3.474   2.972  -4.636   2.595   0.503  -4.285   2.999  -0.654  -3.420 0.1860
119      -0.490   4.543  -1.197  -1.409   5.591  -1.632  -1.638   6.613  -0.526  -2.891   4.916  -2.119  -2.840   4.602  -3.585 0.1986
115      -0.848   4.262   0.166  -1.928   5.190   0.489  -1.446   6.288   1.429  -3.236   4.357   1.187  -4.180   3.915   0.109 0.1773
387       2.488   4.812   0.813   2.627   5.695   1.967   2.628   7.159   1.542   4.053   5.334   2.821   3.760   4.304   3.871 0.1347
169       1.273   3.910   1.780   1.808   4.481   3.013   2.943   3.626   3.566   0.579   4.641   4.176  -0.063   5.990   4.043 0.1514
7        -3.017   2.062  -1.763  -3.630   1.932  -3.082  -3.159   0.664  -3.784  -3.277   3.294  -4.037  -4.342   4.331  -3.842 0.3677
105      -0.258   4.343  -1.500  -1.086   5.527  -1.706  -2.218   5.589  -0.687  -1.720   5.541  -3.284  -0.775   6.265  -4.196 0.1898
52        2.317   2.720   2.258   2.033   3.485   3.469   0.876   4.453   3.248   3.417   4.335   3.972   4.213   3.482   4.914 0.2404
58        1.103   3.755  -2.318   1.714   3.722  -3.644   2.082   5.124  -4.113   0.663   2.989  -4.762   0.926   1.513  -4.802 0.2726
121       3.216   4.132   0.656   4.309   4.309   1.608   5.188   3.066   1.673   3.697   4.673   3.152   3.566   6.159   3.301 0.2133
77        1.166   5.221   1.682   1.225   5.689   3.063  -0.130   5.552   3.748   1.745   7.307   3.120   3.240   7.348   3.231 0.2125
79        3.345   4.129   0.663   4.658   4.177   1.300   4.937   5.558   1.881   5.873   3.756   0.187   6.103   2.275   0.234 0.2556
157      -0.514   4.401  -0.125  -1.373   5.502   0.303  -1.209   5.778   1.793  -3.000   5.158  -0.051  -3.332   5.669  -1.421 0.1531
55       -0.899   0.605  -3.846  -0.790  -0.523  -4.766   0.362  -0.324  -5.744  -2.246  -0.740  -5.616  -3.134  -1.679  -4.855 0.2555
50        1.108   5.607  -1.531   0.432   6.772  -2.095   0.363   7.910  -1.083  -1.133   6.356  -2.613  -1.085   5.914  -4.046 0.2149
133       0.179   4.890   1.224  -0.876   5.546   1.990  -2.069   4.618   2.188  -1.372   6.975   1.214  -0.546   8.125   1.708 0.1730
177      -0.288   4.508  -1.131  -1.075   5.735  -1.055  -2.394   5.497  -0.329  -1.369   6.348  -2.614  -0.268   7.291  -2.996 0.1550
69        1.070   3.818   1.939   0.590   5.057   2.543  -0.479   4.778   3.593  -0.023   6.101   1.349   1.078   6.985   0.844 0.2011
174       0.782   4.829   0.469  -0.106   5.843   1.031   0.507   7.234   0.915  -0.452   5.493   2.658  -1.679   4.634   2.735 0.1539
173      -0.702   4.655  -0.643  -1.581   5.707  -0.141  -3.046   5.320  -0.301  -1.274   7.172  -0.948  -0.224   7.942  -0.202 0.1393
37        0.927   3.871  -2.339   0.928   4.585  -3.613  -0.492   4.806  -4.120   1.834   3.731  -4.771   3.263   4.183  -4.721 0.2919
183       2.469   4.384   1.218   2.753   4.827   2.580   3.413   3.718   3.391   1.326   5.340   3.347   1.127   6.806   3.104 0.1417
58        3.081   3.803  -1.984   3.513   4.149  -3.335   4.262   5.476  -3.348   2.179   4.222  -4.385   1.950   2.872  -4.998 0.2806
140       0.290   4.222  -2.246  -0.347   5.447  -2.719  -0.611   6.409  -1.566  -1.801   5.087  -3.523  -1.526   4.880  -4.983 0.2018
25        0.875   3.886  -1.779   0.127   5.133  -1.909   0.920   6.168  -2.698  -0.271   5.749  -0.375  -1.602   5.206   0.052 0.3012
52        3.193   4.046   0.852   4.186   4.165   1.915   5.228   5.225   1.578   4.945   2.668   2.189   4.183   1.905   3.232 0.2458
112      -0.061   4.564  -1.361  -0.776   5.783  -1.728  -0.212   6.992  -0.992  -2.436   5.620  -1.394  -3.135   5.063  -2.598 0.1777
383       0.725   5.608   0.616  -0.004   6.803   1.033   0.831   8.059   0.815  -0.458   6.681   2.667  -1.811   6.041   2.764 0.1368
142       1.279   5.361   1.218   0.970   6.416   2.179   2.193   7.284   2.453   0.393   5.746   3.631  -1.100   5.618   3.564 0.1783
66       -0.105   4.009   1.630  -0.315   4.395   3.023  -0.208   5.905   3.196   0.808   3.611   4.031   0.237   2.304   4.495 0.2160
279       0.942   5.503   0.080   0.188   6.721   0.363   1.121   7.912   0.552  -0.779   6.513   1.746  -2.124   5.989   1.340 0.1388
121      -0.707   4.417  -0.579  -1.646   5.505  -0.320  -2.645   5.121   0.764  -2.467   5.932  -1.746  -1.701   7.004  -2.463 0.1666
33        1.740   3.197  -2.346   2.579   3.372  -3.528   4.054   3.197  -3.184   2.319   4.904  -4.219   1.220   4.814  -5.235 0.2446
59       -0.983   3.992   0.777  -1.867   4.482   1.830  -3.032   3.525   2.059  -2.453   6.030   1.441  -1.520   7.069   1.989 0.3154
111      -0.589   4.901  -0.803  -1.409   5.999  -0.299  -2.811   5.956  -0.896  -0.675   7.494  -0.640   0.223   7.881   0.497 0.1702
93       -0.363   4.889   0.129  -1.548   5.738   0.208  -1.252   7.025   0.968  -2.828   4.902   0.953  -3.632   4.185  -0.091 0.1916
332       2.621   4.584   1.109   2.976   5.191   2.388   2.702   6.690   2.379   4.612   4.899   2.749   4.732   3.622   3.526 0.1467
302       0.587   5.382   0.758  -0.244   6.450   1.306   0.542   7.750   1.427  -0.863   5.999   2.825  -2.183   5.311   2.642 0.1394
66        0.409   5.429  -0.242  -0.489   6.580  -0.272  -0.515   7.291   1.075  -2.059   6.096  -0.707  -2.209   6.166  -2.198 0.1981
177       1.766   4.582   1.382   1.501   5.147   2.702   2.480   6.270   3.026   1.589   3.936   3.893   0.234   3.322   4.082 0.1771
33        4.395   1.357   0.030   5.704   1.146  -0.582   6.825   1.410   0.416   5.889   2.146  -1.945   5.402   1.423  -3.165 0.3534
292       2.153   4.985   0.317   1.844   6.226   1.021   2.162   7.441   0.157   2.706   6.309   2.484   1.889   5.694   3.582 0.1256
226      -0.124   4.902   0.784  -1.136   5.872   1.189  -0.647   7.299   0.973  -1.560   5.642   2.820  -2.706   4.678   2.907 0.1585
29        2.447   4.547   0.977   2.113   5.510   2.023   0.610   5.758   2.081   2.937   6.975   1.767   4.259   6.936   2.476 0.2213
71        0.668   3.659   2.279   0.634   4.244   3.616   1.998   4.802   4.006   0.129   3.089   4.756  -1.364   3.140   4.892 0.1863
172      -0.081   4.448  -0.552  -0.822   5.495   0.144  -2.312   5.177   0.188  -0.569   7.000  -0.605   0.617   7.675   0.017 0.1370
349      -0.474   4.515  -0.607  -1.272   5.636  -0.118  -2.656   5.174   0.322  -1.410   6.833  -1.318  -0.281   7.810  -1.182 0.1191
98        1.252   5.486   0.864   0.805   6.550   1.758   0.641   6.038   3.184  -0.659   7.215   1.204  -0.371   8.358   0.278 0.1929
87        3.117   4.317   0.964   4.172   4.492   1.958   4.767   5.893   1.887   5.392   3.328   1.740   5.073   2.110   2.555 0.2100
243       2.669   4.558   1.034   3.142   5.087   2.310   3.369   6.592   2.229   4.577   4.306   2.781   4.241   3.102   3.611 0.1414
53       -0.719   4.404   0.826  -1.902   5.126   1.285  -1.519   6.450   1.936  -2.790   4.175   2.379  -3.800   3.360   1.627 0.2385
180      -0.466   4.482  -0.711  -1.303   5.674  -0.604  -2.022   5.722   0.739  -2.433   5.722  -1.873  -1.845   6.458  -3.040 0.1765
349       1.520   4.624   1.414   1.102   5.245   2.668   1.194   6.764   2.585   2.050   4.673   3.958   1.404   3.458   4.553 0.1308
209       0.842   5.734  -0.350   0.174   7.022  -0.514   0.899   7.890  -1.537   0.079   7.834   0.976  -1.200   7.463   1.667 0.1328
184       0.342   5.419   0.209  -0.456   6.634   0.341   0.424   7.838   0.658  -1.636   6.441   1.550  -2.893   5.897   0.939 0.1552
98        3.571   2.087  -1.574   4.950   1.682  -1.319   5.931   2.753  -1.781   5.288   0.207  -2.096   4.973  -0.929  -1.170 0.1940
119       2.047   2.955  -2.449   3.107   2.852  -3.448   2.943   3.909  -4.534   3.121   1.300  -4.141   4.028   0.406  -3.349 0.1720
157       0.065   4.409   0.471  -0.338   5.301   1.555  -1.682   4.883   2.140  -0.418   6.907   1.002   0.915   7.569   1.195 0.1843
45        3.629   1.643  -1.336   4.916   1.083  -0.932   6.062   1.730  -1.701   4.931  -0.600  -1.169   4.446  -1.284   0.075 0.2406
64        2.265   2.809  -2.509   3.280   2.834  -3.558   2.673   2.507  -4.918   4.531   1.739  -3.199   5.593   2.437  -2.404 0.2465
87        0.131   5.650   0.594  -0.864   6.483   1.264  -2.054   6.758   0.352  -0.166   7.949   1.770   0.376   7.791   3.159 0.1665
209       1.987   5.165  -0.221   1.490   6.511   0.051   1.611   7.400  -1.181   2.335   7.203   1.354   1.629   6.878   2.637 0.1357
286       0.770   4.591   1.394  -0.021   5.190   2.466  -0.286   6.666   2.194   0.768   5.004   3.960   0.332   3.720   4.600 0.1477
63        2.132   3.275   2.144   2.701   3.656   3.434   3.953   4.507   3.251   3.065   2.273   4.353   1.877   1.902   5.191 0.3064
42        0.065   4.941   1.806   1.205   4.508   2.609   1.077   3.039   2.996   1.348   5.469   4.003   2.231   6.646   3.711 0.2630
80       -0.934   4.168   0.565  -1.915   4.996   1.260  -3.116   5.290   0.369  -1.203   6.451   1.779  -0.644   6.270   3.158 0.2077
175       1.691   4.401   1.770   1.541   4.713   3.188   0.809   6.035   3.385   3.062   4.771   3.947   3.412   3.409   4.469 0.1416
273       1.294   3.368   2.205   1.880   3.631   3.517   2.762   2.473   3.967   0.659   3.915   4.666   0.345   5.381   4.711 0.1207
83       -0.332   4.710  -0.399  -1.333   5.773  -0.417  -2.502   5.411  -1.325  -0.634   7.238  -0.923  -0.121   7.986   0.272 0.2340
259       0.758   3.995   1.547   0.951   4.656   2.834   1.845   3.826   3.749  -0.547   4.942   3.585  -1.063   6.289   3.174 0.1204
85        0.100   5.545   0.877  -0.558   6.246   1.976  -2.072   6.093   1.897  -0.136   7.893   1.966   1.090   8.101   2.805 0.1840
100       0.933   5.647  -0.915   0.245   6.913  -1.152   0.806   8.017  -0.264  -1.425   6.740  -0.884  -2.098   6.342  -2.164 0.2083
96        0.472   5.292   0.520  -0.326   6.177   1.365  -1.203   5.378   2.323  -1.290   7.200   0.408  -0.536   8.462   0.109 0.2299
57        1.004   4.578   0.226   0.969   5.694   1.167  -0.419   5.856   1.776   1.439   7.135   0.396   2.923   7.309   0.523 0.2128
346       1.297   5.358   0.903   0.843   6.201   2.005  -0.489   6.865   1.675   2.010   7.383   2.367   2.956   6.851   3.402 0.1301
268       2.301   4.684   1.547   2.722   4.966   2.916   1.601   5.625   3.710   4.102   5.959   2.920   5.334   5.104   2.908 0.1419
353       0.792   5.407   0.805   0.034   6.477   1.447   0.372   7.832   0.836   0.339   6.499   3.119  -0.653   5.620   3.820 0.1241
326       2.307   4.465   1.400   2.459   4.871   2.794   1.850   6.247   3.035   4.102   4.875   3.235   4.478   3.527   3.774 0.1223
209       0.824   4.750   1.512   0.126   5.495   2.556   0.883   6.766   2.923  -0.087   4.524   3.936  -1.392   3.793   3.836 0.1514
265       2.729   4.321   1.077   3.223   4.793   2.367   3.718   3.632   3.223   2.006   5.647   3.192   2.085   7.101   2.833 0.1224
125       2.627   2.734  -2.450   3.779   2.839  -3.342   3.533   3.870  -4.436   4.132   1.327  -4.034   5.103   0.591  -3.160 0.1772
109       2.807   4.382  -1.327   2.670   5.273  -2.476   4.033   5.694  -3.011   1.759   6.646  -2.055   0.306   6.381  -2.314 0.2106
27        3.384   2.867   1.435   4.523   2.652   2.323   5.366   3.915   2.450   5.480   1.365   1.760   4.996   0.080   2.364 0.2530
207      -0.255   5.021   0.208  -1.391   5.929   0.332  -2.678   5.267  -0.146  -1.109   7.357  -0.547  -0.437   8.364   0.338 0.1505
528       2.297   4.830   1.059   2.400   5.491   2.357   1.368   6.604   2.489   3.965   6.118   2.581   4.828   5.083   3.241 0.1116
165      -0.589   4.500  -0.209  -1.443   5.627   0.154  -2.237   6.124  -1.048  -0.510   6.893   0.801  -0.404   6.727   2.288 0.1775
190       0.395   4.403  -0.502  -0.121   5.639   0.078   0.069   5.657   1.590  -1.767   5.832  -0.304  -1.895   6.594  -1.590 0.1447
78        1.474   4.045  -2.411   2.345   4.264  -3.562   2.651   5.746  -3.746   1.633   3.636  -4.973   2.054   2.208  -5.153 0.2131
239       2.412   5.011   0.251   2.329   6.174   1.129   2.859   7.424   0.436   3.192   5.895   2.567   2.278   5.284   3.588 0.1542
34        1.923   3.514  -2.291   1.664   3.843  -3.690   2.531   5.010  -4.149   0.020   4.214  -3.917  -0.732   2.962  -4.259 0.2783
76        2.484   4.866   1.767   3.016   5.469   2.986   3.551   4.404   3.936   1.819   6.394   3.761   1.873   7.805   3.255 0.2026
51        3.402   1.971  -1.538   4.803   1.560  -1.590   5.410   1.501  -0.193   5.697   2.622  -2.570   5.685   2.126  -3.986 0.2463
295       0.824   5.438   0.329   0.001   6.553   0.788   0.725   7.882   0.601  -0.423   6.345   2.421  -1.716   5.590   2.509 0.1260
96       -0.005   4.459  -0.597  -0.799   5.620  -0.204  -0.554   6.795  -1.144  -0.442   6.069   1.396  -1.363   5.347   2.335 0.1767
254       0.692   3.452   2.059   0.957   3.689   3.475   2.207   2.946   3.931  -0.378   3.215   4.415  -1.311   4.378   4.580 0.1488
137       0.160   5.240  -0.793  -0.744   6.316  -1.188  -0.002   7.404  -1.955  -1.507   6.982   0.177  -2.786   6.247   0.444 0.1641
204       1.524   5.128   1.524   1.601   5.578   2.911   0.218   5.906   3.460   2.616   6.936   3.038   4.024   6.486   3.294 0.1415
132       0.901   5.111   0.156   0.045   6.239   0.512   0.839   7.324   1.230  -1.247   5.719   1.488  -2.410   5.343   0.619 0.1678
42       -1.762   1.621  -3.284  -1.898   1.053  -4.622  -2.587   2.032  -5.566  -2.767  -0.407  -4.561  -1.813  -1.548  -4.370 0.3192
206       1.328   5.631   0.158   0.772   6.870   0.694   1.373   8.087  -0.001   1.041   6.964   2.370  -0.114   6.343   3.097 0.1328
113      -0.024   4.301   0.356  -0.542   5.261   1.327  -0.671   6.649   0.712   0.464   5.321   2.696  -0.006   4.317   3.707 0.1709
494       1.907   5.087   0.720   1.607   6.135   1.691   1.452   7.488   1.008   2.826   6.214   2.873   2.476   5.306   4.014 0.1234
123      -0.017   4.393   0.533  -0.494   5.458   1.410  -1.284   6.501   0.627   0.811   6.196   2.211   1.065   5.488   3.509 0.1870
471       1.192   5.280   0.889   0.583   6.349   1.676   0.623   7.675   0.925   1.369   6.503   3.176   0.697   5.621   4.186 0.1252
355       0.427   5.517   0.186  -0.482   6.647   0.355  -0.241   7.710  -0.709  -0.306   7.323   1.905  -1.252   6.651   2.855 0.1365
264       2.015   4.477   1.521   1.992   4.939   2.906   2.171   6.451   2.982   3.204   4.162   3.811   2.650   2.904   4.411 0.1454
79        0.514   5.336  -1.443  -0.134   6.396  -2.210   0.894   7.245  -2.950  -1.075   7.377  -1.190  -2.469   6.827  -1.114 0.2124
37        4.016   1.936  -1.570   5.108   1.792  -2.529   4.963   2.783  -3.679   5.163   0.203  -3.132   6.057  -0.630  -2.262 0.2601
31        0.915   3.880  -1.681   0.132   4.643  -2.648   0.075   6.118  -2.268  -1.442   4.011  -2.768  -1.478   2.959  -3.837 0.2638
316       0.286   4.850   1.177  -0.689   5.602   1.961  -0.852   7.018   1.422  -0.225   5.651   3.596  -0.817   4.478   4.319 0.1524
122       1.331   3.656   2.077   1.944   4.086   3.330   3.333   3.480   3.498   0.959   3.661   4.649   0.004   4.781   4.941 0.1703
116       1.593   3.305  -2.295   1.043   4.403  -3.084  -0.386   4.722  -2.660   1.089   4.025  -4.741   2.388   4.494  -5.325 0.1616
186       0.219   5.708   0.157  -0.751   6.795   0.250  -0.944   7.476  -1.100  -0.255   7.934   1.411  -0.816   7.560   2.751 0.1314
85       -0.129   4.212   1.119  -0.549   4.997   2.277  -2.065   4.984   2.428   0.010   6.597   2.142   1.361   6.711   2.781 0.2518
56        2.081   3.110  -2.361   1.744   4.061  -3.416   0.257   4.009  -3.749   2.665   3.751  -4.811   3.940   4.539  -4.754 0.2282
335       1.325   5.190   1.427   0.914   6.192   2.405   1.843   7.400   2.377   0.879   5.519   3.966  -0.484   4.956   4.237 0.1348
196       1.013   5.685   0.742   0.426   6.951   1.170   0.659   8.043   0.132   1.070   7.427   2.671   0.226   6.868   3.777 0.1344
84        2.030   4.789  -0.958   1.368   5.989  -1.460   2.383   7.074  -1.802   0.254   6.574  -0.316  -1.087   5.950  -0.560 0.1971
100       0.597   4.234  -1.291  -0.013   5.558  -1.211  -0.733   5.751   0.119  -1.098   5.790  -2.500  -0.369   6.394  -3.663 0.1747
329       0.269   3.844   1.530   0.150   4.424   2.865   0.952   3.623   3.884  -1.482   4.500   3.336  -2.065   5.814   2.909 0.1399
133      -0.247   4.984  -0.381  -1.313   5.963  -0.572  -0.747   7.323  -0.965  -2.247   6.106   0.841  -3.382   5.127   0.792 0.1681
164       0.851   4.198   1.275   1.021   4.995   2.487   1.649   4.168   3.604  -0.473   5.625   2.997  -0.692   6.966   2.362 0.1514
29        4.293   1.326   1.835   5.651   1.061   2.301   6.682   1.521   1.278   5.852  -0.596   2.628   5.500  -0.869   4.060 0.3631
158      -0.538   4.011   1.206  -1.204   4.781   2.253  -0.487   4.624   3.589  -2.827   4.299   2.402  -3.681   5.134   1.495 0.1438
73        2.361   4.552  -1.500   1.971   5.563  -2.479   3.062   6.616  -2.645   0.512   6.303  -2.019  -0.641   5.547  -2.610 0.2008
41        1.541   3.243  -2.519   2.014   3.525  -3.871   1.491   2.492  -4.863   3.714   3.561  -3.910   4.190   4.959  -3.645 0.3791
165      -0.178   4.487  -0.930  -1.047   5.646  -1.115  -0.381   6.918  -0.605  -2.531   5.406  -0.321  -3.502   4.754  -1.260 0.1414
145       0.185   5.499  -0.875  -0.700   6.555  -1.356  -0.033   7.370  -2.458  -1.161   7.574  -0.075  -2.420   7.052   0.550 0.1633
143       0.595   5.248  -0.277  -0.430   6.284  -0.180  -1.821   5.671  -0.073  -0.353   7.322  -1.524   0.573   8.462  -1.222 0.1486
104       1.866   3.189  -2.312   1.456   4.224  -3.256   0.219   4.962  -2.759   1.155   3.546  -4.786   2.417   3.559  -5.596 0.1592
92        1.493   3.844   1.719   1.394   4.390   3.069   2.774   4.685   3.645   0.557   3.313   4.084  -0.909   3.625   4.044 0.2118
77        0.267   4.169   1.971   0.067   5.019   3.142   1.319   5.061   4.010  -1.257   4.468   4.055  -2.509   5.142   3.576 0.1869
202       0.408   4.223   0.844   0.166   5.142   1.953   1.079   4.830   3.133  -1.461   5.070   2.439  -2.259   6.078   1.666 0.1466
38        3.205   4.506  -1.138   4.468   4.678  -1.850   4.420   5.895  -2.766   4.837   3.284  -2.750   5.648   2.345  -1.908 0.2638
161       1.298   4.799   1.178   0.711   5.565   2.274   1.691   6.608   2.801   0.231   4.528   3.533  -1.189   4.099   3.313 0.1496
78        2.738   2.425  -2.096   4.011   2.252  -2.790   4.986   1.435  -1.950   4.691   3.763  -3.168   4.218   4.199  -4.523 0.1561
63        0.259   4.142  -2.585  -0.396   5.280  -3.222  -1.450   5.891  -2.307  -1.104   4.809  -4.694  -0.113   4.987  -5.806 0.2198
134      -0.309   4.201   1.008  -0.752   4.692   2.310  -1.815   3.779   2.908  -1.353   6.276   2.174  -0.237   7.255   2.385 0.1896
174       0.985   5.725  -0.738   0.424   7.028  -1.083   1.516   8.087  -1.184  -0.738   7.497   0.066  -2.089   7.003  -0.359 0.1665
186      -0.142   4.464  -0.080  -0.863   5.654   0.362  -0.126   6.351   1.500  -2.439   5.246   0.852  -3.367   5.339  -0.322 0.1514
150      -0.203   4.529  -0.212  -0.887   5.703   0.323  -2.223   5.926  -0.377   0.092   7.084   0.166   0.937   7.240   1.395 0.1774
349       1.862   5.130   0.307   1.409   6.314   1.031   2.031   7.581   0.454   1.786   6.179   2.683   0.645   5.524   3.404 0.1246
112      -0.208   4.517  -0.790  -0.944   5.754  -0.544  -0.900   6.670  -1.761  -0.314   6.558   0.815  -1.033   6.097   2.047 0.1904
49        0.703   3.665   2.166   0.970   3.988   3.564   0.289   5.291   3.966   2.644   4.096   3.839   3.173   2.750   4.237 0.2112
94        1.266   3.291  -2.461   1.923   3.439  -3.756   1.338   4.609  -4.539   1.783   2.005  -4.660   2.953   1.114  -4.369 0.1831
98        0.864   4.879  -0.045   0.109   6.103   0.208  -1.336   5.962  -0.252   0.843   7.425  -0.570   1.838   8.061   0.355 0.1888
113       1.478   5.621  -0.761   0.881   6.952  -0.698   0.142   7.160   0.619  -0.181   7.188  -2.005   0.572   7.777  -3.161 0.1774
149       2.705   4.410   1.183   3.287   4.738   2.482   4.228   3.637   2.956   2.062   4.994   3.633   1.677   6.444   3.640 0.1673
108       2.646   4.438   1.085   3.076   4.931   2.390   4.389   5.697   2.281   3.241   3.643   3.487   1.940   3.422   4.200 0.1892
66        2.235   4.592  -0.687   1.769   5.787  -1.383   0.257   5.758  -1.572   2.542   5.936  -2.890   3.800   6.738  -2.729 0.1892
92       -0.880   4.291   0.405  -1.894   5.231   0.876  -2.106   5.100   2.380  -3.362   4.981   0.056  -3.399   5.837  -1.175 0.1818
125       0.181   5.335   0.069  -0.746   6.461   0.137  -0.163   7.603   0.960  -2.233   5.966   0.798  -3.144   5.514  -0.304 0.1576
172      -0.651   4.780  -0.897  -1.465   5.940  -0.544  -2.940   5.570  -0.456  -1.243   7.187  -1.678  -0.113   8.070  -1.236 0.1579
27        0.126   1.245  -3.345   0.085   0.702  -4.699  -1.139  -0.184  -4.900   1.502  -0.178  -5.028   2.533   0.737  -5.619 0.2750
374       1.317   5.057   0.307   0.608   6.214   0.845   1.156   7.512   0.264   0.719   6.242   2.541  -0.436   5.487   3.130 0.1296
271       0.994   4.747   1.502   0.386   5.489   2.603   0.690   6.978   2.494   0.936   4.889   4.096   0.020   3.798   4.564 0.1292
115      -0.600   4.683  -0.277  -1.415   5.863  -0.002  -1.314   6.270   1.464  -3.038   5.573  -0.415  -3.269   5.969  -1.844 0.1774
80        0.326   5.624  -0.215  -0.563   6.781  -0.254  -0.227   7.769   0.857  -2.185   6.288  -0.124  -2.743   6.039  -1.494 0.1839
213       0.000   4.181   1.206  -0.245   4.879   2.465  -0.640   3.902   3.566  -1.457   6.054   2.265  -0.829   7.358   1.872 0.1396
67        0.373   4.734  -0.424  -0.077   6.094  -0.143   0.159   6.461   1.317  -1.725   6.266  -0.528  -1.861   6.707  -1.955 0.2056
105       2.696   4.519   0.989   3.243   5.098   2.213   4.292   6.158   1.898   3.917   3.883   3.194   2.868   3.354   4.126 0.1699
287       0.736   5.210   1.320   0.015   6.057   2.266   0.210   7.533   1.939   0.525   5.739   3.856  -0.330   4.659   4.449 0.1369
154       1.574   5.333   1.576   1.288   6.428   2.498   1.374   7.776   1.793   2.362   6.390   3.816   1.778   5.552   4.913 0.1595
196       1.284   5.183  -0.177   0.543   6.425   0.026   1.344   7.628  -0.457   0.140   6.613   1.667  -1.196   5.984   1.930 0.1340
170       0.103   4.945   0.584  -0.660   6.138   0.939   0.239   7.367   1.001  -1.449   5.917   2.429  -2.811   5.336   2.193 0.1743
156       1.811   5.262  -0.080   1.316   6.549   0.399   0.210   6.362   1.431   0.748   7.487  -0.901   1.870   8.323  -1.441 0.1650
48        2.983   2.737  -1.820   4.173   2.637  -2.660   4.560   1.181  -2.892   5.470   3.480  -1.955   5.467   4.899  -2.440 0.3032
29        2.382   4.991  -1.279   2.847   5.654  -2.495   2.482   7.133  -2.487   2.192   4.898  -3.870   3.113   3.807  -4.328 0.3116
263       1.235   5.482  -0.434   0.519   6.753  -0.368   0.702   7.554  -1.651   1.047   7.662   0.968   0.204   7.331   2.163 0.1366
85        0.363   4.225   1.476  -0.585   4.656   2.499  -0.361   6.116   2.875  -0.458   3.672   3.879  -1.398   2.510   3.753 0.2390
125       0.143   4.767   1.393  -0.703   5.693   2.141   0.094   6.901   2.618  -1.417   4.904   3.467  -2.734   4.320   3.052 0.1822
32        2.453   4.597  -1.159   2.045   5.590  -2.149   0.647   6.119  -1.852   2.097   4.924  -3.713   3.454   5.151  -4.308 0.2621
56        2.958   4.410  -1.270   2.955   5.273  -2.448   3.896   6.457  -2.264   1.380   5.825  -2.775   0.695   4.863  -3.700 0.2354
100      -0.775   4.678   0.370  -1.486   5.741   1.075  -1.717   5.371   2.535  -2.971   6.066   0.314  -2.778   7.131  -0.725 0.1932
104       3.849   1.824  -1.026   5.244   1.635  -0.642   5.354   0.854   0.662   6.026   3.137  -0.490   6.629   3.523  -1.808 0.2070
85       -0.653   4.228  -0.976  -1.779   5.088  -1.325  -1.899   6.257  -0.355  -3.225   4.194  -1.342  -3.454   3.639  -2.717 0.2208
70        3.137   4.354   0.354   4.270   4.805   1.157   4.839   3.664   1.993   3.806   6.092   2.167   4.026   7.392   1.452 0.1743
25       -1.229   1.072  -3.666  -1.012   0.524  -5.002  -2.336   0.204  -5.686  -0.045  -0.871  -4.921   1.400  -0.486  -5.040 0.3666
205       1.507   4.498   1.688   1.189   4.945   3.041   0.815   6.422   3.057   2.502   4.664   4.083   2.371   3.301   4.696 0.1390
66        4.096   2.010  -1.820   5.157   1.473  -2.668   6.330   2.442  -2.759   4.558   1.134  -4.223   4.055  -0.278  -4.268 0.2794
31        2.812   2.469  -2.393   3.960   2.402  -3.293   3.928   1.127  -4.128   5.411   2.485  -2.411   5.831   3.919  -2.275 0.2567
149       2.511   3.099  -2.307   3.764   3.212  -3.047   3.970   4.630  -3.566   3.792   2.108  -4.340   4.390   0.813  -3.878 0.1847
149      -0.735   4.504  -0.472  -1.703   5.344   0.228  -3.124   4.833   0.023  -1.581   6.955  -0.299  -0.593   7.689   0.559 0.1660
112       0.593   5.746   0.212  -0.195   6.949   0.460  -1.079   6.783   1.690  -1.148   7.325  -0.897  -0.381   8.233  -1.811 0.1528
431       1.199   3.377   2.164   1.710   3.623   3.509   2.784   2.608   3.883   0.444   3.577   4.643  -0.133   4.952   4.804 0.1091
8         0.559   1.460  -3.390   0.768   0.874  -4.711   1.292  -0.553  -4.601   1.847   1.823  -5.619   1.078   2.851  -6.395 0.3224
208       0.396   5.476   0.816  -0.522   6.464   1.373  -1.003   7.434   0.300   0.224   7.319   2.640  -0.032   6.614   3.938 0.1358
58        1.301   4.660   1.259   0.849   5.373   2.450   0.247   4.412   3.469  -0.288   6.566   2.031   0.422   7.856   1.749 0.2200
272       0.595   5.669   0.392  -0.232   6.820   0.740   0.279   8.087   0.065  -0.273   7.034   2.427  -1.423   6.262   3.001 0.1324
99        0.849   4.602   0.488   0.009   5.647   1.065   0.760   6.423   2.142  -1.412   4.976   1.713  -2.479   4.951   0.659 0.2151
26        4.141   1.716   2.120   5.457   1.609   2.745   6.470   0.993   1.789   5.363   0.687   4.170   5.083   1.590   5.334 0.3774
181       2.278   4.335   1.585   2.501   4.633   2.997   2.402   6.130   3.264   4.020   4.051   3.493   3.877   2.646   3.997 0.1586
13        0.023   4.746   1.281  -1.221   3.983   1.226  -2.166   4.550   0.172  -1.981   3.975   2.747  -1.503   2.795   3.538 0.5665
151       3.132   4.233   0.651   4.131   4.569   1.661   4.828   3.318   2.182   3.412   5.415   2.949   3.461   6.888   2.669 0.1659
268       1.730   5.250  -0.056   1.203   6.541   0.375   1.999   7.689  -0.235   1.221   6.655   2.071  -0.077   6.144   2.620 0.1260
69        0.929   5.593   0.629   0.300   6.693   1.355   1.166   7.144   2.525  -1.239   6.234   1.911  -2.267   6.570   0.873 0.2075
110       2.372   4.225   1.592   2.711   4.328   3.008   2.210   5.641   3.598   4.391   4.192   3.228   4.754   2.751   3.430 0.1552
295       0.727   5.265   0.167  -0.124   6.420   0.440   0.225   7.587  -0.475   0.018   6.891   2.067  -1.007   6.167   2.889 0.1205
49        1.849   4.415  -1.213   1.314   5.419  -2.127   1.947   6.783  -1.876  -0.376   5.524  -1.972  -1.026   4.568  -2.928 0.2419
447       1.305   4.838   1.263   0.764   5.603   2.384   0.299   6.982   1.933   1.926   5.753   3.616   1.794   4.603   4.570 0.1226
201       1.179   4.394   1.445   0.598   5.017   2.631   0.792   6.528   2.608   1.286   4.362   4.042   0.479   3.179   4.489 0.1434
35        2.690   2.607  -2.615   3.087   2.963  -3.974   3.240   4.472  -4.123   1.952   2.378  -5.096   2.348   0.999  -5.535 0.2482
45        0.905   3.487   2.326   1.270   3.822   3.699   0.184   4.658   4.368   2.751   4.656   3.733   3.876   3.673   3.864 0.2467
175       1.294   4.226   1.437   0.923   5.077   2.564   1.904   6.231   2.728   0.851   4.164   3.997  -0.537   3.626   4.179 0.1935
92        0.092   5.617  -0.111  -0.894   6.693  -0.145  -2.285   6.173   0.198  -0.909   7.436  -1.674   0.068   8.574  -1.686 0.1483
242       0.597   5.670   0.453  -0.255   6.729   0.987  -0.974   7.472  -0.132   0.663   7.818   1.915   0.686   7.362   3.344 0.1310
78        0.546   4.413  -1.474   0.031   5.777  -1.562  -1.326   5.895  -0.877  -0.092   6.261  -3.187   1.191   6.911  -3.613 0.2012
133       2.969   4.189   1.157   3.768   4.349   2.368   3.561   5.727   2.985   5.416   4.104   2.027   5.755   2.655   2.211 0.1675
308       1.938   4.835   0.914   1.712   5.821   1.967   2.817   6.871   1.982   1.613   5.057   3.483   0.186   4.693   3.767 0.1386
118       0.325   5.550   0.918  -0.402   6.289   1.945  -1.854   6.510   1.539   0.352   7.783   2.247   1.368   7.619   3.338 0.1457
264       1.343   5.387   1.277   0.964   6.303   2.349  -0.065   7.317   1.865   2.334   7.106   2.956   2.919   6.312   4.086 0.1318
625       1.941   4.798   1.305   1.797   5.488   2.583   1.118   6.841   2.403   3.314   5.691   3.323   3.605   4.508   4.199 0.1161
91        1.946   5.242   0.029   1.553   6.492   0.673   2.212   6.637   2.039  -0.138   6.574   0.829  -0.722   7.227  -0.388 0.2353
178       1.536   5.328   1.074   1.259   6.519   1.872   1.851   7.764   1.223   1.871   6.333   3.447   0.820   5.721   4.323 0.1472
233       1.259   5.111   1.404   0.855   5.790   2.632  -0.343   6.700   2.387   2.151   6.689   3.267   2.937   5.831   4.213 0.1303
87        1.092   4.969   0.221   0.389   6.173   0.654   1.115   6.846   1.813  -1.207   5.798   1.105  -2.106   5.921  -0.090 0.2012
118       0.080   4.683  -1.185  -0.474   6.024  -1.023  -1.954   5.968  -0.666  -0.250   6.933  -2.442   1.060   7.660  -2.369 0.1849
299      -0.640   4.486  -0.581  -1.509   5.609  -0.239  -2.812   5.123   0.386  -1.838   6.547  -1.618  -0.801   7.623  -1.749 0.1371
222       0.062   5.473   0.203  -0.976   6.489   0.347  -2.356   5.851   0.464  -0.941   7.564  -0.969  -0.028   8.711  -0.653 0.1208
313       0.391   4.370   0.403   0.098   5.415   1.379   0.740   5.103   2.726  -1.582   5.601   1.563  -2.082   6.623   0.587 0.1164
29        2.400   2.799   2.360   3.265   2.951   3.527   2.463   2.868   4.820   4.104   4.428   3.455   5.407   4.229   2.738 0.3011
346       1.050   5.379   1.205   0.445   6.392   2.065   0.099   7.648   1.275   1.490   6.780   3.349   1.207   5.880   4.514 0.1235
245       0.696   5.223   1.412  -0.033   6.008   2.405  -0.887   7.079   1.737   1.048   6.725   3.504   1.270   5.799   4.663 0.1480
84        0.211   4.085   1.716  -0.128   4.908   2.874   1.128   5.436   3.558  -1.065   4.019   3.979  -2.519   4.193   3.656 0.1778
181       2.614   4.323   1.371   3.124   4.473   2.731   2.278   5.458   3.529   4.745   4.985   2.703   5.648   3.787   2.690 0.1268
183       0.648   4.096   1.476   0.784   4.820   2.737   1.058   3.864   3.892  -0.618   5.730   3.052  -0.470   7.099   2.458 0.1552
124       0.970   4.497   0.707   0.220   5.520   1.430   1.107   6.712   1.771  -0.454   4.870   2.849  -1.822   4.333   2.553 0.1954
90        1.036   5.565   1.098   0.543   6.645   1.948  -0.011   6.101   3.259  -0.652   7.541   1.136  -0.008   8.668   0.385 0.1860
83       -0.388   4.711   1.082  -1.623   5.292   1.602  -2.820   4.399   1.299  -1.871   6.842   0.946  -1.227   7.868   1.831 0.1744
17        2.573   3.339  -2.336   1.473   3.114  -3.269   1.111   1.635  -3.344   1.879   3.693  -4.815   1.453   5.126  -4.940 0.3564
48        3.532   3.548   1.014   4.758   3.359   1.782   5.256   4.681   2.355   5.963   2.653   0.813   5.880   1.159   0.921 0.2599
200       2.020   5.179   0.056   1.720   6.519   0.552   2.830   7.499   0.190   1.491   6.491   2.236   0.043   6.250   2.540 0.1523
195       1.507   4.876   0.888   0.970   5.857   1.828   2.090   6.584   2.562  -0.066   5.103   2.945  -1.468   5.112   2.413 0.1794
497       1.381   5.033   1.226   0.934   5.997   2.227   1.564   7.365   1.992   1.306   5.445   3.791   0.161   4.634   4.321 0.1248
166      -0.347   4.594   0.122  -1.000   5.774   0.681  -0.358   6.183   2.001  -2.660   5.482   0.907  -3.410   5.876  -0.332 0.1707
368       1.712   5.002   1.403   1.549   5.736   2.654   1.261   7.209   2.393   2.938   5.576   3.621   2.791   4.379   4.513 0.1328
166       1.471   5.109   0.066   0.814   6.332   0.519   1.836   7.404   0.879  -0.186   6.008   1.855  -1.564   5.659   1.376 0.1633
194       0.396   5.269   1.148  -0.487   6.135   1.924   0.004   7.577   1.907  -0.606   5.578   3.526  -1.750   4.614   3.637 0.1427
174       0.510   3.813   1.889   0.679   4.127   3.305   0.268   2.950   4.181  -0.224   5.507   3.719   0.620   6.732   3.531 0.1624
248       1.131   5.016   1.485   0.619   5.918   2.512   1.536   7.122   2.692   0.440   5.096   3.990  -0.938   4.510   4.072 0.1297
82        3.012   4.134   0.938   3.777   4.579   2.099   3.634   3.600   3.259   3.276   6.131   2.581   4.096   7.165   1.870 0.1889
165       0.310   4.184   1.584   0.269   4.960   2.820  -0.414   4.180   3.936  -0.533   6.438   2.566   0.461   7.482   2.154 0.1552
249       2.355   4.834   0.704   2.379   5.837   1.764   3.412   6.919   1.473   2.706   5.106   3.264   1.417   4.707   3.918 0.1434
52        2.303   3.245   2.206   3.493   3.359   3.044   4.263   2.044   3.086   3.066   3.835   4.620   3.078   5.332   4.711 0.2092
175      -0.328   3.943   1.267  -0.859   4.648   2.430  -0.308   4.062   3.725  -2.558   4.585   2.437  -3.105   5.768   1.695 0.1433
132      -0.208   3.815   1.592  -0.576   4.415   2.871   0.556   4.287   3.883  -1.989   3.693   3.480  -3.189   4.445   2.986 0.1516
165       0.097   4.410  -0.850  -0.659   5.542  -0.322  -2.082   5.132   0.038  -0.686   6.814  -1.450   0.487   7.718  -1.212 0.1387
300       2.435   4.850   1.156   2.684   5.573   2.400   1.967   6.918   2.406   4.353   5.800   2.629   4.914   4.643   3.400 0.1248
227       2.071   4.622   1.709   2.292   4.883   3.128   1.225   5.817   3.687   3.837   5.548   3.376   4.825   4.444   3.610 0.1296
199       0.014   3.894   1.641  -0.187   4.429   2.984  -0.321   3.307   4.007  -1.565   5.424   3.027  -1.170   6.838   2.718 0.1428
282       2.237   4.645   1.147   2.262   5.263   2.470   3.041   6.573   2.449   2.941   4.199   3.609   1.857   3.361   4.218 0.1353
133       0.054   4.396   0.022  -0.497   5.462   0.854  -1.008   4.915   2.182  -1.750   6.267   0.034  -1.181   7.415  -0.746 0.1533
79        0.705   3.631   2.181   0.739   4.148   3.547   2.164   4.185   4.085  -0.244   3.203   4.563  -1.635   3.764   4.576 0.1871
95        1.510   4.016   1.996   1.299   4.280   3.416   1.431   5.768   3.723   2.403   3.391   4.355   1.806   2.059   4.699 0.2004
200       2.730   4.478   1.274   3.342   4.766   2.567   2.480   5.724   3.381   4.898   5.418   2.356   5.906   4.308   2.329 0.1325
388       1.154   5.145   0.633   0.432   6.155   1.400   0.021   7.326   0.515   1.384   6.709   2.696   1.122   5.863   3.906 0.1281
132      -0.275   4.533   0.693  -0.918   5.653   1.374   0.064   6.377   2.287  -2.258   5.112   2.270  -3.487   5.162   1.412 0.1865
168       0.756   5.814  -0.141   0.144   7.132  -0.286   1.101   8.110  -0.956  -0.338   7.733   1.230  -1.749   7.308   1.511 0.1341
83        1.023   4.062   1.345   0.891   4.836   2.577   2.042   4.546   3.533  -0.594   4.500   3.333  -1.637   5.455   2.833 0.1869
134       0.281   5.554  -0.470  -0.555   6.724  -0.720   0.165   8.008  -0.324  -2.024   6.595   0.125  -3.040   5.909  -0.739 0.1738
67        2.534   3.097  -2.307   3.808   2.880  -2.988   4.705   4.107  -2.879   3.548   2.490  -4.622   3.422   1.003  -4.768 0.2095
19        3.784   1.595  -1.108   5.029   1.124  -0.507   6.091   0.872  -1.571   4.755  -0.293   0.391   4.419   0.070   1.807 0.3022
135       2.538   4.502   0.787   2.700   5.309   1.992   2.125   4.597   3.211   1.953   6.824   1.797   2.941   7.799   1.228 0.1988
206       0.842   5.638   0.182   0.210   6.943   0.358   1.236   8.066   0.272  -0.606   7.010   1.848  -2.021   6.549   1.664 0.1343
44        1.806   2.957  -2.621   2.475   3.045  -3.916   1.466   3.234  -5.042   3.409   1.652  -4.197   4.796   1.866  -3.669 0.2092
67        0.856   4.139   1.318   0.260   4.855   2.442   1.318   5.246   3.467  -0.944   3.907   3.179  -2.267   4.187   2.531 0.2619
44        2.879   2.509  -2.212   4.221   2.023  -2.518   4.757   2.658  -3.796   4.220   0.329  -2.665   4.497  -0.289  -1.327 0.2329
319       2.744   4.579   1.094   3.280   5.082   2.356   2.626   6.403   2.742   4.966   5.274   2.249   5.642   4.005   2.675 0.1188
22        5.246   2.457   0.479   6.612   1.979   0.669   7.561   2.614  -0.341   6.672   0.285   0.541   6.461  -0.326   1.894 0.3122
199      -0.164   5.369  -0.099  -1.189   6.403  -0.208  -2.549   5.796  -0.530  -0.760   7.538  -1.399   0.034   8.645  -0.772 0.1177
129       0.450   4.652  -0.140   0.092   5.759   0.742  -0.982   5.341   1.739  -0.442   7.093  -0.166   0.727   7.973  -0.498 0.1663
58        2.832   2.643   2.131   4.166   2.551   2.717   5.190   2.100   1.682   4.161   1.480   4.038   3.858   2.238   5.295 0.2511
397       1.687   5.008   1.563   1.522   5.706   2.835   0.636   6.936   2.675   3.035   6.155   3.467   3.557   5.056   4.343 0.1296
247       0.376   5.770  -0.169  -0.497   6.936  -0.278  -0.151   7.767  -1.508  -0.385   7.893   1.123  -1.412   7.442   2.119 0.1310
201       2.038   5.158  -0.239   1.598   6.519   0.057   2.073   7.495  -1.013   2.164   7.006   1.584   1.154   6.643   2.632 0.1458
247       1.193   5.410   1.110   0.746   6.591   1.842   1.577   7.814   1.471   0.829   6.317   3.518  -0.474   5.749   3.997 0.1350
301       0.231   5.232   0.876  -0.725   6.203   1.399  -0.666   7.509   0.615  -0.431   6.499   3.047  -1.227   5.537   3.878 0.1352
28        1.383   3.006   2.515   0.522   3.872   3.315   1.340   4.912   4.071  -0.400   2.949   4.405  -1.696   2.559   3.760 0.2587
216       1.469   5.374   1.461   1.125   6.407   2.435   0.617   7.666   1.743   2.469   6.776   3.408   2.470   5.890   4.617 0.1312
253       1.372   4.680   1.648   0.985   5.205   2.954   0.046   6.398   2.809   2.361   5.651   3.846   2.832   4.480   4.657 0.1435
257       0.798   5.479   1.302   0.099   6.448   2.141  -0.623   7.489   1.293   1.190   7.212   3.198   1.274   6.435   4.478 0.1269
207      -0.695   4.548  -0.731  -1.631   5.535  -0.199  -3.012   4.925   0.008  -1.735   6.875  -1.240  -0.711   7.897  -0.844 0.1323
145       1.244   3.905   1.811   1.830   4.445   3.035   2.732   3.419   3.711   0.608   4.942   4.108   0.271   6.381   3.849 0.1400
266       1.557   5.301   0.047   0.911   6.519   0.529   0.455   7.395  -0.632   1.965   7.390   1.538   1.780   6.945   2.958 0.1262
134       2.675   4.786   0.324   2.664   5.964   1.186   2.757   7.245   0.365   3.943   5.893   2.304   3.480   5.200   3.550 0.1512
76        0.014   5.364   0.414  -1.014   6.375   0.642  -0.821   7.060   1.990  -2.562   5.677   0.559  -3.065   5.742  -0.853 0.1848
7         1.544   5.045   1.363   2.665   5.632   0.636   3.638   6.318   1.588   2.104   6.742  -0.524   1.867   6.030  -1.823 0.3556
93       -0.033   4.330   1.410  -0.353   5.282   2.469   0.644   5.182   3.618  -1.932   5.020   3.044  -2.897   5.852   2.252 0.1774
180      -0.317   5.025   0.575  -1.457   5.898   0.841  -1.268   7.262   0.187  -1.687   6.081   2.515  -2.617   5.014   3.012 0.1660
81        0.034   4.872  -1.537  -0.874   5.732  -2.290  -0.155   6.974  -2.803  -2.201   6.183  -1.327  -3.303   5.179  -1.493 0.1942
48        0.344   3.930  -1.972   0.386   4.639  -3.248  -0.741   5.660  -3.346   0.290   3.539  -4.541   1.672   3.112  -4.938 0.2996
73        2.845   1.941  -3.041   3.937   1.241  -3.711   4.782   2.205  -4.537   3.327   0.003  -4.704   3.235  -1.270  -3.915 0.2155
30       -1.692   0.979  -3.276  -1.721   0.007  -4.365  -1.276   0.640  -5.678  -3.281  -0.650  -4.534  -3.403  -1.875  -3.678 0.2204
10        0.074   3.773   1.908   0.088   3.650   3.363   1.053   4.650   3.988   0.508   2.068   3.821  -0.734   1.236   3.943 0.3829
59        2.113   3.340  -2.442   2.989   3.800  -3.516   2.282   4.819  -4.402   3.521   2.484  -4.452   4.801   1.950  -3.880 0.2296
35        2.475   3.352   1.986   2.841   3.230   3.394   3.599   4.463   3.873   3.780   1.835   3.645   2.880   0.678   3.965 0.3654
230       1.082   5.386   1.197   0.781   6.042   2.466  -0.694   6.418   2.553   1.748   7.427   2.661   3.020   7.053   3.362 0.1260
40        0.266   5.650   0.286   1.404   5.815   1.185   1.317   4.854   2.364   1.489   7.418   1.745   2.338   8.230   0.812 0.2782
32       -0.843   1.476  -3.844  -0.500   0.955  -5.164  -1.345   1.611  -6.250  -0.704  -0.733  -5.206   0.579  -1.401  -4.808 0.3508
48        2.197   3.286   2.130   3.300   3.376   3.083   3.466   2.072   3.855   3.047   4.665   4.163   3.665   5.912   3.605 0.2071
200       1.000   5.042   1.555   0.439   5.754   2.699   0.339   7.249   2.420   1.381   5.481   4.088   0.864   4.275   4.814 0.1378
137       2.195   2.709  -2.530   3.315   2.437  -3.426   3.678   3.672  -4.243   2.945   1.141  -4.462   3.376  -0.147  -3.825 0.1731
46        2.321   4.005  -1.817   2.080   4.572  -3.141   3.349   5.194  -3.711   0.841   5.734  -3.071  -0.482   5.070  -3.312 0.2685
104       0.531   4.494   1.346  -0.419   4.909   2.373  -0.586   6.424   2.386   0.085   4.365   3.903  -0.497   3.008   4.168 0.1842
217       1.967   3.032   2.278   2.935   3.074   3.370   4.145   2.198   3.065   2.210   2.581   4.826   1.636   3.775   5.529 0.1453
51        3.291   1.796   2.196   3.900   1.869   3.521   4.148   0.476   4.089   2.913   2.763   4.579   3.300   4.211   4.519 0.2570
249       0.396   5.075   1.188  -0.516   5.892   1.983  -0.970   7.122   1.204   0.225   6.365   3.438  -0.057   5.342   4.498 0.1533
100       0.814   4.023   2.067   1.172   4.600   3.359   0.943   3.603   4.488   0.278   6.018   3.643   1.031   7.200   3.109 0.1787
280       0.504   5.575   0.814  -0.343   6.622   1.377  -0.470   7.799   0.417   0.278   7.151   2.869  -0.313   6.329   3.975 0.1299
286       1.851   4.962   0.227   1.324   6.181   0.832   1.713   7.410   0.019   1.882   6.340   2.431   0.916   5.673   3.365 0.1262
93       -0.211   4.183   1.698  -0.662   5.062   2.773  -0.468   4.407   4.135  -2.296   5.479   2.553  -2.387   6.731   1.734 0.1764
103       0.738   4.606   1.761   0.059   5.102   2.954  -0.773   6.339   2.637   1.188   5.456   4.175   1.404   4.238   5.024 0.1753
191      -0.578   4.312  -0.857  -1.597   5.351  -0.978  -1.299   6.523  -0.050  -3.137   4.715  -0.638  -3.759   4.208  -1.905 0.1199
205       1.120   4.795   0.703   0.519   5.951   1.360   1.379   7.196   1.177   0.289   5.639   3.016  -1.068   5.039   3.228 0.1441
316       1.973   5.137   0.259   1.524   6.296   1.025   0.816   7.306   0.129   2.840   7.035   1.809   3.015   6.429   3.170 0.1128
93       -0.044   3.979   1.441  -0.246   4.338   2.842  -0.964   3.225   3.596  -1.129   5.787   2.962  -0.181   6.949   2.988 0.1587
48        0.569   3.979  -2.785   0.055   4.898  -3.797  -1.328   5.414  -3.417  -0.003   4.137  -5.316   1.295   4.357  -6.035 0.2485
23        1.927   4.693   1.533   3.084   5.212   0.810   4.112   4.115   0.559   3.797   6.493   1.671   3.175   7.790   1.244 0.2527
113       1.301   3.442  -2.555   2.015   3.648  -3.813   1.905   5.096  -4.276   1.415   2.604  -5.013   2.189   1.320  -4.992 0.1860
130       0.143   5.122   0.502  -0.916   6.009   0.977  -0.406   7.437   1.133  -1.542   5.448   2.454  -2.688   4.517   2.191 0.1614
32        1.569   3.567  -2.110   2.420   3.864  -3.259   3.587   2.888  -3.345   3.001   5.460  -3.170   2.044   6.380  -3.868 0.2628
82       -0.267   4.766  -1.022  -1.293   5.678  -1.520  -1.042   7.103  -1.038  -2.836   5.160  -1.029  -3.407   4.239  -2.065 0.1628
77        2.192   5.032   1.137   2.513   5.705   2.392   3.235   4.765   3.350   1.100   6.308   3.121   0.849   7.707   2.643 0.1903
45        1.400   3.302  -2.287   0.880   4.303  -3.215   0.384   5.537  -2.469  -0.376   3.646  -4.155   0.197   3.047  -5.405 0.2639
108      -0.157   4.418   0.073  -0.754   5.525   0.814  -1.978   6.073   0.090   0.386   6.763   1.053   1.115   6.530   2.342 0.1817
44        2.292   2.676  -2.614   2.112   3.443  -3.842   3.372   3.412  -4.699   1.692   5.051  -3.481   0.199   5.172  -3.400 0.2721
101      -0.128   5.404   0.113  -1.244   6.341   0.205  -1.359   7.184  -1.059  -1.062   7.348   1.563  -1.729   6.716   2.748 0.1502
47        2.579   2.696   2.376   2.475   3.521   3.576   3.159   2.853   4.763   0.844   3.832   3.943   0.409   5.092   3.257 0.2018
273       0.718   5.673   0.513  -0.068   6.834   0.921  -0.363   7.742  -0.268   0.747   7.706   2.131   0.344   7.186   3.479 0.1201
272       1.914   5.026   1.169   1.876   5.807   2.402   2.283   7.254   2.148   2.891   5.113   3.576   2.111   4.124   4.390 0.1250
103       0.462   5.559   0.612  -0.340   6.677   1.102  -1.460   6.192   2.014  -0.988   7.557  -0.200  -0.035   8.646  -0.592 0.1830
84       -1.000   4.089   0.725  -1.979   4.910   1.432  -1.651   4.997   2.918  -3.544   4.283   1.216  -4.168   4.905   0.001 0.1816
162       0.542   5.492   1.101  -0.249   6.362   1.967  -1.359   7.053   1.184   0.747   7.521   2.712   1.252   6.981   4.017 0.1479
18       -0.018   5.130   0.282   0.190   4.496   1.581  -1.049   3.725   2.020   0.597   5.661   2.751   2.087   5.826   2.794 0.3526
121      -0.074   5.351   0.326  -1.104   6.370   0.505  -0.517   7.646   1.096  -2.350   5.785   1.502  -3.401   5.128   0.657 0.1661
218       1.746   4.622   1.578   1.611   5.436   2.782   2.311   6.780   2.618   2.242   4.611   4.129   1.157   3.801   4.772 0.1413
225       1.035   4.562   0.919   0.310   5.478   1.795   0.727   6.923   1.544   0.569   5.071   3.425  -0.482   4.098   3.870 0.1346
126       1.268   5.494  -0.002   0.592   6.571   0.717  -0.056   6.055   1.996  -0.579   7.302  -0.276   0.044   8.440  -1.029 0.1498
117      -0.661   4.008   0.990  -1.436   4.766   1.968  -1.557   4.004   3.282  -2.982   5.120   1.355  -2.944   6.434   0.633 0.1492
314       0.966   5.007   0.441   0.115   6.039   1.024   0.143   7.312   0.186   0.602   6.379   2.618  -0.138   5.485   3.568 0.1170
205       0.911   5.510   1.188   0.298   6.538   2.025   0.523   7.927   1.441   0.919   6.463   3.606   0.073   5.540   4.432 0.1356
20        1.217   0.046  -4.237   2.122  -0.810  -4.999   3.040   0.019  -5.890   1.240  -1.918  -5.939   1.009  -3.172  -5.149 0.3229
188       0.526   5.769  -0.147  -0.247   7.007  -0.201   0.608   8.167  -0.696  -0.893   7.369   1.330  -2.247   6.740   1.463 0.1357
283       0.581   5.718   0.355  -0.182   6.949   0.540   0.369   8.072  -0.331  -0.167   7.417   2.174  -1.336   6.799   2.882 0.1311
233       1.506   4.969   1.848   1.210   5.763   3.037   0.687   7.144   2.659   2.594   5.911   4.013   2.635   4.781   4.998 0.1243
18        5.245   2.433   0.432   6.647   2.055   0.589   7.283   1.735  -0.759   6.789   0.719   1.631   6.948   1.201   3.043 0.3281
254       2.201   5.066   0.863   2.178   6.073   1.920   1.702   7.419   1.386   3.719   6.235   2.620   3.846   5.286   3.774 0.1395
165       3.458   2.107  -1.561   4.900   1.892  -1.647   5.407   1.089  -0.455   5.716   3.381  -1.738   5.871   3.779  -3.175 0.1142
251       1.708   4.826   1.482   1.572   5.331   2.845   0.326   6.198   2.987   2.953   6.218   3.289   3.954   5.299   3.922 0.1366
50        0.311   5.523   1.372  -0.377   6.357   2.353   0.148   6.097   3.760  -2.054   6.080   2.295  -2.683   7.026   1.315 0.2407
257       1.591   5.197   1.361   1.449   5.914   2.625   0.212   6.805   2.614   2.836   6.846   2.938   3.821   6.028   3.719 0.1232
114       0.022   5.177  -0.367  -1.028   6.188  -0.458  -0.750   7.168  -1.592  -1.176   7.025   1.014  -2.173   6.326   1.889 0.1709
43        3.222   4.566  -0.988   4.606   4.724  -1.425   4.674   5.323  -2.825   5.414   3.229  -1.390   6.050   3.035  -0.046 0.3174
365       2.500   4.377   1.424   2.821   4.745   2.800   2.145   6.054   3.190   4.504   4.874   3.002   5.061   3.545   3.417 0.1155
23       -1.856   2.919  -3.232  -1.828   3.191  -4.666  -1.713   4.686  -4.940  -3.220   2.566  -5.417  -2.959   1.157  -5.861 0.3761
25        4.194   1.462   1.830   5.591   1.142   2.106   5.843  -0.357   1.993   6.031   1.692   3.654   6.559   3.092   3.555 0.3315
314       1.677   5.142   0.585   1.201   6.112   1.566   0.222   7.096   0.935   2.510   6.952   2.254   2.987   6.221   3.474 0.1225
9         2.133   4.114   1.950   3.458   3.646   1.553   4.072   2.760   2.630   4.481   4.965   1.229   4.375   5.335  -0.220 0.3005
25        3.850   1.979  -1.131   5.292   1.772  -1.027   5.700   0.438  -1.642   5.785   1.839   0.598   6.145   3.251   0.953 0.2969
263       1.777   5.105   0.179   1.219   6.330   0.746   1.095   7.418  -0.314   2.182   6.879   2.035   1.692   6.276   3.318 0.1288
156      -0.192   4.208   1.361  -0.551   5.009   2.527   0.091   4.455   3.793  -2.241   5.069   2.709  -2.783   6.248   1.956 0.1475
92        1.443   4.834   1.123   1.003   5.775   2.149  -0.240   5.262   2.868   0.692   7.299   1.462   1.942   8.126   1.494 0.2037
16       -3.289   1.961  -0.849  -4.193   1.820  -1.986  -4.280   3.118  -2.782  -5.741   1.355  -1.460  -5.832  -0.142  -1.434 0.3798
281       1.236   4.977   1.410   0.738   5.793   2.514   1.459   7.134   2.574   0.918   4.968   3.989  -0.316   4.161   4.265 0.1270
17       -3.221   1.849  -1.051  -4.071   1.453  -2.170  -5.427   2.146  -2.101  -4.278  -0.235  -2.190  -3.199  -0.861  -3.021 0.4114
27        1.062   3.498  -2.096   0.053   4.496  -2.439  -1.353   3.962  -2.191   0.218   4.973  -4.062   1.148   6.147  -4.146 0.2679
21        1.601   2.989   2.449   1.100   3.850   3.517   1.296   3.201   4.882  -0.544   4.206   3.270  -0.667   5.456   2.451 0.2823
47        2.553   2.703  -2.482   2.764   3.164  -3.851   2.253   4.589  -4.035   1.996   2.122  -4.953   2.948   1.038  -5.363 0.2508
310       2.009   4.671   1.106   1.881   5.543   2.270   2.066   7.006   1.884   3.010   5.108   3.464   2.400   4.092   4.383 0.1064
TOTRMS: 0.1548
cutoff: 0.2
BEFORE: 1830 0.1303274937920521
AFTER: 600 0.15478631278531224
