9425      0.652   2.127  -0.942   1.343   3.412  -1.010   0.442   4.546  -0.536   1.878   3.716  -2.595   3.262   3.165  -2.769 0.0541
4444      0.685   2.120  -0.953   1.522   3.310  -1.082   0.682   4.540  -1.403   2.701   3.078  -2.285   3.937   2.496  -1.668 0.0692
6983      0.455   2.243  -0.738   1.070   3.568  -0.734   0.072   4.635  -0.302   1.691   3.938  -2.273   3.114   3.474  -2.363 0.0553
2658      0.239   2.388  -0.143   0.926   3.676  -0.140   0.449   4.550   1.014   0.686   4.481  -1.619   1.778   4.104  -2.576 0.0843
8802      0.569   2.183  -0.858   1.263   3.466  -0.923   0.279   4.627  -0.853   2.186   3.568  -2.347   3.565   3.038  -2.089 0.0539
2360      0.281   2.386  -0.315   1.022   3.644  -0.308   1.464   4.013   1.104   0.078   4.894  -0.969   0.314   4.971  -2.448 0.0958
11096     0.670   2.120  -0.947   1.425   3.364  -1.063   0.526   4.575  -0.840   2.173   3.465  -2.587   3.539   2.852  -2.515 0.0529
4038      0.530   2.217  -0.804   1.285   3.465  -0.859   0.417   4.610  -1.369   2.656   3.287  -1.849   3.818   2.831  -1.017 0.0803
4910      0.705   2.094  -0.993   1.430   3.359  -1.062   0.681   4.463  -0.324   1.684   3.810  -2.682   2.988   3.243  -3.160 0.0578
3723      0.298   2.349  -0.446   0.976   3.641  -0.407   0.654   4.392   0.880   0.541   4.581  -1.755   1.497   4.315  -2.880 0.0782
1834      0.763   2.072  -1.006   1.638   3.235  -1.125   0.971   4.342  -1.934   3.114   2.795  -1.845   4.091   2.396  -0.778 0.0869
6366      0.389   2.290  -0.624   1.088   3.571  -0.688   0.139   4.729  -0.401   1.812   3.774  -2.213   3.206   3.220  -2.182 0.0591
4790      0.577   2.185  -0.888   1.283   3.463  -0.897   0.794   4.368   0.227   1.086   4.238  -2.397   2.192   3.825  -3.323 0.0700
501       0.717   2.089  -0.999   1.437   3.355  -1.105   2.944   3.136  -1.040   0.949   4.420   0.127  -0.208   5.244  -0.354 0.1643
390       0.428   2.268   0.710   1.141   3.542   0.745   2.451   3.417   1.514   0.167   4.748   1.442  -0.630   5.429   0.370 0.1748
3302      0.403   2.276  -0.676   0.993   3.609  -0.595   0.213   4.498   0.367   1.052   4.326  -2.135   2.354   3.986  -2.796 0.0627
597       0.289   2.312   0.548   0.926   3.626   0.553   1.535   3.936   1.915  -0.196   4.831   0.128  -0.180   5.028  -1.359 0.1297
6322      0.347   2.310  -0.551   0.987   3.623  -0.539   0.103   4.658   0.146   1.349   4.121  -2.124   2.725   3.654  -2.493 0.0623
740       0.394   2.297  -0.611   1.141   3.552  -0.609   0.549   4.545  -1.602   2.778   3.268  -0.973   3.537   3.023   0.297 0.1187
1272      1.865   1.305   0.830   2.752   2.458   0.954   4.197   2.020   1.157   2.257   3.452   2.242   1.287   4.479   1.737 0.1177
2670      0.319   2.342  -0.520   0.989   3.634  -0.402   0.972   4.131   1.039   0.254   4.778  -1.422   0.924   4.756  -2.763 0.0827
867       1.928   1.259   0.747   2.875   2.368   0.816   4.308   1.877   0.649   2.711   3.198   2.291   1.706   4.301   2.135 0.1201
4314      0.860   1.989  -1.076   1.750   3.131  -1.264   0.985   4.446  -1.167   2.541   3.025  -2.766   3.830   2.277  -2.601 0.0579
498       0.848   1.985  -1.071   1.720   3.141  -1.262   2.759   2.871  -2.344   2.489   3.552   0.197   1.645   4.539   0.947 0.1537
6928      0.715   2.095  -0.978   1.525   3.302  -1.117   0.651   4.550  -1.151   2.478   3.219  -2.523   3.798   2.587  -2.196 0.0544
2431      0.391   2.287  -0.681   0.970   3.617  -0.512   0.502   4.259   0.789   0.566   4.612  -1.831   1.617   4.485  -2.893 0.0750
1268      0.240   2.354   0.365   0.890   3.662   0.349   0.764   4.353   1.702   0.222   4.641  -0.870   0.989   4.446  -2.144 0.1088
5444      0.690   2.108  -0.967   1.514   3.302  -1.129   0.771   4.549  -0.667   1.994   3.476  -2.751   3.297   2.766  -2.966 0.0618
2064      1.075   1.840  -1.154   1.883   3.049  -1.285   1.011   4.299  -1.244   2.779   3.010  -2.729   4.109   2.365  -2.475 0.0860
3732      0.340   2.307  -0.552   0.963   3.627  -0.505  -0.088   4.728  -0.430   1.958   3.862  -1.863   3.348   3.393  -1.552 0.0649
2779      0.897   1.969  -1.091   1.824   3.083  -1.274   1.074   4.381  -1.552   2.906   2.752  -2.544   4.122   2.065  -1.997 0.0739
641       1.853   1.308   0.861   2.734   2.469   0.948   3.987   2.147   1.754   1.914   3.785   1.645   1.255   4.592   0.566 0.1487
5538      0.557   2.185  -0.869   1.138   3.524  -0.832   0.210   4.506  -0.128   1.474   4.067  -2.408   2.869   3.668  -2.787 0.0635
3006      0.278   2.368  -0.311   0.981   3.647  -0.354   0.270   4.694   0.495   1.119   4.194  -1.958   2.394   3.677  -2.555 0.0680
1180      0.225   2.369   0.271   0.888   3.669   0.245   0.489   4.514   1.449   0.519   4.495  -1.195   1.538   4.155  -2.242 0.0977
5564      0.886   1.968  -1.095   1.682   3.186  -1.226   0.851   4.422  -0.900   2.321   3.311  -2.797   3.664   2.644  -2.844 0.0583
2480      0.300   2.357  -0.435   1.031   3.620  -0.492   1.010   4.328   0.857   0.375   4.631  -1.691   1.071   4.377  -2.995 0.0877
2100      0.793   2.045  -1.035   1.771   3.098  -1.294   1.100   4.465  -1.365   2.611   2.784  -2.738   3.834   1.970  -2.438 0.0774
3035      0.494   2.244  -0.786   1.227   3.507  -0.792   1.039   4.256   0.522   0.724   4.478  -2.094   1.576   4.186  -3.294 0.0707
3301      0.342   2.325  -0.530   1.028   3.614  -0.535   0.463   4.541   0.535   0.904   4.345  -2.065   2.066   3.926  -2.915 0.0655
190       2.109   1.169   0.294   2.984   2.337   0.346   2.691   3.189   1.575   2.812   3.271  -1.065   3.795   2.804  -2.097 0.2255
287       1.842   1.305  -0.854   2.767   2.432  -0.922   2.973   2.887  -2.362   4.260   2.018  -0.222   4.239   2.357   1.238 0.1616
662       1.843   1.301  -0.861   2.735   2.452  -0.963   2.097   3.571  -1.778   4.216   1.994  -1.661   5.170   1.577  -0.582 0.1288
3291      0.786   2.047  -1.036   1.623   3.236  -1.165   1.063   4.393  -0.346   1.759   3.690  -2.798   2.947   3.008  -3.409 0.0782
4620      0.415   2.288  -0.642   1.163   3.540  -0.710   0.224   4.740  -0.729   2.163   3.560  -2.085   3.505   2.986  -1.736 0.0651
3993      0.493   2.231  -0.770   1.173   3.523  -0.781   0.190   4.659  -1.038   2.401   3.537  -1.957   3.687   3.068  -1.344 0.0658
477       1.109   1.812  -1.161   2.163   2.808  -1.330   1.767   3.857  -2.363   3.619   2.060  -1.787   4.403   1.700  -0.560 0.1257
2963      0.322   2.310  -0.539   0.833   3.667  -0.376  -0.248   4.602   0.153   1.440   4.254  -1.852   2.896   3.911  -1.965 0.0704
4763      0.427   2.282  -0.658   1.189   3.520  -0.791   0.376   4.719  -0.315   1.674   3.748  -2.404   3.015   3.112  -2.618 0.0651
541       1.830   1.311  -0.876   2.723   2.460  -0.998   2.511   3.181  -2.324   4.344   1.970  -0.852   4.757   2.030   0.588 0.1447
604       0.480   2.234  -0.787   1.123   3.544  -0.812   2.595   3.426  -1.191   0.970   4.308   0.699  -0.287   5.126   0.721 0.1291
1066      0.332   2.327  -0.512   1.072   3.586  -0.504   0.271   4.697  -1.173   2.571   3.397  -1.283   3.608   2.990  -0.280 0.1096
296       2.100   1.201   0.297   2.964   2.377   0.341   3.902   2.414  -0.861   3.864   2.400   1.783   3.100   3.145   2.837 0.1534
3972      0.262   2.361  -0.315   0.934   3.657  -0.306   0.024   4.744   0.253   1.443   4.072  -1.874   2.832   3.554  -2.103 0.0720
6445      0.601   2.160  -0.893   1.219   3.483  -0.911   0.183   4.576  -0.680   2.022   3.742  -2.388   3.443   3.277  -2.273 0.0531
79        0.957   1.982  -1.057   0.254   1.881  -2.333   1.111   2.412  -3.476  -1.219   2.726  -2.267  -2.305   1.802  -1.800 0.3689
2677      0.979   1.907  -1.130   1.879   3.046  -1.287   1.245   4.324  -0.752   2.304   3.246  -2.921   3.544   2.455  -3.216 0.0815
855       0.309   2.313   0.553   0.963   3.618   0.564   1.212   4.095   1.990   0.023   4.759  -0.276   0.424   4.771  -1.721 0.1193
338       0.584   2.230  -0.844  -0.504   2.265  -1.817  -0.173   1.419  -3.041  -0.830   3.866  -2.285  -1.867   4.452  -1.374 0.2489
2763      0.839   2.024  -1.069   1.646   3.239  -1.138   1.161   4.278  -0.134   1.612   3.887  -2.710   2.738   3.308  -3.513 0.0790
388       1.648   1.450  -1.030   2.491   2.636  -1.150   1.664   3.859  -1.530   3.717   2.380  -2.300   4.927   1.810  -1.622 0.1209
76        0.238   2.417   0.151  -1.189   2.606   0.397  -1.986   2.512  -0.899  -1.469   4.106   1.146  -1.418   3.937   2.636 0.3678
894       0.359   2.308  -0.596   1.077   3.580  -0.587   0.785   4.384  -1.848   2.750   3.315  -0.439   3.126   3.297   1.013 0.1481
2288      0.327   2.312  -0.556   0.819   3.670  -0.341  -0.125   4.459   0.559   1.015   4.472  -1.827   2.406   4.243  -2.339 0.0740
907       0.240   2.404  -0.119   0.965   3.670  -0.064   1.674   3.839   1.274  -0.095   4.973  -0.330  -0.155   5.277  -1.798 0.1150
3572      0.565   2.196  -0.848   1.418   3.365  -1.044   0.597   4.649  -1.048   2.290   3.226  -2.497   3.598   2.541  -2.232 0.0658
355       2.136   1.164   0.085   3.024   2.323   0.102   4.234   2.101  -0.797   3.531   2.658   1.690   2.567   3.612   2.332 0.1432
4658      0.707   2.097  -0.974   1.446   3.352  -1.074   0.501   4.532  -1.268   2.563   3.283  -2.354   3.873   2.760  -1.846 0.0624
4540      0.490   2.236  -0.770   1.228   3.493  -0.862   0.502   4.610  -0.121   1.460   3.927  -2.489   2.750   3.342  -2.983 0.0638
2161      0.274   2.375  -0.276   1.023   3.628  -0.337   0.128   4.818  -0.014   1.723   3.825  -1.874   3.093   3.215  -1.882 0.0818
4033      0.882   1.976  -1.099   1.601   3.245  -1.170   0.767   4.382  -0.594   2.031   3.594  -2.778   3.384   3.017  -3.070 0.0681
3828      0.544   2.195  -0.838   1.122   3.536  -0.811   0.033   4.602  -0.791   2.142   3.769  -2.151   3.538   3.355  -1.794 0.0622
3138      0.337   2.315  -0.573   0.911   3.648  -0.414   0.279   4.380   0.764   0.712   4.553  -1.839   1.898   4.346  -2.733 0.0722
896       0.792   2.042  -1.029   1.644   3.223  -1.137   1.109   4.192  -2.185   3.238   2.772  -1.519   4.012   2.551  -0.253 0.1071
4359      0.590   2.167  -0.894   1.132   3.522  -0.847   0.084   4.516  -0.361   1.708   3.984  -2.379   3.153   3.604  -2.505 0.0598
536       0.237   2.395  -0.132   0.947   3.671  -0.123   1.295   4.115  -1.539   2.360   3.556   0.816   2.048   3.925   2.236 0.1619
1780      0.424   2.288  -0.652   1.215   3.504  -0.822   0.724   4.612   0.103   1.160   4.026  -2.438   2.288   3.401  -3.205 0.0868
1904      0.984   1.897  -1.133   1.967   2.955  -1.350   1.360   4.329  -1.093   2.584   2.877  -2.932   3.796   1.994  -2.953 0.0856
1215      0.233   2.382   0.159   0.934   3.662   0.139   0.242   4.681   1.036   1.037   4.258  -1.450   2.299   3.761  -2.090 0.0949
1681      0.405   2.269  -0.666   0.947   3.619  -0.543  -0.152   4.666  -0.686   2.157   3.881  -1.708   3.489   3.489  -1.141 0.0847
2549      0.327   2.332  -0.490   1.047   3.603  -0.503   0.087   4.775  -0.665   2.202   3.618  -1.751   3.506   3.091  -1.231 0.0834
1403      0.961   1.915  -1.115   1.795   3.104  -1.269   1.003   4.254  -1.879   3.153   2.756  -2.230   4.282   2.298  -1.355 0.0904
462       0.630   2.140  -0.930   1.382   3.390  -1.003   1.786   3.704  -2.439   2.761   3.312  -0.013   2.419   3.807   1.361 0.1526
236       2.131   1.193   0.036   2.973   2.385   0.028   3.290   2.824  -1.397   4.414   2.099   0.884   4.221   2.464   2.325 0.1402
4684      0.637   2.141  -0.948   1.294   3.444  -0.944   0.580   4.416  -0.012   1.355   4.084  -2.518   2.624   3.648  -3.186 0.0668
3751      0.301   2.327  -0.468   0.913   3.651  -0.403  -0.125   4.720  -0.082   1.692   4.016  -1.870   3.117   3.552  -1.807 0.0634
712       0.294   2.338  -0.489   0.882   3.672  -0.402   2.210   3.736  -1.148   1.103   4.119   1.223  -0.124   4.823   1.720 0.1253
2054      0.391   2.323  -0.591   1.154   3.567  -0.626   1.347   4.132   0.777   0.378   4.713  -1.614   0.876   4.578  -3.022 0.0816
3104      0.454   2.241  -0.748   0.958   3.607  -0.645  -0.176   4.593  -0.389   1.798   4.038  -2.059   3.248   3.684  -1.907 0.0685
830       0.254   2.373  -0.321   0.872   3.690  -0.193   1.914   3.915  -1.282   1.583   3.865   1.341   0.580   4.443   2.294 0.1467
3706      0.268   2.352  -0.371   0.882   3.674  -0.279   0.108   4.573   0.677   0.970   4.395  -1.816   2.273   4.032  -2.465 0.0690
666       2.109   1.177   0.295   3.008   2.327   0.273   4.432   1.904  -0.070   2.983   3.129   1.772   1.920   4.187   1.755 0.1187
1312      0.899   1.970  -1.098   1.922   2.987  -1.324   1.298   4.303  -1.772   3.047   2.451  -2.480   4.169   1.733  -1.791 0.0988
2867      0.362   2.289  -0.622   0.859   3.652  -0.462  -0.172   4.534   0.233   1.269   4.316  -1.972   2.708   4.019  -2.274 0.0698
1449      0.384   2.288  -0.674   0.830   3.652  -0.406  -0.007   4.298   0.692   0.758   4.589  -1.823   2.066   4.496  -2.551 0.0859
4472      0.619   2.158  -0.901   1.463   3.335  -1.095   0.675   4.619  -0.864   2.132   3.334  -2.658   3.448   2.615  -2.637 0.0613
2112      0.312   2.337  -0.527   0.917   3.652  -0.335   0.649   4.179   1.070   0.328   4.750  -1.492   1.211   4.720  -2.704 0.0791
4230      0.745   2.068  -1.013   1.379   3.382  -1.059   0.373   4.488  -0.765   2.101   3.638  -2.577   3.520   3.153  -2.545 0.0561
1953      0.336   2.345  -0.463   1.110   3.571  -0.642   0.433   4.752   0.043   1.325   3.900  -2.296   2.586   3.247  -2.776 0.0805
2012      0.687   2.132  -0.957   1.514   3.332  -1.051   1.324   4.226   0.169   1.148   4.196  -2.469   2.029   3.720  -3.586 0.0835
TOTRMS: 0.0751
BEFORE: 295 0.06375094580692732
AFTER: 100 0.07511379414691884
