442       2.047   4.829   1.441   2.063   5.588   2.688   1.819   7.070   2.433   3.544   5.371   3.495   3.442   4.195   4.420 0.1434
648       0.931   5.637   0.459   0.184   6.763   1.013  -0.070   7.827  -0.048   1.019   7.439   2.330   0.588   6.762   3.597 0.1171
189       1.453   5.106   0.287   0.840   6.297   0.869   1.878   7.159   1.577  -0.393   5.859   1.955  -1.697   5.766   1.220 0.1592
938       1.117   5.371   0.890   0.427   6.421   1.635   0.586   7.774   0.952   1.012   6.499   3.229   0.200   5.593   4.105 0.1181
532       2.110   4.709   1.448   2.096   5.311   2.778   2.532   6.770   2.724   3.105   4.439   3.833   2.311   3.362   4.509 0.1259
237       1.130   5.586   0.290   0.512   6.769   0.884  -0.342   6.395   2.089  -0.432   7.587  -0.269   0.413   8.604  -0.977 0.1858
185       2.220   3.235  -2.433   3.335   3.416  -3.359   3.160   4.684  -4.187   3.481   2.066  -4.383   4.400   1.061  -3.756 0.2333
108       1.523   4.831  -1.063   0.708   5.959  -1.506   1.571   7.046  -2.135  -0.178   6.598  -0.203  -1.506   5.906  -0.114 0.2001
525       1.472   5.574  -0.424   0.791   6.864  -0.366   1.792   8.011  -0.302  -0.251   6.925   0.976  -1.609   6.429   0.578 0.1102
665       2.035   5.002   0.963   1.816   5.935   2.065   2.337   7.325   1.720   2.566   5.366   3.481   1.601   4.513   4.249 0.1199
261       1.093   5.043   0.458   0.342   6.129   1.080  -0.402   5.642   2.318  -0.754   6.805  -0.031  -0.089   7.929  -0.768 0.1582
305       1.936   4.521   1.545   1.837   4.939   2.941   2.607   6.233   3.182   2.416   3.716   3.970   1.286   2.806   4.350 0.1631
662       0.939   5.159   1.181   0.113   5.962   2.077   0.617   7.398   2.151   0.083   5.274   3.632  -1.062   4.310   3.730 0.1062
580       1.854   4.883   1.182   1.511   5.672   2.361   2.230   7.016   2.350   1.895   4.817   3.780   0.712   3.998   4.205 0.1148
663       1.267   4.952   1.267   0.632   5.762   2.303   1.042   7.225   2.185   1.028   5.168   3.846   0.009   4.152   4.268 0.1025
534       1.472   5.076   0.431   0.745   6.138   1.120   1.654   7.325   1.414   0.065   5.552   2.564  -1.314   5.030   2.292 0.1298
399       2.134   5.008   0.571   1.877   6.095   1.512   2.800   7.279   1.248   2.067   5.552   3.112   0.754   5.038   3.624 0.1201
524       1.832   5.363  -0.477   1.268   6.703  -0.344   2.269   7.766  -0.781   0.781   6.985   1.260  -0.648   6.562   1.431 0.1096
129       0.093   5.271  -0.278  -0.911   6.320  -0.438  -0.864   7.306   0.723  -2.464   5.639  -0.563  -2.777   5.370  -2.004 0.2106
36        0.342   5.495   0.773   1.706   5.912   1.085   2.379   4.925   2.031   1.709   7.469   1.768   1.837   8.493   0.679 0.2820
460       1.897   5.074   0.206   1.307   6.234   0.868   2.198   7.462   0.720   1.036   5.904   2.513  -0.339   5.331   2.688 0.1105
200       0.602   5.767   0.052  -0.245   6.935   0.279  -0.844   6.914   1.681  -1.483   7.006  -0.884  -1.013   7.800  -2.066 0.1706
532       1.893   5.255   0.039   1.356   6.510   0.559   2.086   7.708  -0.037   1.467   6.544   2.255   0.214   5.971   2.849 0.1102
385       1.768   5.273   0.325   1.342   6.483   1.023   1.454   7.706   0.120   2.266   6.712   2.432   1.596   6.027   3.586 0.1351
111       3.178   3.990  -1.856   3.495   4.496  -3.189   4.395   5.724  -3.110   2.069   4.872  -4.035   1.608   3.667  -4.798 0.2552
539       1.577   4.737   1.637   1.274   5.390   2.907   1.295   6.908   2.762   2.379   4.904   4.103   1.851   3.690   4.808 0.1210
676       0.734   5.127   0.686  -0.262   5.978   1.331   0.266   7.394   1.522  -0.723   5.320   2.830  -1.894   4.403   2.635 0.1111
646       1.581   5.348   1.193   1.155   6.396   2.116   1.702   7.755   1.694   1.654   6.032   3.699   0.586   5.238   4.391 0.1138
488       1.933   4.960   0.823   1.637   5.982   1.822   1.840   7.382   1.253   2.611   5.766   3.199   1.908   4.867   4.172 0.1246
475       1.576   5.206   1.623   1.318   6.121   2.731   1.330   7.571   2.260   2.467   5.899   3.964   1.967   4.870   4.934 0.1329
433      -0.502   4.526  -0.684  -1.289   5.659  -0.208  -2.692   5.221   0.198  -1.378   6.864  -1.404  -0.234   7.819  -1.237 0.1332
764       1.459   5.187   0.854   0.850   6.201   1.709   1.306   7.600   1.312   1.228   5.906   3.341   0.177   5.023   3.945 0.1035
417       1.434   5.018   0.593   0.687   5.969   1.411   1.376   7.329   1.438   0.505   5.376   2.994  -0.762   4.578   3.086 0.1095
185       2.474   4.643   1.645   2.904   5.164   2.939   2.381   6.578   3.163   4.601   5.146   3.052   5.049   3.837   3.632 0.1704
267      -0.532   4.652  -0.657  -1.297   5.763  -0.099  -2.791   5.573  -0.331  -0.784   7.236  -0.778   0.321   7.813   0.056 0.1922
220       2.436   4.323   1.701   2.816   4.636   3.076   2.776   6.139   3.328   4.367   4.028   3.416   4.250   2.634   3.956 0.1749
89        5.087   2.394   0.796   6.451   1.955   1.078   7.448   3.087   0.856   6.857   0.621   0.106   6.494  -0.647   0.820 0.2361
388       0.792   5.228   0.350  -0.149   6.261   0.774   0.569   7.390   1.504  -1.352   5.593   1.773  -2.507   5.141   0.930 0.1314
152       0.693   5.801  -0.451  -0.059   7.039  -0.637  -1.041   7.261   0.508  -0.889   7.012  -2.120  -0.016   7.594  -3.192 0.1593
566       1.086   5.259   1.384   0.531   6.179   2.373   0.009   7.448   1.710   1.702   6.569   3.542   1.625   5.589   4.674 0.1315
147       2.645   4.376  -1.768   2.567   5.180  -2.985   3.702   6.195  -3.046   1.067   5.975  -3.074   0.083   5.107  -3.800 0.2229
272       0.653   5.805  -0.315  -0.188   6.999  -0.323  -0.431   7.508   1.093  -1.671   6.674  -1.088  -1.552   6.968  -2.554 0.1670
34        0.896   5.012   1.082   2.251   4.849   1.603   2.239   4.674   3.117   3.214   6.184   1.178   3.882   5.920  -0.139 0.3201
42       -3.220   1.641  -0.448  -4.232   1.333  -1.455  -5.523   2.096  -1.185  -4.539  -0.338  -1.496  -3.618  -0.992  -2.482 0.3651
89        1.520   3.324  -2.325   2.355   3.373  -3.522   2.473   4.797  -4.051   1.724   2.353  -4.727   2.319   0.984  -4.586 0.2039
852       0.428   4.971   1.110  -0.505   5.794   1.875  -0.293   7.276   1.587  -0.334   5.493   3.539  -1.259   4.385   3.945 0.1153
462       1.444   5.641  -1.070   0.944   6.943  -1.502   2.066   7.975  -1.547  -0.296   7.476  -0.469  -1.619   6.997  -0.988 0.1293
623       1.528   5.409   1.371   1.179   6.503   2.274   1.559   7.852   1.675   1.943   6.297   3.779   1.053   5.502   4.687 0.1187
412       0.003   5.017   0.711  -1.142   5.783   1.195  -0.719   7.175   1.649  -1.908   4.962   2.471  -2.973   4.061   1.919 0.1515
57        4.484   1.248  -0.599   5.684   1.163  -1.426   5.330   0.878  -2.880   6.729  -0.040  -0.833   7.675   0.564   0.162 0.2293
199       1.490   5.572  -1.346   0.949   6.839  -1.828   1.777   8.016  -1.325  -0.671   7.016  -1.344  -1.573   6.438  -2.394 0.1653
229       0.567   4.685   1.446  -0.319   5.219   2.477   0.177   6.569   2.981  -0.449   4.125   3.772  -1.595   3.191   3.524 0.1902
869       1.282   5.042   1.356   0.740   5.953   2.360   0.966   7.406   1.961   1.444   5.649   3.878   0.623   4.635   4.616 0.1121
146       3.020   4.274   1.312   3.919   4.549   2.430   4.752   5.798   2.170   4.937   3.217   2.713   4.286   2.291   3.698 0.1846
249       0.901   5.367   0.316   0.230   6.576   0.788  -1.061   6.235   1.523  -0.098   7.619  -0.514   1.059   8.554  -0.709 0.2046
517       1.803   5.449  -0.769   1.282   6.811  -0.850   2.411   7.823  -1.003   0.356   7.174   0.530  -1.076   6.804   0.282 0.1236
112      -0.445   4.604  -0.180  -1.258   5.760   0.184  -2.155   5.447   1.376  -2.201   6.262  -1.139  -1.439   7.276  -1.939 0.2512
511       1.144   4.676   1.716   0.591   5.191   2.966   0.971   6.653   3.173   1.128   4.257   4.281   0.163   3.136   4.526 0.1225
153      -0.613   4.400   0.001  -1.396   5.332   0.807  -2.521   4.612   1.541  -2.034   6.570  -0.168  -1.065   7.713  -0.224 0.2156
88        0.555   5.599  -0.141   1.439   5.619   1.021   0.929   4.687   2.114   1.588   7.201   1.626   2.745   7.884   0.960 0.2504
93        3.313   2.342  -1.806   4.741   2.047  -1.895   5.260   2.265  -3.311   5.048   0.449  -1.401   5.317   0.424   0.074 0.2337
129       0.790   5.160   0.152   0.007   6.357   0.444  -1.486   6.087   0.294   0.474   7.635  -0.576   1.576   8.416   0.074 0.2106
676       1.179   5.737  -0.269   0.436   6.984  -0.113   0.800   7.980  -1.209   0.735   7.665   1.416  -0.276   7.151   2.398 0.1052
535       1.581   4.624   1.739   1.312   5.098   3.094   1.538   6.601   3.205   2.290   4.276   4.216   1.576   3.047   4.696 0.1310
917       1.124   5.103   0.718   0.306   6.080   1.431   0.732   7.504   1.092   0.406   5.826   3.109  -0.675   4.878   3.536 0.1020
512       1.028   5.558  -0.120   0.178   6.738   0.004   0.994   7.963   0.400  -1.055   6.465   1.142  -2.257   5.895   0.450 0.1096
768       0.961   5.622   0.547   0.156   6.768   0.960   1.024   8.003   1.165  -0.697   6.411   2.387  -2.033   5.826   2.038 0.1057
421       2.023   4.950   1.539   2.054   5.714   2.783   2.438   7.166   2.526   3.140   5.010   3.885   2.415   4.005   4.730 0.1293
624       1.805   5.472  -0.593   1.350   6.860  -0.590   2.223   7.725  -1.492   1.352   7.481   0.993   0.017   7.231   1.629 0.1170
79        3.825   3.225  -1.580   4.654   3.205  -2.782   5.405   4.520  -2.953   3.700   2.895  -4.155   3.633   1.416  -4.394 0.2841
625       0.793   5.666   0.668   0.029   6.776   1.230  -0.490   7.696   0.131   0.982   7.658   2.327   0.819   7.085   3.704 0.1151
13       -2.096   2.032  -3.207  -2.267   2.075  -4.656  -2.305   3.512  -5.162  -3.687   1.259  -5.111  -3.373  -0.185  -5.371 0.4426
531       0.607   5.383   0.443  -0.401   6.364   0.836   0.249   7.652   1.326  -1.412   5.724   2.043  -2.584   5.042   1.404 0.1072
492       0.703   4.957   1.126  -0.206   5.649   2.036   0.225   7.096   2.246  -0.280   4.840   3.529  -1.380   3.821   3.493 0.1122
366       0.769   5.486   0.117  -0.091   6.645   0.335   0.621   7.709   1.162  -1.534   6.178   1.102  -2.563   5.835   0.066 0.1329
118       1.831   4.711  -0.981   1.059   5.837  -1.497   1.820   7.147  -1.329  -0.447   5.933  -0.714  -1.457   5.125  -1.474 0.2097
33        2.880   2.073   2.577   3.886   1.922   3.624   5.109   1.174   3.106   3.230   1.109   4.965   2.647   2.108   5.920 0.2818
268       0.972   4.390   1.779   0.365   4.769   3.052   0.638   6.232   3.377   0.945   3.775   4.304   0.057   2.575   4.443 0.1712
111       0.183   4.348   1.388   0.092   5.122   2.623  -0.599   4.323   3.721  -0.740   6.579   2.350   0.238   7.649   1.964 0.2033
159       0.595   5.593   0.309  -0.244   6.756   0.589   0.027   7.304   1.985  -1.888   6.353   0.429  -2.329   6.601  -0.983 0.1872
381       1.697   5.222  -0.434   1.047   6.523  -0.305   2.075   7.638  -0.156  -0.014   6.527   1.023  -1.377   6.092   0.576 0.1309
628       1.457   5.699  -0.861   0.842   7.001  -1.105   1.825   7.956  -1.771   0.273   7.671   0.351  -1.147   7.243   0.577 0.1035
581       0.973   4.717   1.576   0.326   5.368   2.712   0.400   6.886   2.589   1.041   4.866   4.170   0.324   3.654   4.687 0.1323
127       1.061   5.738  -1.191   0.389   6.934  -1.690   0.127   7.927  -0.563  -1.073   6.519  -2.453  -0.822   6.270  -3.910 0.1752
335       1.465   5.412  -0.370   0.806   6.710  -0.259   1.759   7.764   0.291  -0.570   6.593   0.733  -1.766   6.260  -0.108 0.1418
104       1.557   5.519  -1.597   0.985   6.746  -2.145   1.357   7.954  -1.292  -0.706   6.613  -2.260  -1.073   6.055  -3.603 0.1717
52        1.309   5.402   1.647   1.017   6.380   2.690   1.376   5.836   4.068  -0.624   6.822   2.647  -0.800   8.004   1.741 0.2643
394       2.108   4.781   1.298   2.112   5.507   2.565   2.173   7.012   2.335   3.422   5.010   3.529   2.998   3.861   4.395 0.1280
50        1.345   3.897  -2.321   2.162   4.107  -3.512   2.564   5.571  -3.651   1.326   3.598  -4.903   1.630   2.154  -5.169 0.2319
39        1.023   4.228   1.947   0.710   4.553   3.335  -0.054   5.868   3.432   2.134   4.635   4.261   2.436   3.283   4.834 0.2379
506       1.432   5.409   1.580   1.063   6.487   2.494   0.922   7.811   1.752   2.217   6.634   3.734   1.822   5.763   4.889 0.1385
403       1.885   5.403  -1.127   1.498   6.768  -1.470   2.711   7.596  -1.879   0.704   7.506  -0.160  -0.771   7.255  -0.264 0.1235
594       1.800   4.791   1.312   1.507   5.527   2.538   1.990   6.969   2.441   2.224   4.760   3.876   1.262   3.766   4.456 0.1142
322      -0.373   4.661  -1.053  -1.093   5.909  -0.816  -2.572   5.647  -0.552  -0.914   6.959  -2.140   0.292   7.826  -1.932 0.1733
196       0.116   3.988   1.704   0.056   4.485   3.075  -0.597   3.464   4.000  -0.795   5.955   3.137   0.163   7.095   2.957 0.1861
323       2.195   4.979   1.610   2.300   5.901   2.738   2.460   7.339   2.258   3.607   5.470   3.736   3.136   4.516   4.792 0.1538
124       0.317   5.277   0.832  -0.559   6.319   1.360  -1.930   5.756   1.714  -0.720   7.584   0.236   0.348   8.609   0.480 0.1950
41        1.775   3.113   2.740   2.557   3.414   3.936   2.977   2.136   4.652   1.670   4.409   4.991   1.944   5.848   4.669 0.3351
642       0.801   4.845   1.310  -0.014   5.562   2.285   0.358   7.039   2.333   0.158   4.867   3.828  -0.879   3.799   4.014 0.1134
392       1.109   4.917   0.912   0.321   5.717   1.845   1.045   7.008   2.207  -0.020   4.824   3.251  -1.313   4.086   3.073 0.1318
141       1.967   4.934   1.401   1.996   5.501   2.746   0.794   6.407   2.985   3.438   6.367   2.993   4.483   5.448   3.553 0.2289
47        2.178   4.789   1.411   2.484   5.216   2.774   3.757   4.551   3.285   1.184   4.864   3.812   0.244   6.031   3.849 0.2937
80       -0.023   4.891   0.419  -1.057   5.868   0.747  -1.065   6.181   2.238  -2.585   5.301   0.262  -2.861   5.747  -1.143 0.2719
251       2.784   4.558   1.572   3.509   5.068   2.732   3.840   6.547   2.566   4.936   4.176   2.979   4.651   3.020   3.891 0.1672
68        2.745   2.586  -2.322   3.982   2.519  -3.095   3.692   2.423  -4.588   4.922   1.193  -2.596   5.845   1.621  -1.494 0.2669
436       1.249   5.291  -0.058   0.404   6.440   0.252   1.245   7.662   0.603  -0.652   6.072   1.533  -1.929   5.510   0.983 0.1186
657       1.104   5.325   0.848   0.442   6.358   1.638   0.163   7.598   0.797   1.388   6.770   2.989   1.012   5.896   4.148 0.1176
560       1.823   4.929   1.043   1.451   5.811   2.145   2.380   7.018   2.220   1.477   4.963   3.619   0.125   4.368   3.876 0.1250
506       0.726   5.146   0.512  -0.274   6.043   1.087   0.363   7.345   1.558  -1.077   5.285   2.379  -2.285   4.561   1.862 0.1234
576       1.310   5.239   0.881   0.641   6.205   1.748   1.478   7.468   1.913   0.321   5.514   3.269  -1.031   4.866   3.249 0.1124
296       0.004   5.155   0.341  -1.131   6.038   0.592  -0.738   7.192   1.506  -2.421   5.166   1.276  -3.303   4.639   0.183 0.1891
649       0.626   5.091   1.237  -0.179   5.958   2.093  -0.361   7.334   1.463   0.540   6.110   3.626   0.017   5.034   4.532 0.1281
502       2.041   5.198  -0.089   1.649   6.544   0.317   2.618   7.586  -0.228   1.568   6.653   2.012   0.183   6.305   2.470 0.1146
722       0.734   5.493   0.116  -0.224   6.578   0.308   0.487   7.914   0.490  -1.220   6.260   1.648  -2.436   5.505   1.200 0.1015
314       1.303   5.438   0.436   0.694   6.573   1.124   0.111   7.570   0.130   1.835   7.343   2.122   1.802   6.727   3.489 0.1294
325       1.157   4.398   1.919   0.699   4.772   3.254   0.838   6.273   3.482   1.568   3.919   4.441   0.859   2.635   4.753 0.1569
147       1.238   5.633  -0.642   0.573   6.932  -0.651   0.800   7.674   0.661  -1.093   6.743  -0.933  -1.359   6.798  -2.408 0.1660
925       0.473   5.129   0.974  -0.521   5.975   1.629  -0.086   7.436   1.626  -0.788   5.450   3.224  -1.899   4.443   3.239 0.1035
337       1.754   5.100   1.012   1.475   6.030   2.103   0.828   7.308   1.582   2.903   6.401   2.947   3.090   5.422   4.068 0.1525
816       1.417   5.024   1.558   0.957   5.790   2.713   1.376   7.252   2.604   1.563   5.116   4.151   0.595   4.095   4.671 0.1095
576       1.326   4.984   1.568   0.896   5.787   2.709   0.654   7.235   2.301   2.053   5.717   3.954   1.734   4.572   4.869 0.1239
239       0.578   5.496   0.261  -0.322   6.618   0.514   0.196   7.491   1.651  -1.885   6.054   0.877  -2.679   5.935  -0.389 0.1631
183       2.248   4.747  -1.667   1.885   5.847  -2.556   3.125   6.546  -3.100   0.896   6.965  -1.742  -0.543   6.583  -1.921 0.1869
121      -0.726   4.129   0.901  -1.392   4.834   1.992  -2.286   3.892   2.790  -2.306   6.134   1.389  -1.456   7.368   1.350 0.2155
691       0.951   5.559   0.942   0.264   6.651   1.625   0.312   7.932   0.799   0.950   6.919   3.157   0.243   6.076   4.176 0.1149
181       1.033   5.782  -0.917   0.348   7.034  -1.226  -0.235   7.666   0.033  -0.882   6.772  -2.370  -0.326   6.944  -3.751 0.1720
337       1.957   4.521   1.717   1.961   4.953   3.111   1.972   6.474   3.215   3.303   4.303   3.929   2.930   2.980   4.529 0.1334
85        0.069   5.334   0.842   1.085   5.195   1.880   0.959   3.856   2.596   0.967   6.469   3.000   1.834   7.608   2.555 0.2486
1134      1.386   5.158   0.984   0.733   6.131   1.855   1.394   7.500   1.741   0.768   5.600   3.470  -0.461   4.789   3.756 0.1015
829       1.305   5.473   0.997   0.703   6.500   1.842   1.327   7.865   1.576   0.872   6.092   3.484  -0.315   5.289   3.925 0.1062
170       1.569   5.559  -0.553   1.009   6.887  -0.316   0.313   6.955   1.038  -0.081   7.300  -1.554   0.656   8.005  -2.654 0.1675
310       1.746   4.644   1.625   1.587   5.241   2.948   1.202   6.713   2.843   3.018   5.076   3.851   2.976   3.791   4.624 0.1385
297       1.973   5.040   2.037   1.984   5.913   3.207   1.704   7.359   2.816   3.477   5.805   4.014   3.409   4.720   5.047 0.1487
700       1.532   5.277   0.032   0.892   6.529   0.426   1.328   7.676  -0.478   1.250   6.895   2.047   0.206   6.290   2.938 0.1137
243       0.752   5.670  -0.263  -0.027   6.905  -0.241  -1.178   6.810   0.753  -0.624   7.258  -1.793   0.367   8.109  -2.529 0.1723
332       0.928   5.000   1.239   0.218   5.845   2.195   1.149   6.889   2.801  -0.475   4.897   3.424  -1.863   4.495   3.023 0.1509
688       1.082   5.758  -0.425   0.390   7.035  -0.571   1.367   8.202  -0.480  -0.820   7.193   0.612  -2.110   6.639   0.085 0.1138
1094      1.041   5.694  -0.043   0.292   6.931   0.157   0.403   7.843  -1.059   0.843   7.741   1.546   0.056   7.283   2.738 0.1069
55        5.225   2.508   0.718   6.598   2.163   1.074   7.280   1.393  -0.051   6.627   1.248   2.507   6.744   2.169   3.685 0.2374
90        1.979   4.693  -1.475   1.392   5.720  -2.330   2.282   6.006  -3.534   1.129   7.148  -1.446  -0.245   7.118  -0.845 0.1860
57       -0.064   5.672   0.285   1.034   6.002   1.188   1.045   5.076   2.399   0.923   7.621   1.692   1.683   8.495   0.739 0.1998
485       1.584   5.377   0.006   1.016   6.639   0.471   0.825   7.614  -0.684   2.010   7.333   1.663   1.581   6.848   3.016 0.1300
175       2.214   4.750  -1.317   1.780   5.911  -2.090   2.767   7.064  -1.949   0.230   6.406  -1.598  -0.806   5.697  -2.419 0.1914
895       0.949   5.257   0.808   0.139   6.263   1.491   0.395   7.653   0.921   0.459   6.249   3.161  -0.476   5.294   3.841 0.1032
204       0.589   5.807  -0.285  -0.239   7.007  -0.374   0.081   7.979   0.756  -1.888   6.593  -0.338  -2.378   6.370  -1.737 0.1511
36        3.915   1.343  -0.906   5.185   0.930  -0.318   6.363   1.481  -1.112   5.278  -0.766  -0.238   4.723  -1.236   1.074 0.2476
791       1.106   5.433   1.032   0.492   6.517   1.794   1.440   7.703   1.924   0.027   5.970   3.335  -1.380   5.453   3.280 0.1185
59       -0.295   4.548  -0.086  -1.069   5.712   0.334  -1.143   5.803   1.854  -2.636   5.652  -0.323  -2.649   6.348  -1.651 0.2550
34        0.938   3.903   1.908   0.870   4.522   3.229   1.889   3.903   4.179  -0.696   4.372   3.875  -1.518   5.560   3.473 0.2987
520       1.326   5.664  -0.402   0.628   6.900  -0.059   1.154   8.073  -0.879   0.788   7.231   1.601  -0.346   6.595   2.349 0.1120
517       1.384   4.930   1.069   0.770   5.719   2.134   1.367   7.120   2.193   0.959   4.940   3.633  -0.210   4.033   3.876 0.1129
304       1.202   5.453   1.429   0.730   6.464   2.370   0.034   7.609   1.644   2.024   7.062   3.297   2.175   6.234   4.538 0.1385
537       1.895   5.166  -0.067   1.420   6.493   0.313   2.505   7.543   0.111   0.900   6.495   1.932  -0.559   6.153   1.989 0.1114
639       0.737   5.680   0.080  -0.209   6.747   0.395   0.465   8.113   0.333  -0.888   6.502   1.934  -2.136   5.680   1.805 0.1056
42        0.059   5.119   0.179   0.811   5.029   1.427  -0.095   5.263   2.631   2.088   6.151   1.433   3.317   5.513   0.857 0.3735
62        2.588   4.601   1.247   3.090   5.135   2.509   3.197   4.041   3.565   2.084   6.387   3.067   2.571   7.698   2.526 0.2510
340      -0.662   4.504  -0.504  -1.503   5.503   0.149  -2.949   5.029   0.237  -1.424   6.982  -0.686  -0.310   7.815  -0.124 0.1833
932       1.731   4.982   0.766   1.260   6.022   1.676   1.911   7.364   1.359   1.576   5.588   3.289   0.406   4.828   3.840 0.1067
167       2.182   4.760   2.039   2.376   5.330   3.369   1.502   6.562   3.571   4.011   5.729   3.610   4.729   4.555   4.205 0.1630
64        3.425   3.865   0.817   4.725   3.806   1.479   5.467   5.132   1.351   5.665   2.547   0.831   5.414   1.287   1.605 0.2282
664       1.568   5.107   0.383   0.970   6.271   1.031   1.341   7.557   0.300   1.460   6.362   2.656   0.487   5.610   3.514 0.1160
178       3.015   4.200   1.423   3.905   4.425   2.559   4.351   5.881   2.627   5.261   3.403   2.461   4.970   2.117   3.174 0.1775
739       1.858   5.246  -0.137   1.450   6.625   0.114   2.251   7.600  -0.741   1.634   7.007   1.761   0.364   6.688   2.493 0.1220
32        0.181   4.319  -2.039  -0.576   5.454  -2.559  -1.619   5.926  -1.553  -1.327   5.043  -4.028  -0.407   5.365  -5.168 0.3169
7         0.731   1.648  -3.298   1.038   1.458  -4.712   0.333   0.226  -5.267   2.717   1.321  -4.942   3.302   2.681  -5.182 0.3860
819       1.315   5.317   0.103   0.619   6.531   0.521   0.732   7.621  -0.538   1.238   7.089   2.003   0.467   6.473   3.131 0.1140
141       1.903   4.613  -1.547   1.331   5.603  -2.455   2.405   6.216  -3.346   0.534   6.822  -1.578  -0.902   6.438  -1.380 0.1914
111       0.313   4.789   1.033  -0.755   5.471   1.760  -0.193   6.306   2.905  -1.880   4.345   2.356  -2.958   4.128   1.336 0.2432
791       1.193   5.123   1.469   0.668   6.062   2.456   0.682   7.488   1.918   1.566   5.973   3.896   0.952   4.952   4.807 0.1178
147       2.128   3.266  -2.280   3.280   3.328  -3.175   3.574   4.764  -3.593   3.017   2.363  -4.549   3.521   0.974  -4.289 0.1909
131       4.722   2.479  -0.956   5.935   2.050  -1.646   6.815   3.243  -2.002   5.542   1.176  -3.050   5.432  -0.283  -2.716 0.2678
254       0.604   5.188   0.682  -0.248   6.230   1.247   0.507   7.053   2.285  -1.639   5.546   1.945  -2.727   5.467   0.916 0.1591
814       1.368   5.713  -0.204   0.688   7.002  -0.129   1.564   8.118  -0.686   0.251   7.350   1.477  -1.122   6.813   1.749 0.1014
133       1.047   5.147   0.786   0.359   6.111   1.640  -0.651   5.419   2.547  -0.419   7.291   0.694   0.516   8.439   0.458 0.2114
824       1.623   5.357  -0.094   0.949   6.631   0.143   1.812   7.802  -0.313   0.560   6.799   1.790  -0.806   6.234   2.041 0.0991
493       0.766   5.455   0.632  -0.069   6.534   1.151   0.782   7.649   1.747  -1.152   5.938   2.319  -2.426   5.516   1.650 0.1239
152       2.736   2.825  -2.245   4.069   2.708  -2.831   4.331   3.831  -3.827   4.252   1.199  -3.592   4.794   0.205  -2.608 0.1920
202       0.826   4.774   0.767  -0.097   5.583   1.558   0.596   6.819   2.117  -0.758   4.661   2.824  -2.020   4.000   2.356 0.1824
325       2.279   4.689   1.178   2.349   5.388   2.458   3.386   6.505   2.417   2.716   4.298   3.710   1.444   3.749   4.284 0.1468
435       2.025   5.310  -0.777   1.682   6.724  -0.895   2.799   7.505  -1.576   1.357   7.386   0.637  -0.104   7.242   0.944 0.1217
33        3.156   4.216   0.707   4.122   4.397   1.787   5.551   4.252   1.276   3.832   3.280   3.035   2.880   3.876   4.029 0.2962
1055      0.468   5.623   0.082  -0.438   6.767   0.116   0.328   8.067   0.331  -1.601   6.566   1.339  -2.801   5.863   0.778 0.1104
625       1.213   5.171   0.300   0.355   6.210   0.862   1.032   7.574   0.804  -0.060   5.833   2.467  -1.327   5.030   2.481 0.1062
689       1.136   4.920   0.723   0.389   5.894   1.514   0.616   7.310   0.997   0.833   5.794   3.152  -0.058   4.812   3.852 0.1180
78        2.610   4.424   1.386   2.391   5.292   2.539   0.904   5.451   2.833   3.100   6.816   2.278   4.512   6.803   2.782 0.2624
633       1.598   5.397  -0.324   1.052   6.745  -0.198   1.359   7.579  -1.437   1.673   7.509   1.188   0.775   7.231   2.356 0.1151
704       1.691   5.157   1.636   1.478   6.092   2.738   1.919   7.500   2.357   2.314   5.574   4.125   1.425   4.686   4.943 0.1198
956       1.609   5.215   0.117   0.906   6.419   0.550   1.778   7.657   0.373   0.424   6.273   2.174  -0.947   5.668   2.236 0.1027
595       0.368   5.453   0.053  -0.634   6.511   0.138  -0.015   7.816   0.623  -1.900   6.046   1.174  -2.965   5.349   0.381 0.1214
47        1.413   4.944   1.439   1.065   5.591   2.701   1.364   4.679   3.885  -0.575   6.037   2.706  -0.717   7.427   2.162 0.2418
522       2.097   4.910   1.380   2.142   5.703   2.605   2.940   6.986   2.400   2.813   4.796   3.876   1.721   4.067   4.601 0.1365
51        2.434   4.836   1.101   2.733   5.480   2.376   4.236   5.648   2.567   2.079   4.582   3.663   0.688   5.063   3.952 0.2414
883       0.398   5.283   0.796  -0.636   6.172   1.317  -0.082   7.569   1.571  -1.296   5.537   2.750  -2.469   4.663   2.416 0.1070
127       1.782   4.726   1.215   1.516   5.482   2.435   2.749   6.259   2.881   1.002   4.441   3.678  -0.492   4.318   3.641 0.1881
125       1.106   5.293   0.226   0.376   6.471   0.684   0.306   6.516   2.206  -1.192   6.490   0.027  -1.179   7.228  -1.278 0.2134
21        1.943   4.697  -0.992   1.347   5.903  -1.558  -0.159   5.933  -1.325   1.682   6.005  -3.222   2.963   6.758  -3.429 0.3062
400       1.132   5.381   1.307   0.658   6.228   2.398   0.774   7.704   2.037   1.529   5.905   3.821   0.836   4.826   4.598 0.1237
320       2.425   4.477   1.645   2.794   4.882   2.998   3.327   6.310   3.018   3.953   3.818   3.642   3.260   2.698   4.359 0.1458
685       0.790   5.666   0.064  -0.119   6.723   0.495   0.346   8.085  -0.006  -0.250   6.739   2.190  -1.377   5.844   2.613 0.1116
536       0.043   5.227   0.433  -1.080   6.117   0.717  -0.593   7.470   1.222  -2.124   5.409   1.856  -3.172   4.607   1.144 0.1343
332       0.464   4.613   1.184  -0.485   5.256   2.088  -0.204   6.749   2.207  -0.429   4.528   3.623  -1.416   3.400   3.678 0.1539
586       0.846   5.727  -0.471   0.152   6.994  -0.682   1.044   8.176  -0.319  -1.282   7.044   0.230  -2.414   6.495  -0.587 0.1304
1177      1.294   5.331   0.345   0.554   6.496   0.821   1.030   7.768   0.129   0.715   6.653   2.506  -0.389   5.899   3.186 0.1019
316       2.022   5.091  -0.323   1.562   6.463  -0.135   1.994   7.351  -1.296   2.153   7.092   1.330   1.174   6.804   2.429 0.1364
245       0.802   4.733   1.547   0.098   5.365   2.659  -0.314   6.790   2.309   1.070   5.364   4.054   0.817   4.112   4.839 0.1715
970       1.596   5.471   0.603   1.047   6.655   1.258   1.922   7.877   1.008   0.884   6.386   2.929  -0.475   5.818   3.214 0.1095
313       2.475   4.741   1.184   2.807   5.473   2.403   3.363   6.855   2.080   3.927   4.596   3.335   3.193   3.700   4.287 0.1490
1170      1.165   5.434   0.139   0.319   6.596   0.393   1.122   7.888   0.311  -0.424   6.467   1.917  -1.741   5.764   1.773 0.0978
1418      0.972   5.579  -0.004   0.156   6.784   0.120   0.996   8.039  -0.084  -0.603   6.832   1.640  -1.938   6.154   1.554 0.0946
352       0.312   4.628   1.389  -0.625   5.239   2.328  -0.555   6.760   2.260  -0.307   4.711   3.912  -1.108   3.475   4.197 0.1512
255       1.385   5.646  -0.601   0.756   6.905  -0.212   0.967   7.976  -1.275   1.370   7.438   1.282   0.531   6.882   2.394 0.1338
615       1.601   5.161   1.458   1.277   6.048   2.572   2.001   7.383   2.440   1.675   5.313   4.052   0.495   4.539   4.559 0.1148
89       -0.513   4.639  -0.637  -1.268   5.773  -0.113  -2.612   5.910  -0.820  -0.373   7.209  -0.278   0.457   7.425   0.953 0.2404
61       -0.572   4.654   0.260  -1.875   5.301   0.384  -1.902   6.256   1.571  -3.102   4.136   0.545  -3.618   3.762  -0.813 0.3027
11        1.113   3.539  -3.351   1.697   2.208  -3.486   3.220   2.274  -3.480   1.152   1.462  -4.914  -0.099   0.687  -4.626 0.4915
198       2.130   4.781  -1.133   1.566   5.988  -1.728   2.596   7.110  -1.776   0.194   6.493  -0.860  -1.030   5.851  -1.441 0.1696
75        3.465   4.001   0.866   4.800   4.081   1.452   5.185   5.527   1.743   5.946   3.369   0.418   6.083   1.913   0.752 0.2557
103      -0.087   4.143   1.183  -0.458   4.963   2.333  -0.603   4.112   3.589  -1.907   5.797   2.023  -1.596   7.127   1.404 0.2623
717       1.524   5.535   0.852   1.069   6.752   1.518   1.814   7.975   0.997   1.274   6.618   3.201   0.033   6.036   3.811 0.1132
1154      1.445   5.534  -0.421   0.879   6.879  -0.454   1.522   7.719  -1.552   1.075   7.642   1.053  -0.118   7.356   1.916 0.1142
755       1.265   5.604   1.062   0.788   6.848   1.660   1.176   8.051   0.808   1.405   7.025   3.234   0.458   6.400   4.216 0.1249
275       0.490   5.613  -0.430  -0.418   6.738  -0.631   0.109   7.997   0.046  -1.967   6.363  -0.040  -2.783   5.741  -1.134 0.1463
215       2.309   4.539   2.199   2.602   5.096   3.517   2.855   6.597   3.435   3.946   4.315   4.206   3.482   3.135   5.006 0.1401
128       0.565   4.974   0.789  -0.271   5.986   1.428   0.316   6.418   2.766  -1.852   5.399   1.646  -2.680   5.733   0.442 0.2402
115       3.091   4.329   1.519   3.988   4.769   2.584   4.085   6.290   2.628   5.533   4.092   2.376   5.607   2.781   3.100 0.1822
21        3.020   2.618  -1.815   4.258   2.581  -2.588   4.164   1.572  -3.727   5.575   2.203  -1.582   6.166   3.468  -1.035 0.3052
539       0.128   4.984   1.291  -0.895   5.685   2.061  -0.424   7.080   2.456  -1.307   4.794   3.449  -2.441   3.866   3.128 0.1229
212       2.712   4.354   1.324   3.280   4.665   2.632   4.277   5.815   2.538   4.034   3.292   3.293   3.040   2.520   4.109 0.1852
594       1.801   5.226   0.455   1.390   6.363   1.273   2.027   7.655   0.775   1.799   6.102   2.902   0.661   5.419   3.600 0.1093
205       1.113   5.621  -1.488   0.590   6.771  -2.220   1.618   7.894  -2.284  -0.843   7.332  -1.496  -2.020   6.634  -2.109 0.1462
121      -0.012   4.211   1.363  -0.215   4.867   2.652  -1.245   4.121   3.492  -0.705   6.480   2.426   0.504   7.366   2.368 0.2455
807       1.265   5.381   0.992   0.623   6.395   1.824   1.415   7.697   1.810   0.452   5.833   3.419  -0.868   5.136   3.565 0.1058
74        1.834   4.689  -1.121   1.083   5.737  -1.807   1.494   7.119  -1.313  -0.588   5.511  -1.584  -1.127   4.652  -2.689 0.2390
1135      1.401   5.667  -0.498   0.892   7.024  -0.669   1.898   7.899  -1.408   0.517   7.712   0.840  -0.911   7.413   1.186 0.1098
510       0.813   5.110   1.325   0.025   5.888   2.276   0.693   7.224   2.580  -0.205   5.011   3.714  -1.463   4.200   3.610 0.1120
265       2.119   5.116   0.909   2.132   6.255   1.821   2.705   7.495   1.144   3.028   5.887   3.218   2.119   5.296   4.254 0.1519
50        2.864   2.292  -2.795   3.323   2.644  -4.136   3.038   4.109  -4.446   2.584   1.647  -5.298   3.431   0.430  -5.523 0.3188
429       0.371   4.916   1.311  -0.529   5.691   2.160  -0.628   7.134   1.681  -0.003   5.649   3.777  -0.636   4.484   4.478 0.1328
23        1.886   2.616  -2.672   2.678   2.453  -3.888   4.125   2.105  -3.559   2.618   3.868  -4.829   1.464   3.785  -5.784 0.3893
476       1.440   4.812   1.647   1.063   5.383   2.937   1.576   6.812   3.076   1.658   4.424   4.208   0.637   3.386   4.571 0.1150
497       1.207   4.768   1.717   0.721   5.351   2.964   1.428   6.667   3.267   0.939   4.262   4.252  -0.281   3.400   4.390 0.1283
796       1.623   4.954   0.274   1.013   6.148   0.852   1.684   7.414   0.332   1.100   6.097   2.549  -0.126   5.427   3.093 0.1129
88        2.022   2.876  -2.442   3.117   2.560  -3.355   3.325   3.678  -4.370   2.816   1.092  -4.158   3.392  -0.041  -3.361 0.2083
784       1.314   4.930   0.582   0.578   5.957   1.314   1.167   7.340   1.061   0.582   5.617   2.980  -0.611   4.774   3.321 0.1057
491       0.929   4.756   0.706   0.061   5.660   1.457   0.599   7.086   1.429  -0.100   5.129   3.064  -1.276   4.203   3.169 0.1222
853       1.025   5.785  -0.696   0.199   6.989  -0.689   0.841   8.100  -1.512  -0.061   7.521   0.905  -1.304   6.883   1.449 0.1044
279       0.676   5.024   0.642  -0.260   5.953   1.270   0.477   6.991   2.109  -1.376   5.109   2.235  -2.574   4.743   1.410 0.1528
489       0.976   5.677  -0.420   0.157   6.885  -0.460   1.004   8.130  -0.228  -1.083   6.798   0.700  -2.299   6.170   0.086 0.1056
371       1.969   4.624   1.667   1.953   5.128   3.038   2.644   6.483   3.132   2.699   4.018   4.087   1.672   3.063   4.618 0.1321
473       1.287   4.904   1.042   0.692   5.774   2.053   0.678   7.225   1.587   1.538   5.641   3.522   0.925   4.556   4.355 0.1212
30        3.347   4.301  -1.075   4.728   4.386  -1.541   4.881   5.459  -2.612   5.244   2.882  -2.144   5.857   2.082  -1.033 0.3144
23        3.260   2.638   1.476   3.964   3.227   2.612   4.119   2.218   3.744   3.142   4.607   3.169   3.658   5.819   2.452 0.2413
280       2.008   5.055   0.459   1.666   6.204   1.292   1.493   7.462   0.448   2.860   6.455   2.476   2.509   5.682   3.712 0.1457
126       2.360   3.899   1.931   2.716   3.979   3.345   3.139   5.393   3.725   3.963   2.880   3.705   3.368   1.566   4.114 0.2030
1070      1.292   5.242   0.319   0.579   6.410   0.829   1.526   7.587   1.030  -0.204   6.035   2.291  -1.589   5.538   2.003 0.1142
715       1.023   5.760  -0.222   0.190   6.954  -0.119   0.965   8.201  -0.529  -0.403   7.130   1.465  -1.719   6.421   1.588 0.1026
552       0.660   5.692  -0.001  -0.201   6.869   0.077   0.548   8.059   0.666  -1.584   6.532   1.008  -2.673   6.016   0.115 0.1199
902       0.892   5.643   0.749   0.116   6.692   1.405   0.444   8.062   0.823   0.407   6.685   3.080  -0.581   5.781   3.755 0.1138
1060      1.736   5.400  -0.175   1.217   6.753   0.008   2.143   7.786  -0.624   1.011   7.090   1.662  -0.374   6.696   2.084 0.1098
1569      0.732   5.297   0.486  -0.211   6.332   0.901   0.440   7.710   0.871  -0.806   6.002   2.459  -2.048   5.168   2.353 0.0979
163       0.353   5.537   0.735  -0.520   6.604   1.216  -1.234   6.193   2.499  -1.658   7.023   0.024  -1.099   8.115  -0.839 0.1882
1129      0.834   5.720   0.006   0.063   6.959   0.032   0.979   8.174   0.114  -1.020   6.956   1.342  -2.328   6.362   0.909 0.1038
677       1.132   5.213   1.429   0.532   6.009   2.496   1.104   7.421   2.515   0.775   5.260   4.003  -0.370   4.336   4.294 0.1106
1171      1.601   5.485  -0.467   1.085   6.850  -0.501   2.168   7.837  -0.921   0.457   7.285   1.018  -0.998   6.928   1.079 0.1080
508       1.329   5.039   1.536   0.957   5.691   2.788   1.155   7.200   2.701   1.863   5.057   4.079   1.134   3.892   4.678 0.1176
251       1.240   5.662  -0.968   0.546   6.929  -1.179   1.166   8.041  -0.340  -1.106   6.770  -0.808  -1.858   6.359  -2.039 0.1502
264       1.764   4.845   1.665   1.656   5.490   2.971   0.880   6.798   2.875   3.201   5.774   3.621   3.625   4.592   4.440 0.1684
124       2.924   2.621  -2.132   4.313   2.382  -2.515   4.941   3.635  -3.112   4.409   1.096  -3.624   4.581  -0.194  -2.879 0.1945
176       2.482   4.697   1.839   2.841   5.422   3.055   2.613   6.920   2.888   4.462   5.122   3.468   4.535   3.929   4.374 0.1612
326       2.181   5.059   0.474   2.047   6.250   1.308   2.935   7.380   0.799   2.433   5.888   2.924   1.193   5.459   3.650 0.1359
215       1.073   4.843   1.597   0.528   5.563   2.744  -0.032   6.918   2.326   1.722   5.769   3.937   1.691   4.604   4.882 0.1662
1268      1.085   5.769  -0.429   0.354   7.025  -0.563   1.294   8.175  -0.907  -0.495   7.374   0.868  -1.867   6.775   0.795 0.1093
88       -0.440   4.681   1.403  -1.599   5.149   2.159  -1.330   6.511   2.788  -2.016   4.023   3.363  -3.002   3.039   2.807 0.2284
459       1.268   4.681   1.130   0.666   5.524   2.159   1.090   6.979   1.993   1.091   4.966   3.707   0.070   3.973   4.178 0.1166
1022      0.935   5.033   0.708   0.097   6.020   1.383   0.724   7.408   1.320  -0.162   5.569   3.002  -1.396   4.723   3.094 0.0999
105       1.032   4.917   0.706   0.296   5.894   1.503  -0.065   5.327   2.870  -1.111   6.388   0.686  -0.801   7.583  -0.166 0.1970
1396      1.492   5.181  -0.003   0.870   6.468   0.297   1.641   7.613  -0.351   0.777   6.706   1.978  -0.525   6.162   2.487 0.1098
1215      0.577   5.420   0.703  -0.298   6.465   1.227  -0.350   7.661   0.283   0.226   6.960   2.766  -0.444   6.124   3.816 0.1213
124       0.197   4.486  -0.037  -0.255   5.542   0.865  -1.575   5.169   1.529  -0.420   7.010   0.024   0.875   7.766   0.078 0.2179
145       2.939   4.215   1.301   3.750   4.388   2.503   3.410   5.695   3.210   5.404   4.348   2.114   5.904   2.937   2.198 0.2199
471       1.202   4.767   1.409   0.706   5.637   2.472   1.550   6.900   2.586   0.691   4.809   3.957  -0.634   4.132   4.139 0.1277
26        3.078   3.029   1.608   4.257   3.049   2.470   5.384   3.859   1.840   4.785   1.465   2.790   4.110   0.954   4.028 0.3473
558       1.085   5.138   0.485   0.315   6.202   1.124   0.273   7.450   0.250   0.972   6.578   2.646   0.323   5.724   3.695 0.1209
997       1.329   5.449   0.200   0.560   6.644   0.537   1.373   7.908   0.284   0.058   6.588   2.160  -1.283   5.921   2.246 0.0940
1190      1.092   5.538   0.216   0.339   6.747   0.537   0.714   7.891  -0.397   0.606   7.201   2.153  -0.417   6.547   3.033 0.1024
1799      1.369   5.294   0.433   0.614   6.431   0.952   1.262   7.751   0.548   0.489   6.337   2.645  -0.750   5.577   3.013 0.1006
1046      1.514   5.387  -0.310   0.885   6.701  -0.206   1.904   7.815  -0.416   0.130   6.879   1.307  -1.291   6.406   1.215 0.1058
222       0.977   5.431   1.248   0.407   6.314   2.261  -0.670   7.211   1.663   1.625   7.261   2.976   2.179   6.544   4.171 0.1748
43        3.378   2.594   1.652   4.564   2.454   2.492   4.213   1.829   3.837   5.306   3.966   2.728   6.319   4.199   1.647 0.3760
296       0.025   5.475   0.393  -1.019   6.481   0.557  -0.526   7.652   1.400  -2.401   5.792   1.268  -3.314   5.280   0.194 0.1471
525       1.305   5.673  -1.192   0.604   6.939  -1.391   1.369   7.845  -2.348   0.370   7.727   0.097  -0.941   7.301   0.688 0.1003
466       0.310   5.497   0.807  -0.529   6.622   1.208   0.317   7.790   1.702  -1.626   6.144   2.416  -2.893   5.658   1.777 0.1302
1215      0.572   5.706   0.264  -0.297   6.855   0.502  -0.468   7.686  -0.764   0.326   7.821   1.755  -0.230   7.357   3.068 0.1178
577       1.624   4.757   1.759   1.392   5.560   2.957   1.701   7.030   2.700   2.334   4.983   4.249   1.559   3.950   5.011 0.1162
1525      0.993   5.214   0.672   0.140   6.240   1.263   0.708   7.633   1.021  -0.046   5.968   2.931  -1.242   5.093   3.165 0.0938
729       0.125   4.892   0.956  -0.924   5.684   1.592  -0.567   7.165   1.596  -1.192   5.144   3.182  -2.248   4.079   3.177 0.1261
327       1.350   5.223   1.394   1.056   5.929   2.638   0.934   7.430   2.402   2.260   5.617   3.797   1.878   4.410   4.602 0.1290
199       1.305   4.384   1.948   0.959   4.828   3.295   0.832   6.345   3.357   2.124   4.294   4.413   1.725   2.951   4.948 0.1472
530       1.069   5.725  -1.295   0.400   6.916  -1.810   1.406   7.900  -2.396  -0.503   7.667  -0.580  -1.895   7.110  -0.570 0.1136
1235      0.992   5.755  -0.159   0.241   7.007  -0.124   0.728   7.968  -1.202   0.371   7.733   1.408  -0.744   7.250   2.287 0.1020
178       1.895   4.427   1.507   1.795   4.846   2.902   2.800   5.947   3.218   2.037   3.520   3.938   0.719   2.865   4.228 0.1919
26        4.938   2.341  -0.106   6.331   1.923   0.013   7.164   2.447  -1.151   6.437   0.227   0.088   6.370  -0.215   1.520 0.3228
16        3.380   2.819  -1.027   4.711   2.861  -1.627   5.384   1.495  -1.565   5.677   4.023  -0.850   5.521   5.346  -1.540 0.3806
1215      1.216   5.620   0.046   0.489   6.872   0.239   1.235   8.042  -0.390   0.239   7.162   1.896  -1.062   6.550   2.320 0.0944
972       0.696   5.853  -0.027  -0.160   7.009   0.220   0.204   8.169  -0.700  -0.045   7.496   1.845  -1.084   6.780   2.657 0.1064
12       -0.988   0.607  -3.829  -0.840  -0.460  -4.814  -0.209   0.063  -6.099  -2.348  -1.169  -5.151  -2.583  -2.314  -4.212 0.4810
945       0.602   5.488   0.811  -0.302   6.482   1.384   0.419   7.802   1.630  -0.975   5.905   2.835  -2.252   5.178   2.540 0.1091
1849      1.120   5.436   0.302   0.361   6.630   0.662   0.967   7.877   0.028   0.299   6.806   2.352  -0.911   6.096   2.884 0.0982
287      -0.640   4.547  -0.858  -1.481   5.718  -0.627  -2.834   5.316  -0.052  -1.697   6.589  -2.071  -0.613   7.617  -2.201 0.1661
1616      1.032   5.777  -0.470   0.292   7.028  -0.607   1.108   8.067  -1.367  -0.141   7.631   0.923  -1.485   7.089   1.312 0.1071
692      -0.202   5.034   0.738  -1.272   5.952   1.120  -0.764   7.387   1.189  -1.939   5.496   2.615  -3.079   4.549   2.386 0.1346
1174      1.397   5.579   0.312   0.799   6.854   0.696   1.746   8.013   0.407   0.379   6.840   2.343  -1.026   6.340   2.497 0.1060
103       3.195   2.596  -1.991   4.620   2.517  -2.301   4.941   3.255  -3.595   5.113   0.894  -2.416   5.563   0.412  -1.069 0.2002
203       0.540   5.658   0.914  -0.283   6.666   1.575  -1.140   7.423   0.567   0.693   7.754   2.443   0.882   7.250   3.843 0.1288
625       0.718   5.043   0.294  -0.162   6.139   0.689   0.617   7.438   0.850  -0.969   5.759   2.137  -2.264   5.071   1.823 0.1257
765       0.961   5.377   1.320   0.345   6.269   2.298   0.686   7.726   2.004   0.843   5.860   3.871  -0.109   4.859   4.453 0.1105
1211      0.753   5.684   0.425  -0.129   6.780   0.815   0.522   8.132   0.545  -0.544   6.652   2.459  -1.794   5.835   2.597 0.1076
2157      1.054   5.358   0.289   0.226   6.509   0.637   0.967   7.816   0.383  -0.259   6.421   2.265  -1.561   5.683   2.360 0.0911
694       0.517   5.505   1.087  -0.314   6.498   1.762  -0.772   7.581   0.793   0.535   7.198   3.059   0.285   6.404   4.307 0.1256
1448      0.573   5.416   1.020  -0.329   6.338   1.706   0.212   7.762   1.670  -0.569   5.846   3.315  -1.749   4.923   3.385 0.1109
2001      0.854   5.169   1.335   0.093   6.052   2.214   0.520   7.504   2.037   0.285   5.582   3.837  -0.784   4.595   4.201 0.1122
45        1.985   2.770  -2.357   3.036   2.552  -3.347   2.522   2.808  -4.759   3.647   0.970  -3.226   4.797   0.950  -2.264 0.2503
1317      0.850   5.381  -0.119   0.046   6.597  -0.023   0.931   7.836   0.036  -0.962   6.535   1.344  -2.274   5.913   0.970 0.1054
1167      0.249   5.429   0.446  -0.745   6.467   0.706  -0.086   7.834   0.847  -1.633   6.100   2.109  -2.839   5.290   1.740 0.1046
724       0.716   5.746   0.788   0.014   6.975   1.147   0.094   8.001   0.022   0.655   7.629   2.579  -0.087   7.074   3.758 0.1177
792       0.634   5.808  -0.240  -0.275   6.920   0.021   0.193   8.189  -0.681  -0.412   7.195   1.693  -1.541   6.376   2.244 0.1024
511       1.472   5.527   0.911   1.143   6.739   1.654   1.757   7.970   0.997   1.675   6.611   3.264   0.586   6.015   4.105 0.1175
2377      0.896   5.195   0.470   0.052   6.281   0.960   0.511   7.625   0.406   0.059   6.318   2.660  -1.054   5.459   3.183 0.1051
55        1.160   4.058   1.751   1.020   4.750   3.029   2.341   4.773   3.789  -0.184   4.011   3.975  -1.509   4.652   3.687 0.3176
649       0.438   5.095   0.651  -0.521   6.056   1.188  -0.476   7.369   0.414  -0.217   6.341   2.836  -1.001   5.367   3.665 0.1255
1590      0.861   5.467   0.899   0.062   6.515   1.529   0.599   7.898   1.183   0.033   6.305   3.216  -1.132   5.439   3.593 0.1042
519       0.534   5.227   1.339  -0.241   5.969   2.329  -0.165   7.470   2.073   0.310   5.617   3.899  -0.452   4.445   4.444 0.1180
248       0.635   5.705  -0.030  -0.164   6.924   0.065   0.469   7.921   1.028  -1.748   6.558   0.561  -2.604   6.305  -0.644 0.1425
425       0.527   5.169   1.415  -0.270   6.018   2.296  -0.683   7.305   1.591   0.596   6.381   3.713   0.309   5.340   4.754 0.1304
310       0.132   5.720   0.623  -0.851   6.745   0.963  -1.399   7.417  -0.291  -0.162   7.909   1.993  -0.367   7.496   3.421 0.1221
1803      0.974   5.616   0.042   0.244   6.877   0.131   1.129   8.052  -0.268  -0.355   7.106   1.706  -1.728   6.512   1.809 0.0942
15        3.115   4.372   1.150   4.244   4.520   2.063   5.152   3.296   2.017   3.693   4.777   3.651   3.537   6.249   3.893 0.2932
12       -1.059   1.391  -3.436  -1.310   1.251  -4.867  -0.239   0.393  -5.530  -1.377   2.778  -5.611  -2.790   3.280  -5.595 0.4893
1037      1.254   5.674   0.583   0.775   6.995   0.979   1.504   8.095   0.216   0.970   7.219   2.653  -0.265   6.756   3.367 0.1165
1708      0.576   5.633   0.408  -0.271   6.788   0.688  -0.109   7.861  -0.382   0.091   7.432   2.220  -0.771   6.775   3.256 0.1117
647       1.544   4.983   0.705   1.064   6.092   1.524   2.034   7.268   1.479   0.834   5.587   3.131  -0.570   5.089   3.302 0.1092
513       1.564   5.286   0.237   1.066   6.525   0.829   2.171   7.571   0.922   0.416   6.225   2.371  -1.045   5.910   2.245 0.1158
2579      0.642   5.372   0.554  -0.212   6.482   0.969   0.128   7.753   0.200  -0.063   6.753   2.641  -1.082   5.931   3.373 0.1154
1540      0.863   5.774  -0.387   0.274   7.084  -0.652   1.334   8.082  -1.101  -0.526   7.664   0.732  -1.957   7.215   0.708 0.1219
1303      1.115   5.078   0.211   0.333   6.236   0.635   1.094   7.533   0.385  -0.074   6.106   2.281  -1.388   5.395   2.416 0.1022
673      -0.066   4.994   0.905  -1.129   5.858   1.410  -0.992   7.274   0.861  -1.113   5.888   3.109  -1.996   4.797   3.637 0.1374
2809      0.380   5.136   0.827  -0.560   6.112   1.372  -0.102   7.536   1.079  -0.740   5.891   3.048  -1.864   4.932   3.307 0.1147
1196      0.904   5.296  -0.039   0.116   6.517   0.106   0.476   7.532  -0.972   0.351   7.195   1.647  -0.668   6.640   2.598 0.1191
405       0.674   4.805   0.662  -0.231   5.743   1.320   0.026   7.172   0.854  -0.066   5.642   3.009  -1.025   4.620   3.544 0.1248
974       0.857   5.631  -0.384   0.239   6.942  -0.563   1.294   8.039  -0.649  -0.839   7.269   0.711  -2.207   6.774   0.347 0.1182
2078      0.996   5.758  -0.383   0.326   7.047  -0.526   1.083   7.955  -1.488   0.165   7.804   0.987  -1.136   7.400   1.613 0.1095
2549      0.958   5.610   0.060   0.208   6.855   0.198   0.850   7.975  -0.612   0.102   7.305   1.834  -1.132   6.704   2.439 0.1049
730       1.826   5.156   0.367   1.461   6.384   1.068   2.480   7.487   0.810   1.326   6.094   2.738  -0.084   5.701   3.065 0.1111
35       -0.627   3.926   1.215  -1.242   4.588   2.363  -0.602   4.129   3.668  -2.915   4.285   2.396  -3.631   5.354   1.624 0.3260
1923      1.006   5.603   0.900   0.370   6.796   1.452   1.092   8.061   1.001   0.335   6.719   3.150  -0.935   6.056   3.594 0.1122
716       0.788   5.494   1.289   0.124   6.589   1.991   0.054   7.837   1.120   0.933   6.937   3.445   0.349   6.112   4.553 0.1166
3082      0.914   5.470   0.348   0.118   6.650   0.673   0.809   7.925   0.204  -0.174   6.727   2.346  -1.448   6.001   2.665 0.0944
1740      0.177   5.247   0.346  -0.763   6.340   0.577  -0.097   7.693   0.356  -1.399   6.253   2.152  -2.646   5.421   2.142 0.1155
1491      0.304   5.255   1.278  -0.572   6.195   1.971  -0.397   7.609   1.432  -0.268   6.167   3.644  -1.149   5.143   4.296 0.1257
747       0.741   4.788   1.850   0.110   5.517   2.947   0.344   7.017   2.815   0.698   4.964   4.443  -0.164   3.839   4.934 0.1182
190      -0.013   4.731   1.077  -1.103   5.365   1.812  -1.286   6.816   1.380  -0.815   5.287   3.485  -1.415   4.028   4.037 0.1808
1303      0.938   5.722   0.178   0.246   6.993   0.376   1.219   8.164   0.307  -0.569   6.998   1.868  -1.962   6.475   1.679 0.1028
574      -0.044   5.362   0.552  -1.124   6.293   0.866  -0.578   7.682   1.175  -2.038   5.720   2.181  -3.163   4.868   1.674 0.1122
771       0.171   4.989   1.531  -0.758   5.660   2.436  -0.445   7.148   2.540  -0.706   4.944   3.978  -1.716   3.838   4.049 0.1226
1103      0.531   5.199   1.053  -0.307   6.164   1.758   0.407   7.502   1.912  -0.751   5.561   3.285  -2.038   4.801   3.168 0.1075
1788      0.995   5.186   1.337   0.394   6.228   2.165   0.917   7.606   1.776   0.702   5.930   3.810  -0.402   5.091   4.381 0.1071
25       -1.494   2.342  -3.338  -1.464   2.564  -4.781  -2.542   3.554  -5.206  -1.662   1.094  -5.612  -0.318   0.475  -5.861 0.3624
3415      0.748   5.280   0.568  -0.098   6.374   1.036   0.554   7.726   0.768  -0.424   6.203   2.696  -1.675   5.397   2.879 0.0944
544       0.390   5.650  -0.010  -0.371   6.894  -0.081   0.516   8.098   0.213  -1.677   6.853   1.008  -2.884   6.286   0.320 0.1235
761       0.746   4.986   1.575   0.059   5.685   2.657   0.450   7.158   2.694   0.406   4.952   4.152  -0.612   3.888   4.435 0.1090
502       0.565   5.862  -0.084  -0.282   7.004   0.245  -0.242   8.053  -0.860   0.200   7.695   1.722  -0.549   7.044   2.846 0.1105
2146      0.700   5.552   0.970  -0.034   6.692   1.510   0.342   7.980   0.785   0.263   6.854   3.176  -0.755   6.065   3.944 0.1169
899       1.099   5.294   1.492   0.591   6.262   2.459   1.387   7.561   2.405   0.640   5.613   4.030  -0.654   4.913   4.322 0.1147
744       0.502   5.766  -0.533  -0.408   6.900  -0.668   0.360   8.193  -0.918  -1.374   7.054   0.722  -2.631   6.256   0.548 0.1107
2916      0.811   5.434   0.162   0.008   6.634   0.374   0.816   7.893   0.083  -0.586   6.678   1.966  -1.920   5.994   2.021 0.0919
2236      0.592   5.763  -0.131  -0.209   6.982  -0.171   0.150   7.836  -1.381   0.002   7.878   1.259  -1.020   7.454   2.271 0.1170
2922      0.454   5.497   0.750  -0.436   6.571   1.183   0.236   7.931   1.041  -0.921   6.325   2.794  -2.182   5.514   2.819 0.1070
1697      0.312   5.780   0.071  -0.618   6.899   0.191   0.037   8.206  -0.240  -1.186   7.030   1.789  -2.432   6.211   1.945 0.1095
1515      0.270   5.631   0.173  -0.531   6.852   0.177   0.343   8.082  -0.036  -1.391   6.993   1.637  -2.729   6.330   1.495 0.1155
437       1.368   5.500  -0.756   1.005   6.876  -1.081   2.189   7.632  -1.672   0.431   7.681   0.302  -1.054   7.503   0.405 0.1227
2595      0.758   5.754   0.088   0.040   7.023   0.165   0.891   8.169  -0.369  -0.429   7.343   1.768  -1.790   6.764   2.016 0.1078
2052      0.413   5.689   0.311  -0.389   6.906   0.399   0.160   7.992  -0.519  -0.439   7.469   2.003  -1.613   6.859   2.709 0.1147
2555      0.444   5.279   0.315  -0.413   6.436   0.557   0.157   7.689  -0.098  -0.609   6.690   2.227  -1.806   5.928   2.711 0.1139
3054      0.485   5.537   0.545  -0.302   6.735   0.822   0.380   7.980   0.266  -0.554   6.906   2.494  -1.820   6.203   2.883 0.1078
378       1.580   5.186   2.192   1.403   6.164   3.262   1.659   7.580   2.759   2.436   5.812   4.565   1.735   4.900   5.527 0.1218
3527      0.449   5.322   1.000  -0.374   6.383   1.573   0.171   7.759   1.207  -0.460   6.220   3.263  -1.636   5.361   3.623 0.1114
1483      0.188   5.744   0.123  -0.779   6.825   0.291  -0.362   8.063  -0.495  -0.955   7.213   1.937  -2.053   6.381   2.532 0.1148
606       1.108   5.361   1.780   0.664   6.317   2.790   1.271   7.694   2.546   1.071   5.769   4.347  -0.053   4.942   4.896 0.1168
2055      1.042   5.380  -0.087   0.429   6.701   0.011   1.357   7.779  -0.537   0.021   7.048   1.625  -1.376   6.577   1.900 0.1003
22       -2.376   1.947  -2.343  -2.713   1.669  -3.736  -4.169   2.012  -4.029  -2.413   0.036  -4.104  -1.006  -0.114  -4.602 0.3996
321       0.124   5.168   0.321  -0.810   6.269   0.537  -0.068   7.569   0.824  -1.868   5.907   1.818  -3.087   5.217   1.280 0.1351
806       0.046   5.290   0.989  -0.980   6.113   1.623  -0.527   7.564   1.737  -1.366   5.500   3.161  -2.488   4.513   3.039 0.1116
1341      0.313   5.681   0.704  -0.554   6.783   1.110   0.217   8.097   1.160  -1.254   6.459   2.625  -2.558   5.744   2.431 0.1085
1189      0.368   5.345  -0.026  -0.426   6.570  -0.030   0.369   7.737  -0.603  -0.952   6.940   1.544  -2.282   6.293   1.791 0.1172
599       0.243   5.671   0.998  -0.636   6.605   1.695  -0.651   7.964   1.006  -0.152   6.778   3.316  -0.860   5.761   4.161 0.1245
1298      0.280   5.879  -0.371  -0.590   7.038  -0.552  -0.027   7.987  -1.603  -0.800   7.859   0.922  -1.993   7.302   1.639 0.1184
680       0.086   5.542   0.370  -0.905   6.603   0.528  -0.911   7.532  -0.680  -0.601   7.492   1.945  -1.344   6.875   3.092 0.1342
339       0.695   5.790  -0.802   0.159   7.050  -1.307   1.273   8.061  -1.554  -0.978   7.691  -0.218  -2.345   7.179  -0.563 0.1240
1783      0.494   5.727   0.327  -0.181   7.020   0.384   0.639   8.098  -0.315  -0.474   7.466   1.998  -1.816   6.949   2.424 0.1177
1425      0.372   5.327   0.244  -0.441   6.525   0.432   0.411   7.786   0.347  -1.249   6.465   1.927  -2.584   5.805   1.749 0.1089
TOTRMS: 0.1218
cutoff: 0.2
BEFORE: 1058 0.11242204051056334
AFTER: 400 0.12182064862695034
