15       -1.671   5.207   3.869  -3.004   4.741   3.499  -3.609   3.876   4.598  -2.943   3.870   2.039  -3.147   4.809   0.888 0.2217
17       -0.851   3.567   5.960  -0.640   2.412   6.827  -1.933   1.630   7.025  -0.021   2.906   8.332   1.478   2.913   8.278 0.3657
79        3.292  -0.207   3.742   3.082  -1.477   4.431   2.723  -2.583   3.446   1.861  -1.321   5.604   2.473  -0.919   6.913 0.2266
5        -5.949   4.432   1.339  -6.913   3.379   1.033  -6.710   2.169   1.938  -6.788   2.915  -0.598  -7.713   3.754  -1.428 0.3243
34       -3.178   3.268   5.543  -4.228   2.296   5.839  -5.130   2.788   6.964  -3.546   0.794   6.252  -3.377  -0.035   5.014 0.3339
42       -2.352   6.191   0.144  -3.449   5.321  -0.272  -4.148   4.705   0.934  -2.878   4.097  -1.304  -2.950   4.568  -2.726 0.2697
17       -2.864   4.087   2.848  -3.396   2.727   2.833  -4.198   2.465   1.564  -4.365   2.454   4.203  -3.517   1.918   5.317 0.3575
34       -2.828   5.603   0.278  -3.817   4.571  -0.021  -4.667   4.254   1.204  -3.052   3.160  -0.581  -2.926   3.218  -2.074 0.2511
11       -4.122   7.184   2.474  -5.481   6.656   2.548  -5.691   5.858   3.830  -5.814   5.682   1.194  -6.395   6.528   0.101 0.4106
31       -5.624   3.108   2.701  -6.774   2.518   2.021  -7.924   2.282   2.992  -6.334   1.057   1.272  -5.874   1.331  -0.129 0.2828
19       -3.669   6.903   4.396  -4.854   6.324   5.023  -5.382   7.224   6.134  -4.503   4.779   5.642  -4.775   3.746   4.590 0.3693
23       -5.513   4.646   0.695  -6.395   3.492   0.547  -7.759   3.759   1.172  -5.691   2.113   1.250  -4.870   1.391   0.223 0.2866
65       -3.115   6.736   1.416  -4.267   5.910   1.069  -5.315   5.936   2.177  -3.781   4.309   0.765  -3.457   4.153  -0.691 0.2593
22       -5.441   2.846   2.523  -6.435   2.244   1.640  -7.508   1.513   2.438  -5.689   1.173   0.549  -5.299   1.917  -0.693 0.3579
6        -1.692   0.097   5.449  -2.689  -0.967   5.367  -2.523  -1.964   6.507  -2.581  -1.767   3.871  -3.480  -1.094   2.877 0.2279
26       -3.862   3.188   5.188  -5.137   2.483   5.278  -5.589   2.350   6.727  -5.016   0.945   4.562  -5.377   1.041   3.109 0.2981
9        -1.571   7.018   3.183  -1.192   6.231   4.353  -1.175   7.091   5.611   0.331   5.513   4.117   0.156   4.163   3.489 0.3948
34        2.768  -0.410   4.664   2.507  -1.293   5.797   3.264  -2.608   5.654   0.840  -1.592   5.944   0.223  -0.558   6.839 0.2601
21       -3.517   0.250  -3.033  -2.983  -1.108  -2.988  -2.499  -1.553  -4.364  -4.158  -2.189  -2.405  -4.049  -2.289  -0.913 0.2336
8         1.427   1.408  -4.137   0.349   0.551  -4.620   0.866  -0.464  -5.633  -0.889   1.488  -5.314  -1.892   1.851  -4.259 0.4240
95        2.521  -0.264   4.082   2.058  -1.536   4.628   2.110  -2.637   3.575   0.476  -1.381   5.233   0.530  -0.986   6.678 0.2394
115      -2.685   4.049  -3.530  -2.791   2.875  -4.392  -2.342   1.615  -3.661  -1.868   3.090  -5.804  -2.719   3.723  -6.865 0.1681
148      -3.456   3.824  -2.406  -3.578   2.736  -3.373  -3.033   1.432  -2.802  -2.763   3.128  -4.813  -3.707   3.823  -5.748 0.1629
28       -3.874   4.301   1.408  -4.830   3.264   1.030  -4.718   2.928  -0.452  -6.415   3.754   1.400  -6.763   3.315   2.791 0.3440
86        3.987   0.605   2.772   3.311  -0.255   3.740   3.049  -1.638   3.156   1.849   0.453   4.243   2.098   1.310   5.448 0.2383
12       -2.826   3.280   7.099  -4.165   3.269   7.680  -4.108   3.070   9.190  -5.112   2.050   6.966  -5.828   2.608   5.772 0.3724
17       -1.591   1.537   6.372  -2.888   0.891   6.547  -2.818  -0.203   7.606  -3.431   0.241   5.073  -4.244   1.268   4.342 0.3569
20       -5.215   2.101   1.787  -5.892   1.389   0.708  -7.038   0.539   1.244  -4.790   0.411  -0.141  -4.195   1.195  -1.273 0.3103
44       -3.121   5.741   1.046  -4.200   4.802   0.755  -5.180   4.712   1.919  -3.568   3.263   0.404  -3.314   3.151  -1.070 0.2421
157      -2.300   6.556   0.131  -3.510   5.791  -0.154  -4.482   5.844   1.020  -3.121   4.177  -0.516  -2.900   4.035  -1.993 0.2275
11       -1.061   5.966   4.282  -2.322   5.408   4.762  -2.144   3.967   5.226  -3.507   5.487   3.545  -4.248   6.787   3.652 0.4635
5         5.180  -0.272   2.322   5.567  -1.565   2.878   4.813  -2.702   2.200   5.286  -1.597   4.555   6.512  -1.122   5.276 0.1679
9        -2.478   8.071   2.807  -3.763   7.517   3.225  -3.887   7.504   4.744  -3.960   5.945   2.610  -4.629   6.012   1.269 0.4286
21       -1.768   0.601   6.163  -2.450  -0.688   6.217  -3.131  -0.893   7.565  -1.354  -1.953   5.919  -1.310  -2.241   4.448 0.4001
6        -0.778   0.664   5.321  -0.797  -0.692   4.779  -1.198  -1.704   5.845   0.725  -1.094   4.135   0.774  -0.708   2.687 0.2528
22        5.189   1.857   0.206   5.734   2.277   1.494   5.340   1.305   2.600   5.204   3.846   1.879   6.180   4.849   1.342 0.3295
84        4.228  -2.164   3.477   4.119  -3.543   3.010   3.653  -4.466   4.130   5.610  -4.080   2.394   5.681  -3.779   0.926 0.1757
32       -1.370   0.968  -4.970  -1.407  -0.336  -4.314  -1.156  -1.460  -5.313  -2.903  -0.568  -3.539  -2.819  -0.062  -2.130 0.2806
26        1.839   0.688   4.425   2.477  -0.572   4.794   2.248  -1.636   3.728   1.892  -1.115   6.295   2.751  -0.566   7.395 0.2097
36        4.631  -2.244   3.119   4.852  -3.421   2.284   5.084  -4.663   3.136   6.175  -3.171   1.246   5.694  -2.570  -0.041 0.1983
18        1.013   1.924   7.203  -0.068   1.349   7.997   0.431   0.909   9.369  -0.768   0.031   7.182  -1.898   0.518   6.324 0.3572
8         2.617   0.108   3.800   1.895  -1.108   4.164   2.385  -2.301   3.353   0.224  -0.896   3.938  -0.389  -0.369   5.201 0.3256
52        4.203  -2.244   3.356   3.681  -3.604   3.255   2.814  -3.951   4.459   4.957  -4.720   3.114   5.281  -4.928   1.665 0.2257
18       -2.973   4.828  -1.725  -3.858   3.687  -1.511  -4.962   4.028  -0.517  -2.973   2.344  -0.960  -2.510   1.534  -2.134 0.3541
49       -5.644   4.830   2.035  -6.876   4.054   1.925  -7.992   4.675   2.757  -6.611   2.447   2.411  -6.201   1.626   1.225 0.2847
19       -4.363   4.782   2.873  -5.406   3.885   2.384  -6.345   3.470   3.510  -4.714   2.509   1.664  -4.499   2.765   0.201 0.3163
58       -2.210   3.977  -3.975  -3.113   2.831  -4.036  -2.438   1.572  -3.505  -3.646   2.580  -5.631  -4.907   3.357  -5.865 0.2404
19       -3.964   5.350   3.941  -5.101   4.434   3.912  -5.877   4.479   5.223  -4.575   2.847   3.600  -4.571   2.603   2.120 0.3458
51        2.399   0.861   3.548   3.486  -0.091   3.341   2.946  -1.498   3.107   4.541  -0.086   4.674   5.626   0.925   4.449 0.1734
14       -0.118   6.692   5.553  -0.715   5.682   6.422  -0.285   5.880   7.871  -0.293   4.121   5.896  -1.319   3.628   4.919 0.3306
25        4.521   3.372   2.619   5.890   3.535   2.141   6.268   5.009   2.050   6.083   2.789   0.625   6.511   1.365   0.820 0.3741
12       -2.872   2.692   4.653  -4.117   1.930   4.623  -5.168   2.562   5.528  -3.839   0.319   5.089  -3.517  -0.504   3.877 0.4883
13       -2.772   6.178  -0.032  -3.616   5.406  -0.939  -4.530   4.461  -0.168  -2.659   4.527  -2.036  -2.411   5.357  -3.260 0.2650
13        3.376  -0.810   4.378   3.326  -1.415   5.706   3.480  -2.929   5.625   1.867  -1.017   6.484   2.047   0.250   7.265 0.1913
9         0.289  -1.157   4.644   0.355  -2.480   4.030  -0.840  -3.334   4.437   1.803  -3.261   4.457   2.863  -2.938   3.447 0.3751
27       -3.964   4.014  -1.204  -4.499   2.804  -1.821  -3.723   1.570  -1.373  -4.458   2.935  -3.516  -5.744   3.534  -4.002 0.2163
217      -3.048   3.880  -3.081  -2.859   2.857  -4.105  -2.454   1.526  -3.482  -1.688   3.354  -5.232  -2.355   4.096  -6.352 0.1490
21        3.581   2.497   3.056   4.968   2.112   2.812   5.916   3.272   3.092   5.162   1.574   1.211   4.930   0.094   1.150 0.4112
22       -2.434   1.906   6.461  -3.786   1.509   6.844  -3.783   0.770   8.178  -4.482   0.533   5.639  -5.210   1.399   4.653 0.3781
20       -2.655   6.080   2.373  -3.628   4.997   2.265  -4.670   5.084   3.374  -2.846   3.489   2.315  -2.488   3.064   0.922 0.3990
28       -2.608   7.191   0.604  -3.862   6.559   0.204  -4.800   6.401   1.395  -3.563   5.044  -0.508  -3.385   5.213  -1.987 0.3246
33       -2.452   0.719  -4.340  -2.474  -0.652  -3.838  -1.989  -1.633  -4.899  -4.040  -1.072  -3.328  -4.202  -0.729  -1.877 0.3423
10        2.719   2.062  -6.134   3.012   0.664  -5.834   3.438  -0.090  -7.088   1.658  -0.089  -5.133   1.720   0.058  -3.642 0.4333
7        -1.817   0.941   4.776  -2.507  -0.344   4.841  -3.317  -0.469   6.126  -1.391  -1.622   4.729  -1.204  -1.998   3.289 0.3141
6        -2.354   6.810   0.342  -3.246   5.967  -0.449  -4.653   6.551  -0.497  -3.290   4.390   0.186  -2.224   3.560  -0.463 0.4013
17       -3.452   4.469   1.022  -4.175   3.267   0.615  -4.330   2.299   1.782  -3.376   2.502  -0.675  -3.898   3.038  -1.975 0.3588
9         0.445   3.642  -6.074   0.183   2.345  -6.692  -1.005   2.420  -7.643  -0.097   1.166  -5.500   1.202   0.520  -5.119 0.4707
5        -0.409  -1.265  -4.777   0.147  -2.284  -5.662  -0.433  -3.658  -5.349   1.842  -2.323  -5.530   2.443  -1.383  -6.531 0.4344
12       -1.176   5.502   6.179  -2.173   4.878   7.044  -1.570   4.494   8.390  -2.836   3.506   6.289  -4.041   3.907   5.492 0.3710
13       -6.139   4.958   1.550  -7.328   4.410   0.904  -8.371   5.495   0.661  -7.995   3.163   1.847  -7.390   1.851   1.442 0.3298
9         1.066   3.127   5.942   2.136   2.363   6.577   1.742   1.930   7.984   3.568   3.279   6.628   4.369   3.025   5.385 0.5013
16       -3.436   2.499   5.217  -4.326   1.347   5.332  -5.225   1.467   6.557  -3.426  -0.093   5.408  -3.212  -0.623   4.022 0.3433
24       -3.937   2.550   4.974  -5.108   1.723   4.697  -5.735   1.209   5.987  -4.687   0.417   3.692  -4.853   0.817   2.257 0.3388
24       -3.176   5.306  -0.182  -3.943   4.187  -0.723  -4.778   3.518   0.363  -2.906   3.049  -1.444  -2.721   3.389  -2.893 0.2762
28       -1.492   4.425   3.929  -2.579   3.458   3.802  -2.196   2.118   4.418  -3.000   3.250   2.168  -4.071   4.232   1.798 0.2482
9         3.885  -4.361   3.656   3.378  -4.829   4.942   3.395  -6.351   5.019   1.801  -4.249   5.205   1.865  -2.929   5.913 0.3824
38        3.914   0.691   2.411   4.814  -0.049   1.532   4.473  -1.535   1.523   6.430   0.174   2.013   7.003   1.363   1.300 0.2139
10        3.220   0.721   3.409   4.267  -0.297   3.409   3.775  -1.589   2.767   4.801  -0.600   4.994   5.942   0.317   5.320 0.2066
11       -5.836   3.741   3.986  -7.251   3.809   3.631  -8.121   3.195   4.721  -7.529   3.022   2.149  -7.384   4.005   1.026 0.2777
19       -2.726   5.244   5.167  -3.642   4.209   5.638  -4.165   4.532   7.032  -2.873   2.693   5.640  -3.084   2.023   4.315 0.3996
28       -5.874   3.948   2.571  -6.223   2.806   3.412  -7.315   1.963   2.765  -6.726   3.333   4.948  -5.539   3.413   5.862 0.2823
73       -1.635   3.771  -4.553  -1.828   2.443  -5.128  -1.905   1.379  -4.038  -0.570   2.077  -6.212  -0.950   2.532  -7.590 0.2180
67        3.590  -1.970   3.816   3.431  -3.286   3.204   3.196  -4.358   4.262   4.798  -3.677   2.272   4.598  -3.198   0.865 0.2361
10        1.819   0.264   4.860   0.900  -0.036   5.955   1.657  -0.500   7.195  -0.223  -1.220   5.480  -1.430  -0.556   4.889 0.3641
40        4.869   0.566   1.075   4.729  -0.120   2.356   4.222  -1.544   2.164   3.679   0.741   3.379   4.467   1.723   4.194 0.2555
14       -1.756   8.175   0.139  -2.618   7.972  -1.023  -3.470   9.206  -1.296  -3.615   6.614  -0.792  -2.923   5.391  -1.317 0.3894
21       -5.457   3.279   3.865  -6.779   3.007   3.307  -7.585   2.096   4.225  -6.638   2.305   1.765  -6.619   3.385   0.724 0.3322
5         1.100   0.788   5.967   0.491  -0.539   5.952   0.511  -1.168   7.340   1.294  -1.547   4.842   0.642  -1.429   3.497 0.2443
6        -2.284   0.385   5.197  -2.602  -0.999   4.856  -4.081  -1.293   5.080  -1.649  -2.069   5.770  -0.380  -2.367   5.028 0.3576
19       -3.825   6.460   3.911  -5.124   5.850   4.178  -6.161   6.906   4.544  -4.995   4.703   5.426  -4.686   3.358   4.839 0.4161
13       -1.951   7.898   0.816  -3.072   7.437   0.001  -3.878   8.612  -0.539  -4.078   6.407   0.905  -3.613   4.989   0.747 0.4011
7        -2.907   1.288   6.004  -4.119   1.588   6.762  -4.335   0.571   7.877  -5.470   1.620   5.732  -5.668   3.012   5.210 0.3268
11       -0.434   6.491   3.143  -1.671   6.080   3.802  -1.411   5.662   5.244  -2.403   4.806   2.948  -3.346   5.366   1.925 0.3964
18       -0.969   4.898   4.159  -1.823   3.804   4.612  -1.016   2.754   5.367  -2.621   3.089   3.292  -3.933   3.780   3.067 0.3735
17        0.610   1.707   7.516  -0.099   0.820   8.433   0.025   1.306   9.873   0.496  -0.768   8.301  -0.290  -1.510   7.261 0.4951
14        3.527   3.341   2.770   4.504   2.405   2.222   4.561   1.125   3.049   6.043   3.125   2.155   6.220   3.804   0.830 0.1962
45        2.868  -2.256   4.239   2.587  -3.579   3.689   1.633  -4.355   4.589   4.030  -4.452   3.477   4.572  -4.195   2.102 0.2890
13       -2.877   3.391   4.819  -3.237   2.067   5.319  -4.555   1.594   4.718  -3.343   2.083   7.016  -2.005   1.743   7.603 0.4893
16       -4.193   5.009   0.275  -5.263   4.216  -0.324  -4.828   3.630  -1.662  -6.660   5.163  -0.528  -7.517   5.061   0.699 0.3101
15       -3.430   4.080   2.939  -4.176   2.886   2.552  -3.257   1.675   2.444  -4.979   3.142   1.075  -6.349   3.693   1.340 0.3372
13        0.868   0.287   4.991   0.036   0.011   6.159  -0.889  -1.173   5.905  -0.875   1.384   6.576  -0.101   2.221   7.550 0.2844
73       -3.069   4.001  -2.851  -3.404   2.850  -3.684  -2.601   1.622  -3.273  -3.130   3.204  -5.324  -4.377   3.777  -5.928 0.2376
9        -5.685   2.175  -0.814  -6.226   1.001  -1.493  -7.690   0.783  -1.129  -5.316  -0.382  -1.102  -4.203  -0.544  -2.094 0.3959
10       -1.337   1.777   7.229  -2.690   2.229   7.541  -3.360   1.300   8.546  -3.625   2.327   6.124  -3.496   3.699   5.534 0.3438
18        0.875   2.258  -5.198   0.695   0.858  -4.825   1.482  -0.062  -5.751  -0.953   0.443  -4.854  -1.555   0.692  -3.503 0.2927
7        -2.423   4.488  -3.112  -2.870   3.256  -3.755  -4.362   3.034  -3.537  -1.990   1.926  -3.164  -0.773   1.715  -4.015 0.4061
9         7.877  -0.262  -0.856   7.706  -1.455  -0.032   8.361  -2.669  -0.680   6.055  -1.758   0.239   5.615  -1.051   1.487 0.4394
20       -2.552   5.444   2.729  -3.633   4.463   2.757  -3.826   3.899   4.160  -3.321   3.203   1.660  -3.909   3.546   0.323 0.3056
13       -5.088   3.761   1.243  -5.963   2.641   0.912  -5.882   1.549   1.972  -5.561   2.004  -0.613  -6.357   2.706  -1.673 0.4386
13        0.751   6.086   6.327  -0.123   5.841   7.471   0.675   5.360   8.678  -1.319   4.701   7.071  -2.525   5.411   6.531 0.4427
4         0.559   7.250   3.726   0.082   6.105   4.498   0.788   6.021   5.847   0.314   4.664   3.627  -0.902   4.381   2.796 0.2737
18       -2.886   5.426   1.823  -3.975   4.506   1.508  -4.047   3.373   2.525  -3.783   3.873  -0.058  -4.486   4.758  -1.044 0.3267
19        1.679   1.200  -4.885   0.644   0.206  -4.616   0.684  -0.920  -5.643  -0.892   0.935  -4.610  -1.223   1.392  -3.220 0.3524
11        3.687   0.966   3.318   4.379  -0.319   3.296   5.714  -0.212   2.569   3.407  -1.503   2.558   2.564  -2.178   3.599 0.4871
11       -3.391   4.444  -0.402  -4.001   3.125  -0.544  -4.713   2.708   0.738  -2.826   1.969  -0.960  -2.718   1.882  -2.454 0.4668
6         1.850   7.353   1.197   3.304   7.392   1.325   3.888   8.594   0.592   3.990   5.955   0.729   4.099   4.954   1.840 0.3155
24       -4.923   4.203   3.783  -6.247   4.347   3.183  -7.036   5.464   3.856  -7.106   2.884   3.283  -6.838   2.061   2.058 0.4523
17       -2.930   5.847   0.781  -3.700   4.665   1.158  -4.314   3.997  -0.066  -4.918   5.080   2.269  -4.385   4.957   3.665 0.4236
64        5.092  -2.218   2.535   4.880  -3.555   1.988   5.214  -4.628   3.018   5.819  -3.778   0.588   5.029  -3.357  -0.616 0.2112
10       -3.909   3.616   2.827  -3.960   3.226   4.233  -4.460   1.794   4.388  -4.957   4.290   5.108  -4.133   5.425   5.639 0.4228
50        4.986   2.979   1.973   6.160   3.322   1.176   6.730   4.673   1.591   5.770   3.338  -0.479   5.997   1.974  -1.059 0.2845
10        0.476   2.248  -3.957  -0.068   0.895  -4.031   0.438   0.167  -5.272  -1.768   0.937  -4.033  -2.271   0.869  -2.622 0.2083
16        2.996   2.369   7.458   2.371   1.590   8.523   3.268   1.524   9.754   2.013   0.020   7.978   0.631  -0.004   7.395 0.4485
9        -5.695   2.490  -0.484  -6.286   1.179  -0.740  -7.808   1.241  -0.674  -5.701   0.037   0.375  -4.466  -0.612  -0.176 0.4011
14        4.626   0.545   1.496   4.709  -0.151   2.777   3.862  -1.418   2.770   4.215   0.874   4.041   5.403   1.619   4.574 0.3775
27       -4.013   0.488  -2.593  -3.707  -0.874  -2.166  -3.605  -1.815  -3.361  -4.890  -1.436  -1.082  -4.484  -1.096   0.322 0.3897
13       -4.492   3.972   5.929  -5.818   3.416   6.185  -6.293   3.757   7.592  -5.807   1.730   5.965  -6.145   1.410   4.540 0.3730
13       -5.186   4.733   3.585  -6.567   4.992   3.189  -7.505   3.925   3.742  -6.697   5.061   1.496  -6.490   6.474   1.036 0.3470
9        -1.400   4.648   5.324  -2.205   3.488   5.693  -2.495   3.474   7.190  -1.418   2.051   5.239  -1.833   1.671   3.849 0.3794
7        -2.077   2.080   6.329  -3.238   2.134   7.214  -4.235   1.031   6.877  -3.992   3.654   7.111  -3.397   4.577   8.133 0.4550
12        3.549   2.817   2.893   4.941   2.400   2.744   5.575   3.033   1.511   5.045   0.705   2.649   5.209   0.136   4.026 0.2970
6        -1.929   2.859   4.658  -2.307   1.481   4.359  -2.472   0.666   5.636  -1.149   0.754   3.348  -1.525   0.979   1.914 0.7309
27       -5.641   3.199   2.425  -5.857   1.987   3.209  -6.744   0.999   2.460  -6.550   2.369   4.714  -5.464   2.610   5.719 0.2551
14        4.792   1.355  -1.227   4.334  -0.027  -1.346   4.739  -0.846  -0.127   4.956  -0.738  -2.760   4.001  -0.513  -3.895 0.2002
51       -2.785   3.788  -3.503  -2.700   2.506  -4.197  -2.669   1.347  -3.208  -1.321   2.461  -5.192  -1.673   2.973  -6.557 0.2682
7        -3.938   3.089  -0.530  -4.271   2.222   0.597  -5.012   0.975   0.129  -5.211   3.065   1.736  -4.310   3.721   2.740 0.4778
15       -3.923   7.147  -3.200  -3.451   5.897  -2.611  -3.493   4.762  -3.627  -4.382   5.495  -1.247  -3.761   6.097  -0.022 0.3177
10       -2.239   7.361  -1.648  -3.007   6.666  -2.677  -4.370   6.237  -2.149  -2.149   5.313  -3.245  -1.293   5.715  -4.409 0.2999
74        2.396   3.526   3.101   3.761   3.019   3.210   3.801   1.716   4.000   4.767   4.177   3.944   5.370   5.056   2.889 0.2202
10        0.525   3.591  -5.251   0.105   2.225  -5.554  -1.294   1.950  -5.016   1.210   1.108  -4.905   2.276   0.812  -5.918 0.5059
9        -3.637   3.191  -0.214  -4.191   2.555  -1.405  -3.349   1.357  -1.829  -4.296   3.674  -2.681  -5.633   4.352  -2.642 0.2335
12       -0.538   0.181  -5.051  -1.458  -0.755  -4.410  -1.449  -2.105  -5.117  -3.034  -0.118  -4.389  -3.239   0.668  -3.128 0.3350
48       -1.978   3.928  -4.307  -2.588   2.669  -4.725  -2.239   1.543  -3.759  -2.091   2.263  -6.299  -3.049   2.849  -7.293 0.1948
5        -3.894   2.336  -2.716  -4.716   1.439  -1.909  -4.566  -0.006  -2.369  -6.349   1.907  -1.979  -6.639   2.877  -0.872 0.4059
21       -5.911   3.410   2.037  -6.427   2.543   3.093  -7.161   1.342   2.507  -7.462   3.414   4.123  -6.665   4.007   5.247 0.3169
8        -3.889   4.138  -1.633  -4.764   3.022  -1.286  -3.983   1.716  -1.204  -6.022   2.879  -2.421  -7.193   3.703  -1.976 0.3640
9        -4.292   5.372   3.334  -5.134   4.181   3.263  -5.416   3.795   1.816  -6.595   4.437   4.094  -6.436   4.019   5.526 0.3802
13        6.335  -0.647   3.420   6.105  -1.942   4.055   5.602  -2.966   3.045   4.993  -1.787   5.332   5.730  -1.496   6.605 0.5407
8        -0.136   0.307   4.628  -1.307   0.113   5.478  -1.806  -1.326   5.405  -2.550   1.184   5.031  -2.417   2.457   5.812 0.3106
10       -4.793   2.556   3.110  -4.814   1.223   3.706  -5.847   0.333   3.024  -5.137   1.323   5.372  -3.847   1.444   6.126 0.3113
14        5.144   1.396  -0.577   4.919  -0.040  -0.717   4.967  -0.738   0.638   6.071  -0.722  -1.765   5.551  -0.686  -3.171 0.1868
15        4.575   2.396  -2.951   3.989   1.242  -2.276   5.017   0.543  -1.393   3.357   0.147  -3.413   1.922   0.487  -3.689 0.2119
50        4.829  -2.162   2.821   4.408  -3.548   2.636   4.250  -4.258   3.975   5.525  -4.382   1.662   5.125  -4.257   0.222 0.2023
144      -3.295   3.629  -2.187  -3.455   2.725  -3.323  -2.741   1.402  -3.076  -2.867   3.449  -4.744  -3.975   4.203  -5.417 0.1545
12       -1.611   6.846  -1.736  -2.352   6.171  -2.797  -3.373   5.198  -2.220  -1.286   5.349  -3.836  -0.872   6.262  -4.952 0.3467
10        5.914   2.498  -1.532   5.155   1.305  -1.168   5.610   0.755   0.179   5.312   0.112  -2.369   4.221   0.277  -3.384 0.2568
9        -2.673   6.518   1.693  -3.861   6.113   0.947  -4.321   4.720   1.362  -3.553   6.152  -0.725  -3.897   7.508  -1.265 0.3448
10        4.502   0.811   1.622   5.411   0.553   0.509   4.747  -0.319  -0.550   6.836  -0.190   1.066   7.846   0.863   1.412 0.5201
48       -3.087   4.030  -2.937  -3.569   2.735  -3.409  -3.236   1.629  -2.414  -2.900   2.372  -4.929  -3.799   2.897  -6.009 0.1902
8        -1.792   1.113   4.218  -0.890  -0.026   4.080  -1.418  -1.239   4.837   0.665   0.377   4.636   1.475   0.926   3.500 0.4696
84       -3.065   4.033  -3.183  -2.739   3.145  -4.295  -2.070   1.868  -3.800  -1.731   3.937  -5.411  -2.572   4.627  -6.443 0.1688
42        3.496  -2.696   3.910   3.685  -3.918   3.132   3.299  -5.150   3.942   5.297  -4.045   2.609   5.442  -3.384   1.270 0.1893
25        4.577  -2.339   3.102   3.881  -3.608   3.292   2.865  -3.513   4.424   4.995  -4.853   3.612   5.421  -5.486   2.321 0.1818
24        2.110   3.909   3.847   3.067   2.972   3.265   3.141   1.686   4.080   4.607   3.686   3.160   4.749   4.374   1.836 0.3137
6         3.758   1.122   3.941   3.660   1.190   5.396   2.560   0.272   5.915   3.371   2.788   5.897   4.679   3.483   6.133 0.3336
17        2.453   0.521   3.358   3.327  -0.574   2.949   2.628  -1.920   3.100   4.764  -0.558   3.857   5.789   0.283   3.156 0.2285
8         3.181   1.125   3.385   3.234  -0.314   3.629   3.883  -1.045   2.460   1.672  -0.926   3.906   1.366  -0.870   5.373 0.2431
13        3.510  -0.237   4.775   2.331  -1.076   4.969   2.179  -2.082   3.835   0.933  -0.115   5.087   0.692   0.244   6.524 0.2546
20        1.947  -0.085   4.925   1.959  -1.284   5.758   3.270  -2.046   5.603   0.648  -2.292   5.365  -0.533  -1.930   6.217 0.4155
12        0.980  -0.445   4.904   0.356  -0.990   6.107   0.465  -2.510   6.141  -1.275  -0.520   6.194  -1.383   0.775   6.943 0.2111
5         0.650   6.985  -0.714  -0.159   7.669   0.290   0.063   9.176   0.241   0.199   7.077   1.843  -0.707   5.924   2.160 0.4538
50       -2.190   4.163  -4.130  -1.834   3.011  -4.954  -1.748   1.741  -4.114  -0.356   3.284  -5.749  -0.615   3.927  -7.078 0.1623
10        0.549   1.313   5.489   0.972   0.041   6.069   0.679  -1.118   5.124   0.202  -0.215   7.563   1.042   0.361   8.664 0.5936
10       -0.737   1.712  -5.236  -0.176   0.431  -4.816   1.104   0.115  -5.580  -1.311  -0.815  -5.038  -2.134  -0.971  -3.794 0.4720
12        4.996  -1.679   2.702   5.237  -2.752   1.740   6.253  -3.753   2.278   5.775  -2.112   0.260   4.595  -1.831  -0.622 0.2940
70       -3.730   3.521  -1.790  -3.638   2.812  -3.063  -2.917   1.480  -2.900  -2.840   3.770  -4.219  -3.844   4.602  -4.960 0.1617
26       -3.414   0.590  -3.748  -3.095  -0.819  -3.535  -2.350  -1.400  -4.731  -4.513  -1.711  -3.243  -4.792  -1.738  -1.770 0.2837
5        -0.652   1.273   6.172  -0.339  -0.103   6.545  -1.470  -0.723   7.358   1.114  -0.163   7.427   2.265  -0.347   6.483 0.3772
10        2.409   1.083   5.812   3.095  -0.177   6.080   2.107  -1.334   6.162   3.989  -0.071   7.523   5.375   0.413   7.218 0.4495
14       -5.522   5.672   2.306  -6.768   5.314   1.634  -7.942   5.340   2.605  -6.636   3.777   0.919  -6.131   3.921  -0.486 0.4397
4        -1.125   1.746   4.494  -1.514   0.625   5.345  -2.861   0.053   4.919  -1.576   1.111   6.973  -0.235   0.896   7.610 0.5035
6         2.644   1.550  -4.304   1.991   1.296  -5.585   2.239   2.437  -6.564   0.320   1.070  -5.364   0.038  -0.385  -5.135 0.5969
10        6.602   1.147  -3.692   7.001  -0.036  -2.935   7.156  -1.246  -3.850   5.867  -0.371  -1.714   6.261   0.345  -0.456 0.4450
7         3.861  -4.059   4.248   3.826  -4.914   5.431   4.121  -6.365   5.068   2.315  -4.800   6.201   2.354  -3.699   7.219 0.3047
6        -2.097   4.258   4.678  -1.678   3.459   5.827  -0.310   3.900   6.333  -1.646   1.808   5.421  -2.984   1.195   5.711 0.7368
10        1.821   0.010   4.783   1.325  -1.170   5.485   2.304  -2.332   5.366  -0.196  -1.626   4.877  -1.274  -0.932   5.655 0.2519
16       -0.151   5.997   6.650  -0.712   5.300   7.804  -0.527   6.113   9.080   0.007   3.769   7.979  -0.784   2.755   7.208 0.3991
9         6.111   1.557   4.704   6.226   0.104   4.623   7.370  -0.406   5.492   6.456  -0.385   3.011   5.124  -0.634   2.370 0.4923
8         7.091   0.115  -0.287   6.854  -1.146   0.409   7.240  -2.335  -0.464   5.224  -1.270   0.875   5.051  -0.688   2.247 0.3207
7        -2.219   2.795   6.139  -3.156   1.857   6.751  -3.561   0.765   5.768  -4.535   2.677   7.313  -4.318   3.108   8.733 0.4610
9         2.666   0.761   3.452   3.505  -0.421   3.274   4.022  -0.516   1.843   2.640  -1.828   3.676   2.832  -2.133   5.132 0.2248
6         5.219   0.600   0.717   5.387   0.103  -0.646   6.658  -0.728  -0.773   5.423   1.396  -1.749   4.030   1.690  -2.221 0.2940
12        5.319   1.421  -3.262   5.488   0.314  -2.325   5.664  -1.008  -3.063   4.157   0.220  -1.271   4.424   1.055  -0.054 0.3477
13        5.077   0.432   4.535   4.709  -0.973   4.686   5.790  -1.747   5.431   4.429  -1.680   3.165   2.983  -1.526   2.801 0.4458
4         3.614   2.891   4.129   3.332   1.526   3.692   3.273   0.571   4.879   4.508   1.005   2.581   4.068   1.349   1.189 0.4175
6         3.984   4.963   2.838   5.264   4.405   2.410   6.302   5.503   2.211   5.073   3.516   0.974   4.766   2.086   1.309 0.4150
6         6.322   0.019   3.997   6.125  -1.226   4.734   7.127  -2.288   4.296   4.538  -1.798   4.518   3.653  -1.234   5.590 0.4210
4         4.495  -2.995  -4.087   3.674  -4.192  -3.933   4.474  -5.451  -4.246   2.305  -4.106  -4.939   1.178  -3.456  -4.194 0.5020
6         3.556   1.204  -5.389   4.818   1.575  -4.755   6.003   0.957  -5.486   4.825   1.097  -3.123   4.279   2.206  -2.274 0.5696
8         3.296   2.201  -4.075   2.584   0.934  -3.931   2.712   0.087  -5.192   0.944   1.211  -3.579   0.756   1.278  -2.092 0.5926
TOTRMS: 0.2900
BEFORE: 615 0.20463234623810922
AFTER: 200 0.28996379958777196
