93        0.541   2.207  -0.840   1.245   3.486  -0.867   0.606   4.485   0.091   1.262   4.121  -2.445   2.486   3.637  -3.165 0.0775
218       0.551   2.231  -0.778   1.350   3.448  -0.875   1.467   4.138   0.479   0.674   4.512  -2.016   1.260   4.234  -3.368 0.0533
165       0.285   2.403  -0.158   1.032   3.658  -0.161   1.784   3.852   1.150  -0.014   4.970  -0.434  -0.112   5.234  -1.907 0.0633
56        0.733   2.089  -0.992   1.572   3.275  -1.140   0.744   4.550  -1.024   2.388   3.243  -2.631   3.708   2.551  -2.464 0.0928
51        2.053   1.197   0.546   2.937   2.352   0.683   3.695   2.619  -0.612   4.032   2.114   1.961   3.439   2.643   3.233 0.0928
51        2.066   1.213   0.481   2.900   2.399   0.650   3.984   2.465  -0.420   3.605   2.414   2.197   2.700   3.135   3.152 0.1187
10        2.163   1.148   0.081   3.054   2.305   0.064   2.661   3.317   1.133   3.041   3.041  -1.469   4.110   2.432  -2.326 0.1217
140       0.251   2.403   0.025   0.941   3.689  -0.034   1.957   3.818   1.094  -0.178   4.967   0.039  -0.606   5.336  -1.350 0.0924
30        0.350   2.289   0.624   0.941   3.624   0.632   2.371   3.587   1.159   0.001   4.684   1.573  -1.030   5.342   0.704 0.1106
200       0.475   2.289  -0.643   1.275   3.497  -0.824   1.751   4.046   0.515   0.381   4.681  -1.655   0.601   4.530  -3.131 0.0620
119       0.285   2.377  -0.318   1.028   3.633  -0.334   1.400   4.070   1.078   0.121   4.850  -1.101   0.431   4.855  -2.568 0.0713
58        2.029   1.214   0.529   2.918   2.371   0.602   4.373   1.937   0.739   2.482   3.372   1.905   1.486   4.393   1.440 0.0957
56        0.570   2.187  -0.894   1.203   3.502  -0.919   2.718   3.380  -1.040   0.799   4.381   0.480  -0.447   5.175   0.228 0.0731
34        1.941   1.265  -0.742   2.822   2.428  -0.810   2.099   3.630  -1.405   4.208   2.069  -1.726   5.280   1.534  -0.823 0.0789
59        2.119   1.176   0.282   3.004   2.337   0.326   4.316   2.055  -0.396   3.310   2.789   1.936   2.279   3.783   2.382 0.0919
23        1.599   1.502   1.037   2.357   2.735   1.225   3.296   2.987   0.052   3.240   2.673   2.677   2.406   3.226   3.794 0.1051
30        2.143   1.154   0.114   3.010   2.326   0.207   2.969   3.142  -1.079   4.608   1.856   0.550   4.809   1.813   2.035 0.0977
39        1.436   1.585  -1.143   2.345   2.722  -1.252   1.619   4.033  -0.975   3.060   2.765  -2.794   4.336   1.977  -2.775 0.1112
17        2.026   1.199  -0.600   2.905   2.356  -0.740   3.248   2.953   0.620   2.182   3.535  -1.729   2.568   3.294  -3.158 0.1020
70        0.356   2.316  -0.620   0.959   3.629  -0.410   0.776   4.093   1.030   0.287   4.768  -1.480   1.091   4.800  -2.745 0.0683
66        0.250   2.357   0.378   0.889   3.670   0.374   2.116   3.685   1.277  -0.213   4.867   0.867  -0.930   5.412  -0.332 0.0962
203       0.389   2.347  -0.482   1.157   3.588  -0.540   1.694   3.966   0.835   0.200   4.849  -1.159   0.344   4.901  -2.651 0.0542
111       0.323   2.386  -0.290   1.058   3.636  -0.463   1.913   3.944   0.760  -0.017   4.919  -0.762  -0.237   5.053  -2.239 0.0664
30        0.796   2.027  -1.040   1.591   3.244  -1.175   0.743   4.397  -1.699   2.915   2.977  -2.208   4.091   2.513  -1.402 0.1177
86        0.471   2.253  -0.751   1.214   3.509  -0.804   0.785   4.448   0.318   0.995   4.265  -2.312   2.060   3.803  -3.261 0.0705
41        2.148   1.151  -0.106   3.047   2.291  -0.260   4.172   1.975  -1.239   3.694   2.745   1.245   2.801   3.765   1.886 0.1002
36        2.127   1.178  -0.225   3.017   2.333  -0.148   2.612   3.406  -1.151   4.628   1.859  -0.418   5.270   1.503   0.889 0.1003
136       0.664   2.158  -0.900   1.512   3.336  -1.054   1.543   4.161   0.228   0.968   4.293  -2.350   1.651   3.859  -3.612 0.0548
45        0.242   2.385  -0.291   0.902   3.687  -0.264   2.138   3.694  -1.156   1.330   4.103   1.328   0.204   4.862   1.966 0.1062
271       0.441   2.285  -0.666   1.193   3.534  -0.742   1.454   4.103   0.648   0.359   4.672  -1.691   0.786   4.538  -3.122 0.0527
12        1.039   1.835  -1.169   1.828   3.054  -1.322   3.255   2.734  -1.752   1.840   3.938   0.131   0.689   4.899   0.141 0.1090
8         2.071   1.209   0.408   2.923   2.394   0.444   3.171   2.848   1.878   2.223   3.656  -0.454   2.697   3.580  -1.875 0.1227
56        1.293   1.695  -1.168   2.325   2.719  -1.307   1.873   4.039  -0.692   2.721   2.945  -2.945   3.842   2.021  -3.319 0.0813
74        2.146   1.139   0.017   3.059   2.273  -0.091   4.403   1.842  -0.668   3.284   3.000   1.430   2.258   4.076   1.625 0.0838
101       0.379   2.345  -0.553   1.116   3.602  -0.475   1.071   4.178   0.936   0.489   4.728  -1.584   1.210   4.595  -2.893 0.0632
47        0.461   2.252  -0.728   1.133   3.547  -0.756   0.124   4.689  -0.774   2.159   3.654  -2.108   3.524   3.155  -1.741 0.1102
130       0.591   2.215  -0.805   1.458   3.371  -1.016   1.740   4.092   0.297   0.754   4.445  -2.131   1.198   4.087  -3.518 0.0631
162       0.921   1.969  -1.079   1.829   3.098  -1.261   1.610   4.157  -0.187   1.624   3.782  -2.804   2.551   3.112  -3.775 0.0678
95        0.264   2.393  -0.277   0.984   3.663  -0.259   1.072   4.224   1.156   0.230   4.788  -1.287   0.818   4.680  -2.662 0.0826
47        1.031   1.854  -1.154   1.793   3.093  -1.285   0.874   4.308  -1.258   2.702   3.081  -2.722   4.053   2.489  -2.454 0.1025
26        0.311   2.331   0.586   0.959   3.639   0.555   1.268   4.132   1.964  -0.021   4.768  -0.255   0.318   4.766  -1.716 0.1566
27        2.068   1.202  -0.487   2.976   2.345  -0.479   2.403   3.506  -1.284   4.495   1.900  -1.099   5.372   1.425   0.022 0.0775
32        0.343   2.399   0.303   1.141   3.618   0.401   0.888   4.335   1.722   0.800   4.657  -0.901   1.730   4.354  -2.039 0.0957
119       0.328   2.346  -0.520   0.997   3.636  -0.379   1.185   3.999   1.089   0.111   4.852  -1.171   0.580   4.968  -2.591 0.0681
61        1.153   1.787  -1.154   2.185   2.801  -1.354   1.916   4.034  -0.500   2.277   3.236  -2.995   3.266   2.350  -3.693 0.0786
69        0.721   2.106  -0.975   1.622   3.239  -1.162   1.054   4.502  -0.525   1.912   3.500  -2.816   3.111   2.708  -3.245 0.1081
15        0.348   2.332  -0.453   1.081   3.595  -0.476   0.616   4.479  -1.627   2.752   3.308  -0.600   3.343   3.197   0.774 0.1151
100       0.747   2.075  -1.014   1.556   3.287  -1.106   1.065   4.350  -0.131   1.533   3.896  -2.694   2.664   3.297  -3.475 0.0729
24        1.329   1.630  -1.180   2.296   2.710  -1.358   1.648   3.926  -2.008   3.611   2.179  -2.296   4.673   1.618  -1.397 0.1224
42        0.734   2.067  -1.019   1.501   3.305  -1.121   2.772   3.099  -1.935   1.889   3.891   0.428   0.804   4.813   0.900 0.1119
32        0.354   2.316  -0.559   1.003   3.624  -0.558   2.052   3.717  -1.660   1.717   3.930   0.955   0.727   4.621   1.845 0.1186
156       0.277   2.390  -0.273   1.001   3.656  -0.198   1.505   3.917   1.216   0.009   4.938  -0.710   0.172   5.138  -2.187 0.0673
96        0.432   2.291  -0.669   1.196   3.534  -0.742   0.954   4.400   0.488   0.792   4.396  -2.151   1.702   3.981  -3.269 0.0711
23        0.745   2.047   1.019   1.341   3.377   1.105   2.845   3.321   0.866   1.017   4.075   2.621  -0.265   4.851   2.551 0.1439
17        0.236   2.357   0.355   0.851   3.677   0.245   0.387   4.394  -1.017   2.546   3.545   0.252   3.048   3.627   1.663 0.1356
25        2.083   1.175   0.460   2.977   2.326   0.542   3.291   2.876  -0.845   4.417   1.903   1.341   4.262   2.147   2.813 0.0938
11        0.908   1.972  -1.052   0.165   1.814  -2.299   1.020   2.201  -3.500  -1.253   2.751  -2.267  -2.379   1.935  -1.704 0.4007
190       0.455   2.264  -0.732   1.166   3.540  -0.734   1.255   4.121   0.672   0.398   4.645  -1.774   0.980   4.523  -3.150 0.0495
136       0.367   2.358  -0.438   1.132   3.587  -0.628   1.832   4.003   0.660   0.119   4.839  -1.171   0.085   4.841  -2.671 0.0633
56        2.126   1.171  -0.228   2.999   2.340  -0.280   3.927   2.279  -1.488   3.911   2.463   1.149   3.162   3.292   2.150 0.1129
59        0.267   2.367  -0.386   0.961   3.652  -0.410   0.838   4.367   0.931   0.346   4.635  -1.653   1.125   4.394  -2.912 0.0841
120       0.596   2.186  -0.893   1.302   3.463  -0.848   0.887   4.276   0.373   1.011   4.353  -2.267   2.055   4.018  -3.290 0.0676
51        2.121   1.158   0.286   3.022   2.307   0.298   4.468   1.873   0.088   2.877   3.160   1.762   1.822   4.217   1.621 0.0835
174       0.549   2.216  -0.837   1.306   3.465  -0.866   1.178   4.215   0.454   0.779   4.448  -2.149   1.584   4.141  -3.377 0.0579
45        0.356   2.330  -0.538   1.028   3.626  -0.528   1.721   3.895  -1.859   2.156   3.700   0.742   1.490   4.238   1.973 0.1413
83        0.844   2.007  -1.077   1.607   3.250  -1.147   0.785   4.428  -0.638   2.119   3.543  -2.742   3.464   2.916  -2.958 0.0803
101       0.759   2.066  -1.035   1.480   3.334  -1.079   0.749   4.409  -0.282   1.691   3.843  -2.687   2.982   3.296  -3.219 0.0750
58        0.697   2.145  -0.920   1.659   3.201  -1.221   1.842   4.134  -0.030   1.159   4.087  -2.584   1.728   3.462  -3.823 0.0805
24        1.712   1.407  -0.996   2.618   2.546  -1.111   1.845   3.841  -1.336   3.724   2.300  -2.378   4.947   1.611  -1.848 0.1040
67        0.403   2.284  -0.686   0.942   3.625  -0.480   0.214   4.342   0.651   0.831   4.535  -1.913   2.082   4.351  -2.719 0.0928
25        2.111   1.149  -0.300   3.013   2.294  -0.379   3.350   2.630  -1.827   4.439   1.987   0.495   4.267   2.448   1.912 0.1218
90        1.062   1.846  -1.155   1.975   2.976  -1.297   1.422   4.218  -0.609   2.265   3.301  -2.941   3.455   2.514  -3.404 0.0724
32        2.023   1.228   0.586   2.818   2.437   0.785   4.235   2.256   0.253   2.862   2.854   2.433   1.718   3.771   2.748 0.1140
20        1.279   1.697   1.156   2.024   2.944   1.308   3.318   2.912   0.504   2.364   3.235   2.949   1.250   4.035   3.556 0.0946
64        0.505   2.233  -0.802   1.232   3.496  -0.893   2.677   3.268  -1.322   1.189   4.314   0.597  -0.010   5.214   0.639 0.0804
40        1.917   1.272   0.765   2.803   2.424   0.899   4.175   2.004   1.413   2.119   3.581   1.941   1.287   4.541   1.145 0.1063
144       0.778   2.075  -1.018   1.612   3.268  -1.132   1.452   4.168   0.087   1.228   4.128  -2.547   2.085   3.640  -3.677 0.0590
9         0.802   1.974  -1.072   1.397   3.299  -1.222   2.834   3.316  -0.716   0.473   4.461  -0.392  -0.569   5.022  -1.314 0.1613
21        2.107   1.142  -0.413   2.986   2.285  -0.643   3.062   3.177   0.590   2.450   3.185  -1.982   3.100   2.662  -3.229 0.0952
117       0.428   2.281  -0.731   1.007   3.607  -0.537   0.573   4.207   0.795   0.565   4.639  -1.814   1.587   4.549  -2.907 0.0722
29        0.699   2.097  -1.016   1.395   3.374  -1.142   2.906   3.185  -1.068   0.882   4.451   0.070  -0.288   5.245  -0.430 0.0850
54        2.024   1.208   0.590   2.854   2.399   0.743   4.334   2.055   0.628   2.544   3.151   2.236   1.445   4.158   2.070 0.0943
37        0.238   2.387   0.244   0.954   3.659   0.258   1.547   3.940   1.634  -0.082   4.928  -0.200  -0.017   5.114  -1.687 0.0957
56        0.389   2.287  -0.645   0.946   3.632  -0.533   2.408   3.658  -0.963   0.797   4.205   1.061  -0.508   4.928   1.213 0.0966
175       0.416   2.307  -0.622   1.147   3.571  -0.653   1.509   4.030   0.755   0.230   4.768  -1.439   0.545   4.757  -2.905 0.0503
85        0.220   2.402  -0.105   0.895   3.692   0.015   1.670   3.786   1.323  -0.231   4.962  -0.089  -0.385   5.377  -1.522 0.1056
9         0.432   2.253  -0.676   1.022   3.588  -0.736   0.032   4.600  -1.301   2.438   3.569  -1.677   3.618   3.283  -0.797 0.1591
10        1.033   1.859  -1.131   1.843   3.068  -1.257   1.436   3.876  -2.483   3.493   2.670  -1.341   4.072   2.642   0.042 0.1529
26        0.292   2.383  -0.284   1.022   3.648  -0.266   0.159   4.772   0.294   1.556   4.046  -1.830   2.921   3.468  -2.055 0.1143
53        0.690   2.113  -0.970   1.301   3.439  -0.976   0.296   4.509  -0.566   1.934   3.793  -2.514   3.360   3.334  -2.585 0.1070
115       0.992   1.899  -1.126   1.914   3.015  -1.314   1.592   4.160  -0.361   1.863   3.563  -2.923   2.880   2.820  -3.737 0.0610
67        0.297   2.338  -0.501   0.912   3.660  -0.419   0.434   4.413   0.817   0.569   4.561  -1.820   1.641   4.324  -2.842 0.0790
32        0.283   2.391  -0.041   0.988   3.660   0.115   0.412   4.469   1.271   0.911   4.562  -1.324   2.087   4.222  -2.191 0.0856
33        0.243   2.406  -0.153   0.999   3.654  -0.214   0.382   4.714   0.691   1.075   4.225  -1.814   2.292   3.665  -2.487 0.1013
40        2.084   1.169   0.465   2.991   2.314   0.455   4.374   1.913  -0.044   3.106   2.994   2.008   2.058   4.055   2.168 0.0770
7         1.979   1.247   0.645   2.916   2.366   0.656   2.214   3.667   1.026   3.673   2.522  -0.858   4.929   1.703  -0.876 0.0935
44        0.340   2.335  -0.551   0.928   3.662  -0.392   0.072   4.537   0.516   1.122   4.409  -1.907   2.475   4.073  -2.461 0.1101
15        0.371   2.359  -0.352   1.116   3.615  -0.337   1.070   4.296  -1.699   2.729   3.342   0.125   2.849   3.461   1.616 0.1260
41        0.522   2.233  -0.787   1.298   3.467  -0.865   0.414   4.687  -0.630   2.069   3.589  -2.376   3.425   2.953  -2.297 0.0785
39        2.153   1.130   0.222   3.031   2.285   0.380   3.721   2.634  -0.934   4.191   1.989   1.587   3.657   2.439   2.914 0.0875
TOTRMS: 0.0820
cutoff: 0.07
BEFORE: 322 0.05985950431281583
AFTER: 100 0.0820498331977844
