60        1.639   4.267   1.881   1.491   4.474   3.319   0.712   5.751   3.612   3.015   4.536   4.070   3.420   3.156   4.493 0.2064
54        2.856   4.352   0.657   3.163   5.185   1.816   2.447   4.678   3.062   2.735   6.802   1.514   3.902   7.525   0.910 0.1923
148       0.548   4.361  -0.701   0.045   5.624  -0.169   0.195   5.680   1.346  -1.585   5.842  -0.602  -1.662   6.570  -1.911 0.1937
106       1.778   5.039   1.517   1.912   5.500   2.896   0.573   5.969   3.451   3.056   6.755   2.992   4.415   6.174   3.243 0.1656
131       0.750   4.706   1.080  -0.065   5.544   1.955  -0.071   6.992   1.479   0.502   5.459   3.556  -0.196   4.342   4.275 0.1959
220       1.802   4.912   1.457   1.776   5.420   2.825   0.460   6.130   3.122   3.081   6.476   3.091   4.260   5.697   3.594 0.1303
179       0.635   5.612   0.386  -0.196   6.759   0.742  -0.415   7.672  -0.459   0.512   7.632   2.017   0.016   7.095   3.327 0.1840
78        1.476   4.760   0.610   0.978   5.922   1.341   1.908   7.117   1.173   0.796   5.551   2.990  -0.588   5.028   3.235 0.2444
270       0.759   4.133   1.376   1.004   4.806   2.648   2.067   4.076   3.459  -0.436   4.922   3.545  -1.134   6.205   3.206 0.1249
111       1.701   4.633   1.605   1.567   5.028   3.005   0.367   5.947   3.203   2.985   5.797   3.543   3.924   4.773   4.109 0.1818
113       0.014   5.014   0.588  -1.031   5.949   0.994  -0.898   7.275   0.254  -0.975   6.210   2.673  -1.853   5.210   3.364 0.1784
246       2.205   4.840   0.977   2.157   5.578   2.236   1.090   6.666   2.194   3.675   6.262   2.582   4.488   5.293   3.388 0.1222
139       1.164   4.921   1.259   0.581   5.695   2.351  -0.102   6.953   1.829   1.776   6.110   3.488   1.865   5.040   4.534 0.1863
123       0.513   5.369   0.157  -0.365   6.503   0.429   0.030   7.715  -0.408  -0.329   6.899   2.082  -1.397   6.132   2.803 0.1950
57       -0.711   4.258   0.701  -1.508   5.169   1.517  -1.707   4.615   2.923  -3.016   5.457   0.786  -2.912   6.648  -0.121 0.2556
121       1.501   4.515   1.344   1.085   5.221   2.553   0.870   6.704   2.276   2.240   5.020   3.785   1.900   3.804   4.594 0.1765
39        1.537   3.237  -2.500   2.408   3.248  -3.671   2.663   4.672  -4.153   1.729   2.321  -4.924   2.202   0.902  -4.810 0.2980
110       0.574   4.512   1.415  -0.264   5.104   2.454  -0.607   6.552   2.124   0.514   5.018   3.963   0.142   3.736   4.645 0.2078
205       1.234   3.717   1.972   1.876   4.071   3.235   3.185   3.312   3.417   0.833   3.757   4.540   0.008   4.977   4.825 0.1427
5        -0.238   4.669   1.015   0.854   4.583   1.980   0.322   4.526   3.407   1.907   5.907   1.802   2.986   5.558   0.821 0.2232
13       -0.344   4.240  -1.749  -1.106   5.301  -2.402  -1.155   5.092  -3.911  -0.432   6.820  -2.045  -1.071   7.371  -0.805 0.3824
40        0.614   4.288   1.603   0.217   5.123   2.733   1.389   5.956   3.239  -0.401   4.162   3.993  -1.883   4.005   3.820 0.3210
260       0.359   3.863   1.519   0.381   4.396   2.878   1.590   3.882   3.651  -1.052   3.989   3.698  -2.074   5.065   3.484 0.1459
77       -0.469   4.495   0.696  -1.112   5.521   1.512  -1.826   4.904   2.709  -2.212   6.420   0.577  -1.508   7.597  -0.029 0.2093
175       1.060   5.483  -0.245   0.346   6.755  -0.178   0.682   7.636  -1.375   0.719   7.568   1.268  -0.260   7.169   2.332 0.1962
122       1.856   4.693   1.324   1.660   5.324   2.627   0.799   6.576   2.507   3.159   5.711   3.330   3.635   4.557   4.161 0.1452
287       2.519   4.541   1.291   2.879   4.943   2.648   1.906   5.983   3.189   4.466   5.554   2.684   5.426   4.434   2.953 0.1374
41       -0.568   4.584  -1.097  -1.375   5.801  -1.090  -1.415   6.426   0.300  -2.954   5.470  -1.627  -3.023   5.647  -3.115 0.2548
53        2.321   4.611   0.692   2.299   5.657   1.710   3.049   6.898   1.239   2.973   5.085   3.163   1.893   4.485   4.013 0.2694
130      -0.333   4.433  -0.698  -1.206   5.604  -0.684  -0.577   6.747   0.105  -2.722   5.205  -0.026  -3.641   4.757  -1.123 0.2103
86        3.553   3.774  -0.134   4.997   3.562  -0.196   5.328   2.086  -0.380   5.744   4.156   1.211   6.127   5.592   1.005 0.1779
165       1.075   5.342   1.089   0.610   6.033   2.288  -0.860   6.418   2.166   1.553   7.419   2.578   2.715   7.058   3.454 0.1653
103       0.926   4.306   1.148   0.306   5.140   2.173   0.808   6.577   2.088   0.613   4.506   3.720  -0.480   3.549   4.094 0.2636
22        3.601   1.958  -1.251   4.281   2.215  -2.517   3.439   3.110  -3.419   4.633   0.753  -3.310   5.988   0.269  -2.888 0.3141
26        0.514   5.437   0.306  -0.229   6.591   0.804   0.665   7.502   1.636  -1.565   6.085   1.725  -2.759   5.929   0.831 0.3124
35        0.736   5.813  -0.886  -0.074   7.022  -1.007   0.263   8.021   0.093  -1.729   6.635  -0.956  -2.226   6.379  -2.347 0.2604
11        1.864   2.901  -2.426   2.796   2.833  -3.548   4.101   2.159  -3.137   3.110   4.389  -4.155   2.118   4.714  -5.232 0.3155
122       0.993   5.205   0.816   0.422   6.343   1.531  -0.918   5.980   2.160   0.235   7.668   0.483   1.479   8.506   0.509 0.2407
34        3.737   1.960  -2.315   4.644   1.643  -3.414   5.768   2.667  -3.511   3.792   1.570  -4.884   3.311   0.169  -5.114 0.2945
225       0.283   4.351   0.303  -0.058   5.365   1.296   0.545   5.028   2.655  -1.746   5.521   1.429  -2.230   6.562   0.464 0.1724
137       0.615   5.152   0.650  -0.307   6.108   1.257  -0.597   7.268   0.312   0.327   6.694   2.722  -0.125   5.815   3.850 0.1804
92        2.384   4.362   1.390   2.644   4.750   2.774   2.150   6.165   3.049   4.305   4.635   3.120   4.613   3.261   3.636 0.2123
196       1.425   5.249   1.200   1.067   5.993   2.405  -0.277   6.691   2.240   2.274   7.131   2.779   3.290   6.502   3.686 0.1441
35       -0.150   4.974  -0.664  -1.043   6.080  -0.998  -0.265   7.378  -1.175  -2.228   6.269   0.206  -3.426   5.435  -0.136 0.2725
110       0.709   5.576   0.589  -0.106   6.663   1.125  -0.782   7.446   0.006   0.846   7.705   2.074   0.835   7.234   3.498 0.1913
143       0.876   3.612   1.964   1.293   3.942   3.324   2.708   3.448   3.601   0.211   3.276   4.454  -0.882   4.262   4.741 0.1687
56        0.867   5.504  -0.051   0.117   6.739   0.157   0.984   7.962  -0.117  -0.494   6.802   1.743  -1.858   6.179   1.778 0.2549
51        2.230   3.006  -2.417   3.297   3.084  -3.411   3.276   4.425  -4.135   3.158   1.813  -4.532   3.941   0.630  -4.047 0.2763
38        1.439   3.804   1.959   1.175   3.986   3.384   1.081   5.465   3.740   2.389   3.239   4.311   1.994   1.822   4.603 0.2873
131       0.204   4.083   1.499   0.133   4.751   2.796  -0.562   3.873   3.829  -0.679   6.238   2.654   0.312   7.322   2.351 0.1913
64        1.100   3.533   2.334   1.625   3.860   3.657   1.719   2.616   4.533   0.648   5.031   4.409   1.156   6.400   4.067 0.2491
74        2.031   3.259   2.159   3.105   3.409   3.137   4.407   2.811   2.619   2.672   2.677   4.610   1.980   3.681   5.483 0.2006
47        2.657   2.653  -2.284   2.709   3.389  -3.544   1.565   4.392  -3.641   2.658   2.316  -4.861   4.055   1.923  -5.240 0.3355
123       1.259   4.989   0.660   0.605   6.071   1.390   0.742   7.395   0.649   1.255   6.208   2.955   0.475   5.341   3.899 0.1773
41        2.289   2.995   2.505   2.594   3.546   3.822   4.086   3.818   3.972   2.068   2.488   5.045   0.659   2.827   5.428 0.3060
103       1.765   5.197   0.066   1.226   6.458   0.566   0.987   7.443  -0.572   2.277   7.138   1.716   1.910   6.645   3.084 0.1931
22       -0.339   4.404  -1.635  -1.186   5.538  -1.993  -2.639   5.279  -1.613  -1.068   5.865  -3.657   0.040   6.847  -3.897 0.3232
29        4.037   1.926   0.186   5.248   1.985  -0.627   4.922   2.335  -2.074   6.082   0.505  -0.558   7.059   0.533   0.579 0.3185
9         3.611   4.068  -1.179   4.941   4.054  -1.781   4.905   4.599  -3.204   5.577   2.477  -1.776   6.345   2.252  -0.507 0.4002
62       -0.188   4.696  -1.032  -0.878   5.975  -0.893  -1.401   6.166   0.525  -2.159   6.082  -2.006  -1.662   6.693  -3.283 0.2643
328       0.301   4.090   1.123   0.203   4.807   2.391   1.187   4.251   3.413  -1.382   4.720   3.000  -2.179   5.883   2.488 0.1250
64        1.572   3.214  -2.326   1.028   4.260  -3.186   0.161   5.230  -2.391   0.125   3.576  -4.454   1.022   3.327  -5.629 0.2601
164       1.767   5.094   0.686   1.346   6.008   1.743   0.239   6.937   1.258   2.669   6.919   2.301   3.330   6.196   3.437 0.1770
124       1.397   3.816   1.938   2.140   4.207   3.133   3.308   3.262   3.387   1.112   4.241   4.486   0.516   5.610   4.628 0.1555
51        2.252   4.610   1.215   2.340   5.280   2.509   2.623   6.768   2.338   3.547   4.563   3.468   2.946   3.457   4.284 0.2539
75       -0.370   4.085   1.108  -0.943   4.895   2.180  -0.133   4.760   3.463  -2.560   4.448   2.461  -3.464   5.274   1.596 0.2046
72       -0.044   5.009   0.083  -1.113   5.997   0.197  -0.717   7.312  -0.465  -1.505   6.261   1.830  -2.588   5.309   2.244 0.1830
197       2.371   4.546   1.562   2.796   4.772   2.940   1.699   5.456   3.748   4.216   5.705   2.978   5.411   4.799   2.948 0.1734
118       2.036   4.725   0.985   1.850   5.598   2.141   1.525   7.022   1.707   3.239   5.588   3.121   3.119   4.502   4.148 0.1890
19        2.740   2.799   1.825   4.045   2.782   2.479   5.172   2.880   1.458   4.223   1.371   3.411   3.729   1.625   4.804 0.4134
169       2.294   4.541   1.222   2.371   5.060   2.585   1.479   6.284   2.757   3.978   5.448   2.982   4.645   4.251   3.592 0.1438
70        0.629   5.701  -0.468  -0.108   6.942  -0.691   0.644   7.864  -1.644  -0.394   7.736   0.785  -1.701   7.274   1.357 0.2272
37        3.256   2.283  -1.882   4.685   2.199  -2.171   5.088   3.205  -3.242   5.098   0.625  -2.664   5.476  -0.192  -1.465 0.3595
98        0.762   5.763  -0.124   0.012   7.005   0.043  -0.966   6.902   1.207  -0.823   7.391  -1.387   0.049   8.246  -2.259 0.2536
233       0.809   3.632   2.014   1.222   3.913   3.386   2.460   3.109   3.763  -0.046   3.574   4.468  -0.883   4.803   4.658 0.1075
33       -0.312   4.411  -0.281  -1.131   5.574   0.051  -1.601   6.291  -1.209  -0.262   6.647   1.043  -0.495   6.297   2.482 0.2577
99        1.205   5.373   1.323   0.799   6.397   2.281   0.020   5.786   3.441  -0.138   7.590   1.514   0.758   8.678   1.003 0.2090
12        1.371   3.776  -2.077   0.904   4.981  -2.757   1.662   5.204  -4.061   1.073   6.337  -1.745  -0.180   6.521  -0.942 0.2371
37        2.390   4.338  -1.485   2.143   5.144  -2.678   3.445   5.465  -3.403   1.336   6.582  -2.265  -0.146   6.360  -2.328 0.3091
58       -0.044   3.929   1.587  -0.324   4.565   2.871   0.262   3.757   4.023  -2.000   4.755   3.086  -2.426   6.085   2.538 0.1815
15       -0.515   0.293  -3.893  -0.239  -0.745  -4.882   0.720  -0.240  -5.954  -1.684  -1.282  -5.598  -2.236  -2.432  -4.810 0.4081
30        0.760   5.807   0.907   0.137   6.912   1.630   0.078   6.626   3.126  -1.427   7.206   1.032  -1.356   8.210  -0.080 0.2604
24        1.294   3.332  -2.956   1.138   3.625  -4.378   1.853   4.918  -4.754  -0.509   3.729  -4.786  -1.010   2.376  -5.194 0.3070
60        3.166   3.970   1.207   4.151   3.988   2.285   3.856   5.105   3.279   5.719   4.169   1.653   6.308   2.817   1.381 0.2517
52        1.167   3.788   2.073   1.723   4.206   3.357   1.252   3.294   4.483   1.295   5.817   3.693   2.342   6.738   3.142 0.1879
291       0.663   3.964   1.560   0.898   4.523   2.888   2.102   3.867   3.554  -0.482   4.335   3.863  -1.368   5.535   3.712 0.1206
65        0.340   4.067   1.532   0.346   4.657   2.868  -0.680   3.981   3.771   0.036   6.326   2.781   1.332   7.069   2.643 0.2084
68        1.661   3.116   2.288   2.513   3.184   3.472   3.922   2.689   3.164   1.840   2.272   4.740   0.939   3.146   5.560 0.1647
55       -0.641   4.614  -0.162  -1.427   5.748   0.317  -2.539   5.290   1.253  -2.085   6.609  -0.994  -1.127   7.682  -1.418 0.2363
27        2.043   4.679   0.304   1.924   5.793   1.240   1.706   5.292   2.663   0.649   6.820   0.782   1.169   7.884  -0.137 0.2514
135       0.771   4.374   0.822   0.874   5.269   1.970   1.719   4.647   3.076  -0.672   5.655   2.564  -1.178   6.888   1.876 0.1837
29        3.122   3.568  -1.714   3.556   3.843  -3.081   5.021   4.264  -3.118   2.585   5.051  -3.780   1.416   4.414  -4.471 0.2251
149       2.278   4.834   0.722   2.098   5.811   1.792   1.354   7.043   1.292   3.603   6.262   2.443   3.951   5.348   3.579 0.1732
32        2.895   4.262   0.923   3.684   4.631   2.095   3.771   3.474   3.084   3.018   5.998   2.853   3.630   7.239   2.275 0.2978
26        2.663   4.347   1.112   3.247   4.702   2.402   4.094   3.562   2.954   2.027   5.114   3.513   1.754   6.586   3.433 0.3774
42        2.560   2.641  -2.263   3.824   2.135  -2.789   4.752   3.278  -3.183   3.546   1.122  -4.126   3.382  -0.293  -3.656 0.2775
119      -0.466   4.497   0.168  -1.230   5.634   0.672  -0.520   6.295   1.847  -2.791   5.142   1.135  -3.721   5.265  -0.035 0.2147
14        4.040   1.289   1.220   5.387   0.762   1.016   6.242   0.945   2.264   6.125   1.520  -0.314   5.827   0.743  -1.562 0.2389
53       -0.501   4.635   0.837  -1.719   5.349   1.209  -1.567   6.849   0.983  -2.115   5.042   2.833  -3.011   3.841   2.911 0.2266
61       -0.113   4.368   0.521  -0.781   5.471   1.207   0.228   6.375   1.905  -1.907   4.875   2.333  -3.242   4.716   1.669 0.2553
TOTRMS: 0.1959
BEFORE: 420 0.13904788181382322
AFTER: 100 0.19585000824912807
