282       2.120   1.146   0.303   3.024   2.293   0.294   2.885   3.111   1.572   2.724   3.273  -1.062   3.580   2.818  -2.207 0.0518
225       2.049   1.189   0.607   2.892   2.370   0.760   4.333   2.071   0.362   2.836   2.937   2.362   1.724   3.935   2.500 0.0558
386       2.176   1.093   0.073   3.094   2.228   0.110   3.320   2.796  -1.286   4.578   1.768   0.801   4.529   1.990   2.283 0.0483
242       2.113   1.159   0.465   2.903   2.364   0.704   4.151   2.384  -0.170   3.337   2.473   2.344   2.283   3.233   3.092 0.0541
305       2.179   1.091   0.161   3.091   2.229   0.230   3.849   2.406  -1.081   4.187   2.034   1.515   3.615   2.648   2.758 0.0502
234       2.122   1.150  -0.302   3.075   2.254  -0.232   2.684   3.377  -1.186   4.645   1.707  -0.587   5.324   1.279   0.679 0.0630
292       2.189   1.106   0.012   3.068   2.268   0.114   4.077   2.295  -1.028   3.878   2.268   1.609   3.064   3.021   2.619 0.0607
224       2.172   1.107   0.104   3.068   2.251   0.250   3.650   2.668  -1.096   4.321   1.889   1.340   3.901   2.270   2.729 0.0524
229       2.132   1.146   0.339   2.974   2.317   0.566   3.829   2.623  -0.658   3.966   2.080   1.926   3.259   2.574   3.153 0.0622
242       2.147   1.129   0.158   3.086   2.247   0.129   2.791   3.242   1.245   3.031   3.029  -1.380   4.028   2.401  -2.306 0.0584
239       2.161   1.116   0.287   3.035   2.283   0.367   4.213   2.152  -0.592   3.598   2.495   1.957   2.649   3.380   2.709 0.0477
367       2.174   1.111   0.113   3.076   2.259   0.093   3.049   2.955  -1.263   4.661   1.774   0.469   4.873   1.861   1.951 0.0461
168       2.076   1.169   0.479   2.987   2.306   0.571   2.491   3.325   1.591   3.170   3.045  -0.949   4.320   2.413  -1.676 0.0586
297       2.169   1.116   0.044   3.077   2.256   0.127   3.163   2.988  -1.207   4.625   1.747   0.614   4.718   1.792   2.110 0.0487
217       2.143   1.114  -0.225   3.089   2.222  -0.322   3.114   3.037   0.965   2.697   3.224  -1.639   3.413   2.741  -2.865 0.0667
114       2.105   1.148  -0.425   3.016   2.289  -0.413   3.726   2.439  -1.754   4.157   2.125   0.836   3.626   2.765   2.085 0.0746
356       2.062   1.172   0.587   2.980   2.307   0.614   4.025   2.194  -0.490   3.741   2.419   2.130   2.924   3.289   3.037 0.0466
353       2.131   1.152   0.358   3.012   2.316   0.385   3.958   2.317  -0.810   3.902   2.353   1.833   3.143   3.129   2.868 0.0504
198       2.124   1.147   0.407   2.988   2.319   0.499   4.322   2.074  -0.197   3.249   2.737   2.127   2.192   3.705   2.570 0.0523
284       2.173   1.107   0.003   3.079   2.244   0.138   3.495   2.779  -1.228   4.454   1.805   1.036   4.203   2.062   2.492 0.0570
348       2.132   1.146   0.218   3.044   2.277   0.367   3.004   3.180  -0.860   4.630   1.728   0.636   4.864   1.577   2.110 0.0593
263       2.086   1.191   0.394   2.936   2.354   0.631   3.062   3.207  -0.626   4.476   1.865   1.160   4.485   1.778   2.658 0.0657
209       2.185   1.078  -0.094   3.113   2.204  -0.030   3.939   2.307  -1.307   4.138   2.052   1.318   3.514   2.733   2.500 0.0522
317       1.877   1.291   0.854   2.671   2.500   1.052   3.823   2.569   0.056   3.270   2.563   2.642   2.287   3.281   3.518 0.0475
166       2.158   1.132   0.198   3.083   2.246   0.013   3.545   2.342  -1.436   4.426   2.079   1.043   4.144   2.763   2.348 0.0650
81        2.014   1.200   0.644   2.910   2.352   0.688   3.052   2.882   2.110   2.345   3.583  -0.340   2.936   3.403  -1.706 0.0772
375       2.171   1.093   0.187   3.095   2.224   0.188   3.480   2.619  -1.233   4.489   1.849   1.087   4.283   2.248   2.518 0.0493
198       2.153   1.113  -0.256   3.069   2.250  -0.280   3.573   2.519  -1.693   4.382   1.977   0.766   4.051   2.502   2.131 0.0575
344       2.006   1.189   0.682   2.828   2.371   0.925   3.832   2.583  -0.203   3.642   2.233   2.411   2.795   2.819   3.501 0.0464
153       1.983   1.210   0.689   2.890   2.352   0.759   2.598   3.211   1.983   2.773   3.291  -0.654   3.762   2.797  -1.667 0.0671
100       2.085   1.151  -0.454   2.986   2.288  -0.618   3.495   2.383  -2.051   4.295   2.169   0.460   3.948   2.858   1.746 0.0717
358       2.168   1.096   0.227   3.093   2.225   0.252   3.668   2.494  -1.133   4.350   1.937   1.360   3.957   2.461   2.709 0.0508
299       2.095   1.161   0.408   2.979   2.315   0.533   2.607   3.163   1.744   2.926   3.260  -0.879   3.976   2.786  -1.838 0.0562
173       2.068   1.171  -0.477   3.007   2.288  -0.512   2.415   3.480  -1.255   4.467   1.813  -1.242   5.404   1.292  -0.193 0.0825
56        1.939   1.285   0.752   2.675   2.527   0.973   4.162   2.257   1.168   2.050   3.356   2.320   0.964   4.289   1.873 0.0939
196       2.071   1.182   0.463   2.949   2.348   0.494   2.879   3.052   1.844   2.538   3.432  -0.750   3.324   3.098  -1.983 0.0560
350       2.156   1.141   0.054   3.062   2.284   0.111   2.809   3.124   1.358   2.893   3.244  -1.282   3.849   2.769  -2.336 0.0642
194       2.010   1.221   0.639   2.903   2.374   0.721   4.356   1.956   0.528   2.716   3.164   2.214   1.658   4.220   2.093 0.0690
246       2.114   1.161   0.403   2.911   2.354   0.675   3.964   2.569  -0.406   3.657   2.234   2.198   2.754   2.818   3.244 0.0669
263       2.136   1.148   0.198   3.019   2.311   0.215   3.062   2.948   1.599   2.514   3.454  -0.938   3.196   3.181  -2.246 0.0611
321       2.160   1.132   0.233   3.043   2.295   0.271   4.083   2.231  -0.842   3.812   2.408   1.783   2.974   3.239   2.709 0.0525
153       2.171   1.118   0.079   3.051   2.260   0.314   3.780   2.662  -0.963   4.174   1.902   1.539   3.605   2.297   2.869 0.0678
180       2.148   1.119  -0.212   3.055   2.262  -0.265   3.966   2.183  -1.484   3.987   2.347   1.155   3.274   3.190   2.170 0.0779
334       2.131   1.132   0.321   3.018   2.283   0.468   3.465   2.808  -0.891   4.373   1.871   1.409   4.079   2.141   2.854 0.0506
287       2.178   1.121   0.192   3.014   2.302   0.386   4.200   2.299  -0.571   3.563   2.382   1.994   2.583   3.161   2.818 0.0652
264       2.180   1.083   0.191   3.085   2.222   0.311   3.997   2.329  -0.906   4.016   2.093   1.728   3.302   2.771   2.859 0.0493
274       2.085   1.180   0.537   2.864   2.395   0.758   4.275   2.251   0.199   2.929   2.765   2.416   1.776   3.655   2.775 0.0638
164       2.100   1.159   0.370   3.067   2.252   0.342   2.564   3.451   1.139   3.395   2.713  -1.261   4.552   1.915  -1.784 0.0725
134       2.127   1.115  -0.335   3.065   2.228  -0.455   3.376   2.833   0.909   2.439   3.421  -1.493   2.875   3.137  -2.900 0.0761
477       2.028   1.158   0.699   2.905   2.314   0.863   4.042   2.290  -0.151   3.532   2.363   2.443   2.614   3.160   3.321 0.0379
346       2.148   1.164   0.069   3.022   2.331   0.144   2.787   3.269  -1.034   4.652   1.849   0.189   5.078   1.663   1.615 0.0539
42        1.551   1.489   1.104   2.428   2.650   1.226   3.783   2.384   0.580   2.633   3.069   2.861   1.574   4.052   3.262 0.1120
119       1.959   1.259   0.708   2.846   2.415   0.798   4.305   1.982   0.881   2.443   3.368   2.147   1.433   4.402   1.745 0.0757
198       1.947   1.249   0.769   2.692   2.473   1.049   3.922   2.584   0.156   3.153   2.525   2.685   2.083   3.207   3.484 0.0507
121       2.114   1.137  -0.393   3.033   2.271  -0.417   3.327   2.708  -1.848   4.481   1.880   0.383   4.363   2.238   1.834 0.0638
138       2.137   1.160   0.239   2.955   2.325   0.564   3.391   3.059  -0.698   4.317   1.861   1.469   3.986   1.909   2.931 0.0716
32        1.932   1.246  -0.706   2.913   2.324  -0.798   2.231   3.669  -1.019   4.018   2.016  -2.053   5.184   1.243  -1.513 0.1239
373       1.963   1.241   0.762   2.745   2.455   0.978   4.051   2.414   0.194   3.065   2.667   2.634   1.968   3.478   3.257 0.0458
172       2.172   1.114  -0.002   3.068   2.267  -0.007   4.162   2.108  -1.056   3.761   2.485   1.530   2.890   3.392   2.347 0.0632
314       2.120   1.132   0.441   3.056   2.252   0.420   3.940   2.206  -0.822   4.019   2.248   1.821   3.350   3.061   2.889 0.0531
322       2.096   1.179   0.474   2.903   2.385   0.639   4.066   2.405  -0.345   3.485   2.496   2.232   2.502   3.257   3.072 0.0488
43        1.907   1.265   0.828   2.797   2.421   0.884   3.201   2.733   2.320   2.052   3.778   0.181   2.378   3.825  -1.282 0.1059
212       2.077   1.167   0.466   3.005   2.294   0.455   2.708   3.262   1.594   2.930   3.109  -1.036   3.927   2.510  -1.983 0.0599
132       2.133   1.121  -0.293   3.017   2.266  -0.491   3.597   2.747   0.834   2.181   3.535  -1.255   2.320   3.399  -2.743 0.0740
274       2.153   1.138  -0.200   3.042   2.295  -0.248   2.582   3.297  -1.301   4.638   1.805  -0.567   5.348   1.540   0.728 0.0596
273       2.068   1.181   0.477   2.933   2.352   0.589   2.650   3.124   1.872   2.734   3.369  -0.759   3.706   2.975  -1.831 0.0550
254       2.173   1.131   0.065   3.052   2.283  -0.115   2.909   2.869  -1.515   4.669   1.846   0.172   4.994   2.053   1.622 0.0668
185       2.065   1.187   0.516   2.997   2.310   0.540   4.341   1.921  -0.066   3.214   2.867   2.132   2.203   3.933   2.431 0.0663
228       2.183   1.090  -0.032   3.107   2.220   0.007   3.757   2.444  -1.353   4.301   1.969   1.190   3.836   2.536   2.498 0.0480
171       2.106   1.170   0.320   2.958   2.343   0.496   2.771   2.955   1.879   2.627   3.501  -0.704   3.512   3.259  -1.890 0.0721
69        2.032   1.184  -0.600   2.942   2.321  -0.701   3.028   2.830  -2.135   4.489   1.894  -0.140   4.585   2.178   1.330 0.0785
343       2.092   1.153   0.530   2.949   2.329   0.644   4.190   2.191  -0.229   3.401   2.579   2.264   2.396   3.469   2.932 0.0467
269       2.115   1.151   0.391   2.980   2.317   0.552   3.639   2.698  -0.768   4.167   2.016   1.731   3.653   2.435   3.077 0.0529
105       1.766   1.360   0.944   2.487   2.608   1.180   3.766   2.668   0.353   2.852   2.779   2.832   1.734   3.505   3.518 0.0692
305       2.154   1.135  -0.156   3.048   2.289  -0.164   2.708   3.239  -1.307   4.667   1.784  -0.288   5.234   1.582   1.085 0.0514
269       2.169   1.128  -0.078   3.044   2.293  -0.171   2.766   3.089  -1.440   4.675   1.814  -0.129   5.153   1.792   1.292 0.0521
209       2.147   1.159  -0.023   3.041   2.286   0.227   2.930   3.330  -0.879   4.648   1.751   0.364   4.947   1.429   1.798 0.0627
239       2.158   1.116  -0.061   3.102   2.228  -0.129   2.918   3.177   1.050   2.918   3.074  -1.593   3.822   2.478  -2.631 0.0642
131       1.944   1.256   0.762   2.757   2.453   0.957   4.243   2.130   0.852   2.419   3.159   2.467   1.310   4.156   2.315 0.0653
257       2.165   1.123   0.126   3.087   2.250   0.223   2.670   3.207   1.334   3.169   3.079  -1.260   4.262   2.489  -2.101 0.0619
263       2.149   1.147   0.119   3.013   2.303   0.335   3.206   3.093  -0.954   4.521   1.812   0.949   4.469   1.796   2.448 0.0574
290       2.165   1.111  -0.122   3.068   2.258  -0.123   2.997   3.011  -1.446   4.665   1.756   0.177   4.927   1.780   1.653 0.0505
148       2.126   1.145   0.365   3.056   2.268   0.312   4.143   2.032  -0.731   3.759   2.530   1.838   2.918   3.496   2.617 0.0660
164       2.008   1.246   0.653   2.658   2.502   1.020   4.013   2.639   0.336   2.843   2.602   2.707   1.635   3.261   3.304 0.0762
703       1.965   1.216   0.753   2.802   2.396   0.952   3.679   2.660  -0.266   3.769   2.210   2.338   3.039   2.747   3.533 0.0405
439       2.127   1.191   0.245   2.954   2.392   0.330   2.996   3.126  -1.005   4.531   1.992   0.826   4.613   2.047   2.323 0.0511
234       2.145   1.147  -0.120   3.078   2.260   0.033   2.801   3.353  -0.992   4.681   1.714  -0.114   5.203   1.326   1.237 0.0590
82        1.906   1.275   0.801   2.820   2.412   0.863   2.308   3.477   1.825   3.041   3.081  -0.684   4.202   2.413  -1.357 0.0747
115       2.170   1.136   0.011   3.044   2.305  -0.007   4.280   2.053  -0.863   3.506   2.725   1.574   2.516   3.698   2.142 0.0743
73        2.166   1.125  -0.144   3.008   2.305  -0.319   4.050   2.405   0.789   2.055   3.713  -0.352   1.654   4.011  -1.766 0.1085
115       1.963   1.248   0.717   2.814   2.425   0.866   2.005   3.634   1.319   3.611   2.770  -0.595   4.925   2.046  -0.632 0.0715
242       1.992   1.221   0.675   2.908   2.355   0.766   4.317   1.957   0.343   2.928   2.976   2.349   1.881   4.042   2.481 0.0621
155       2.155   1.123  -0.186   3.074   2.254  -0.093   3.283   2.904  -1.456   4.567   1.754   0.549   4.537   1.886   2.043 0.0627
164       2.130   1.157   0.319   3.040   2.298   0.311   4.270   2.013  -0.543   3.509   2.695   1.896   2.548   3.695   2.466 0.0609
264       2.152   1.132  -0.193   3.036   2.293  -0.247   3.063   2.897  -1.646   4.609   1.863   0.235   4.747   2.052   1.716 0.0590
472       1.887   1.261   0.840   2.704   2.451   1.064   3.659   2.688  -0.099   3.577   2.306   2.516   2.767   2.870   3.645 0.0473
77        2.069   1.193   0.501   2.908   2.361   0.756   2.187   3.373   1.637   3.373   3.089  -0.709   4.664   2.488  -1.178 0.0727
124       2.020   1.239   0.551   2.796   2.430   0.882   3.049   3.282  -0.356   4.273   1.994   1.602   4.100   1.913   3.090 0.0661
495       2.134   1.170   0.270   2.993   2.350   0.304   3.291   2.853  -1.104   4.445   2.003   1.118   4.283   2.301   2.579 0.0494
159       2.009   1.218   0.609   2.841   2.404   0.794   2.286   3.298   1.897   2.962   3.277  -0.660   4.145   2.788  -1.440 0.0660
302       2.158   1.141   0.323   2.971   2.342   0.485   4.264   2.242  -0.315   3.321   2.605   2.128   2.252   3.464   2.735 0.0601
60        1.955   1.246   0.740   3.034   2.217   0.581   2.744   3.493   1.363   3.268   2.581  -1.063   4.275   1.635  -1.646 0.0887
462       2.017   1.171   0.648   2.979   2.265   0.741   3.390   2.754  -0.643   4.351   1.775   1.617   4.147   2.071   3.073 0.0444
193       2.163   1.118   0.044   3.060   2.270   0.021   3.444   2.695   1.433   2.335   3.569  -0.802   2.684   3.496  -2.259 0.0705
97        2.120   1.138  -0.348   3.079   2.230  -0.210   3.004   3.180  -1.400   4.657   1.616  -0.053   4.967   1.400   1.398 0.0821
601       1.954   1.235   0.779   2.797   2.417   0.934   4.025   2.338   0.034   3.274   2.597   2.556   2.269   3.440   3.283 0.0444
391       2.150   1.136   0.248   3.048   2.285   0.174   3.165   2.798  -1.257   4.586   1.875   0.774   4.639   2.157   2.246 0.0514
111       2.003   1.230   0.686   2.731   2.468   0.953   4.213   2.313   0.633   2.530   2.936   2.575   1.330   3.828   2.693 0.0798
139       2.138   1.151   0.266   3.017   2.300   0.462   2.453   3.250   1.512   3.251   3.125  -1.006   4.446   2.559  -1.713 0.0586
40        1.828   1.354   0.925   2.911   2.316   0.738   3.789   1.930  -0.447   3.853   2.431   2.148   3.295   3.504   3.035 0.1191
107       2.107   1.166   0.346   2.963   2.339   0.500   3.128   2.709   1.970   2.327   3.657  -0.365   2.884   3.656  -1.757 0.0962
386       2.152   1.167   0.092   2.997   2.358   0.110   2.850   3.154  -1.181   4.624   1.927   0.348   4.927   1.910   1.817 0.0506
192       2.104   1.172  -0.388   3.013   2.314  -0.407   2.474   3.430  -1.296   4.555   1.837  -0.940   5.386   1.424   0.238 0.0605
145       2.138   1.153   0.294   3.002   2.329   0.345   4.408   2.000  -0.142   3.063   2.951   1.926   1.973   3.965   2.107 0.0754
884       1.951   1.218   0.781   2.811   2.385   0.953   3.858   2.464  -0.153   3.571   2.344   2.473   2.714   3.051   3.480 0.0381
149       2.183   1.113   0.033   3.070   2.252   0.253   3.948   2.507  -0.967   4.040   1.992   1.624   3.344   2.530   2.839 0.0622
105       2.098   1.205   0.404   2.971   2.370   0.517   2.255   3.528   1.201   3.522   2.850  -1.018   4.806   2.143  -1.333 0.0681
30        1.868   1.301   0.816   2.782   2.434   0.935   3.941   2.107   1.870   1.952   3.809   1.494   1.429   4.586   0.323 0.1126
186       2.126   1.136  -0.338   3.029   2.282  -0.384   2.792   3.117  -1.638   4.647   1.766  -0.325   5.098   1.697   1.104 0.0675
154       2.127   1.145   0.265   3.081   2.249   0.203   2.671   3.381   1.137   3.216   2.828  -1.390   4.306   2.083  -2.102 0.0661
179       2.177   1.094  -0.013   3.075   2.234  -0.172   3.692   2.638   1.162   2.246   3.553  -0.854   2.350   3.490  -2.349 0.0704
274       2.148   1.136   0.105   3.057   2.279   0.077   3.025   3.039   1.398   2.658   3.322  -1.205   3.416   2.917  -2.434 0.0579
228       2.164   1.127  -0.116   3.058   2.274  -0.235   3.297   2.634  -1.697   4.539   1.956   0.537   4.461   2.394   1.969 0.0611
650       2.022   1.177   0.650   2.904   2.327   0.828   3.524   2.753  -0.498   4.126   1.968   1.954   3.662   2.340   3.331 0.0392
574       1.966   1.229   0.749   2.895   2.354   0.795   3.881   2.300  -0.367   3.736   2.369   2.273   2.976   3.189   3.272 0.0485
706       2.078   1.139   0.575   3.006   2.263   0.653   3.574   2.602  -0.720   4.269   1.915   1.738   3.885   2.369   3.114 0.0394
173       2.072   1.198   0.520   2.824   2.414   0.814   3.989   2.586  -0.154   3.396   2.385   2.415   2.378   3.011   3.321 0.0640
144       2.108   1.158   0.371   3.053   2.263   0.238   3.021   3.163   1.468   2.713   3.171  -1.159   3.481   2.611  -2.318 0.0779
664       2.080   1.153   0.543   3.016   2.273   0.559   3.439   2.656  -0.855   4.384   1.891   1.493   4.149   2.301   2.916 0.0379
244       2.074   1.197   0.549   2.879   2.404   0.711   4.221   2.268   0.002   3.122   2.738   2.360   2.018   3.623   2.859 0.0495
900       2.052   1.174   0.612   2.994   2.290   0.629   3.788   2.358  -0.671   4.052   2.153   1.952   3.466   2.864   3.136 0.0409
171       1.700   1.416   0.995   2.515   2.618   1.139   3.576   2.696   0.047   3.251   2.657   2.671   2.353   3.368   3.639 0.0650
304       2.112   1.159   0.443   3.065   2.258   0.313   3.482   2.454  -1.140   4.434   1.974   1.280   4.214   2.563   2.642 0.0579
373       2.050   1.211   0.500   2.915   2.377   0.650   3.125   3.080  -0.686   4.413   1.924   1.313   4.343   2.007   2.809 0.0552
90        2.087   1.144  -0.450   2.976   2.289  -0.627   3.767   2.572   0.645   2.087   3.666  -1.080   1.996   3.733  -2.575 0.0877
550       2.052   1.213   0.544   2.911   2.390   0.625   3.257   2.913  -0.764   4.334   2.029   1.483   4.121   2.306   2.942 0.0436
1169      2.015   1.174   0.674   2.942   2.297   0.783   3.486   2.694  -0.584   4.224   1.909   1.831   3.862   2.305   3.231 0.0337
155       2.168   1.113  -0.072   3.093   2.237  -0.186   3.684   2.322  -1.588   4.337   2.100   0.964   3.929   2.796   2.228 0.0588
138       2.142   1.162   0.217   3.054   2.274  -0.035   3.336   3.054   1.244   2.411   3.311  -1.220   2.869   2.863  -2.577 0.0849
502       2.055   1.180   0.585   2.996   2.297   0.566   3.293   2.740  -0.862   4.439   1.870   1.356   4.334   2.218   2.811 0.0467
317       2.059   1.204   0.529   2.882   2.397   0.708   3.675   2.711  -0.555   3.939   2.196   2.025   3.276   2.686   3.277 0.0491
90        1.928   1.263   0.776   2.828   2.412   0.834   2.735   3.114   2.184   2.474   3.506  -0.418   3.287   3.159  -1.630 0.0892
841       2.085   1.126   0.573   3.011   2.251   0.672   3.907   2.334  -0.559   3.961   2.117   2.076   3.274   2.815   3.212 0.0409
404       2.105   1.178   0.449   3.050   2.286   0.345   3.722   2.308  -1.023   4.224   2.181   1.570   3.753   2.932   2.779 0.0547
111       1.941   1.249   0.727   2.866   2.377   0.769   2.277   3.541   1.557   3.261   2.880  -0.806   4.474   2.135  -1.279 0.0766
452       1.983   1.203   0.689   2.873   2.346   0.871   3.401   2.849  -0.468   4.169   1.932   1.890   3.798   2.224   3.314 0.0439
1087      1.920   1.230   0.819   2.813   2.376   0.969   3.729   2.520  -0.240   3.738   2.225   2.388   3.010   2.870   3.530 0.0391
1089      1.884   1.252   0.853   2.769   2.400   1.029   3.591   2.658  -0.229   3.800   2.155   2.359   3.152   2.692   3.600 0.0366
150       1.916   1.309   0.722   2.680   2.533   0.947   3.104   3.165  -0.373   4.047   2.211   1.906   3.694   2.380   3.353 0.0648
771       2.054   1.168   0.622   2.922   2.334   0.754   3.960   2.375  -0.361   3.694   2.331   2.269   2.849   3.072   3.262 0.0376
32        1.908   1.279   0.790   3.019   2.216   0.644   2.575   3.644   0.940   3.673   2.122  -0.923   4.769   1.099  -0.946 0.1033
173       2.156   1.150   0.191   3.058   2.278  -0.022   3.216   2.582  -1.508   4.577   1.962   0.673   4.589   2.452   2.091 0.0666
729       1.964   1.195   0.750   2.855   2.337   0.939   3.582   2.686  -0.354   3.980   2.013   2.172   3.420   2.460   3.490 0.0360
881       2.054   1.167   0.617   2.995   2.284   0.625   3.597   2.504  -0.758   4.229   2.012   1.762   3.820   2.581   3.088 0.0402
1068      1.986   1.175   0.747   2.906   2.300   0.880   3.731   2.488  -0.388   3.934   2.072   2.215   3.306   2.673   3.437 0.0369
323       1.912   1.276   0.778   2.682   2.493   1.020   3.373   2.967  -0.253   3.830   2.235   2.246   3.224   2.569   3.577 0.0592
441       1.995   1.244   0.680   2.784   2.461   0.849   3.946   2.502  -0.137   3.367   2.573   2.442   2.374   3.316   3.286 0.0383
1037      2.062   1.158   0.595   2.971   2.297   0.677   3.718   2.498  -0.636   4.077   2.082   1.950   3.513   2.672   3.208 0.0368
353       1.947   1.255   0.751   2.732   2.466   0.970   3.811   2.621  -0.096   3.440   2.443   2.516   2.509   3.084   3.502 0.0483
210       2.160   1.121   0.163   3.079   2.253   0.090   3.885   2.223  -1.203   4.126   2.253   1.430   3.515   3.052   2.542 0.0605
32        1.680   1.405   1.011   2.615   2.518   1.147   4.058   2.026   1.149   2.295   3.391   2.571   1.314   4.486   2.275 0.0929
1376      2.039   1.170   0.654   2.926   2.323   0.780   3.880   2.414  -0.405   3.807   2.238   2.232   3.044   2.933   3.321 0.0396
959       2.044   1.197   0.620   2.976   2.320   0.591   3.423   2.627  -0.833   4.328   1.996   1.570   4.065   2.482   2.964 0.0364
102       2.115   1.156  -0.388   2.949   2.344  -0.552   2.295   3.348  -1.494   4.487   1.913  -1.134   5.404   1.649   0.023 0.0723
87        1.896   1.266   0.801   2.789   2.414   0.928   4.218   1.969   1.216   2.244   3.457   2.155   1.312   4.475   1.569 0.0804
188       2.155   1.133  -0.053   3.043   2.290  -0.130   3.288   2.887   1.251   2.393   3.469  -1.168   2.880   3.228  -2.566 0.0635
128       2.020   1.207   0.590   2.979   2.309   0.599   2.341   3.586   1.132   3.595   2.572  -0.964   4.826   1.739  -1.163 0.0703
18        2.158   1.168   0.042   2.973   2.377  -0.035   4.304   2.188   0.682   2.135   3.700   0.629   1.344   4.381  -0.447 0.1230
121       2.112   1.127  -0.399   3.067   2.231  -0.445   3.232   2.870   0.929   2.570   3.399  -1.576   3.155   3.075  -2.918 0.0648
285       2.101   1.208   0.404   2.950   2.395   0.355   3.045   2.944  -1.064   4.503   2.038   0.947   4.545   2.290   2.425 0.0546
568       1.997   1.279   0.612   2.811   2.489   0.689   3.259   2.937  -0.698   4.165   2.232   1.684   3.820   2.591   3.099 0.0453
224       1.733   1.326   0.974   2.643   2.450   1.177   3.402   2.780  -0.102   3.736   2.109   2.434   3.160   2.573   3.738 0.0581
734       1.960   1.238   0.756   2.912   2.346   0.753   3.623   2.454  -0.591   4.049   2.155   2.002   3.546   2.827   3.244 0.0408
265       1.912   1.294   0.805   2.679   2.523   0.989   4.049   2.420   0.330   2.854   2.870   2.645   1.710   3.728   3.099 0.0635
364       2.004   1.220   0.676   2.888   2.381   0.739   4.044   2.244  -0.244   3.486   2.585   2.318   2.559   3.475   3.092 0.0486
145       2.167   1.149  -0.157   2.989   2.339  -0.359   2.557   3.098  -1.607   4.631   1.913  -0.473   5.250   1.937   0.893 0.0725
40        1.833   1.323   0.890   2.651   2.527   1.006   3.985   2.222   1.676   1.820   3.727   1.879   1.026   4.575   0.931 0.0955
165       2.009   1.227   0.638   2.918   2.368   0.693   4.207   2.080  -0.068   3.271   2.768   2.307   2.271   3.770   2.804 0.0647
111       2.174   1.109   0.153   3.066   2.262   0.067   3.860   2.439   1.357   2.181   3.673  -0.271   2.088   3.861  -1.756 0.0963
1034      1.978   1.182   0.744   2.913   2.297   0.866   3.582   2.601  -0.470   4.091   1.958   2.044   3.616   2.446   3.380 0.0317
388       2.092   1.212   0.413   2.940   2.400   0.411   3.731   2.509  -0.887   4.001   2.373   1.740   3.356   3.056   2.909 0.0486
500       1.888   1.298   0.828   2.746   2.476   0.929   3.854   2.439  -0.117   3.418   2.588   2.487   2.510   3.396   3.366 0.0450
1404      1.980   1.207   0.736   2.873   2.356   0.857   3.633   2.599  -0.441   3.965   2.127   2.139   3.376   2.679   3.403 0.0312
1386      1.995   1.191   0.724   2.944   2.299   0.782   3.573   2.554  -0.583   4.155   1.984   1.933   3.727   2.517   3.268 0.0319
1622      1.929   1.248   0.783   2.847   2.380   0.870   3.411   2.736  -0.501   4.113   2.036   1.950   3.726   2.476   3.331 0.0358
358       1.778   1.374   0.934   2.617   2.564   1.043   3.570   2.674  -0.141   3.495   2.540   2.498   2.701   3.221   3.573 0.0500
227       2.096   1.206   0.482   3.014   2.333   0.345   3.196   2.718  -1.119   4.519   1.960   1.042   4.517   2.369   2.485 0.0518
400       2.045   1.235   0.537   2.860   2.443   0.629   3.925   2.471  -0.461   3.589   2.551   2.161   2.687   3.305   3.092 0.0439
887       1.843   1.323   0.872   2.672   2.519   0.990   3.527   2.720  -0.256   3.663   2.421   2.368   2.947   3.020   3.542 0.0410
1666      1.923   1.268   0.787   2.780   2.443   0.917   3.439   2.791  -0.413   3.968   2.182   2.105   3.450   2.635   3.438 0.0354
551       2.085   1.198   0.463   2.962   2.365   0.494   3.621   2.593  -0.861   4.150   2.183   1.697   3.644   2.752   2.990 0.0428
112       1.985   1.237   0.693   2.938   2.343   0.717   2.228   3.674   0.935   3.831   2.389  -0.729   5.069   1.556  -0.577 0.0790
2241      1.914   1.239   0.818   2.832   2.369   0.930   3.558   2.619  -0.386   3.958   2.098   2.175   3.418   2.640   3.465 0.0309
483       2.041   1.237   0.597   2.910   2.410   0.562   3.240   2.806  -0.872   4.341   2.115   1.430   4.152   2.521   2.861 0.0429
457       1.970   1.248   0.735   2.936   2.341   0.663   3.381   2.587  -0.773   4.285   2.005   1.642   4.049   2.544   3.022 0.0460
2078      1.987   1.240   0.707   2.865   2.406   0.750   3.516   2.653  -0.606   4.059   2.206   1.943   3.561   2.757   3.246 0.0335
34        1.885   1.377   0.714   2.772   2.535   0.794   1.982   3.837   0.732   3.921   2.490  -0.459   5.140   1.750   0.007 0.1220
1655      1.903   1.287   0.823   2.782   2.452   0.885   3.562   2.620  -0.413   3.854   2.318   2.197   3.238   2.943   3.413 0.0376
1808      1.959   1.249   0.738   2.849   2.407   0.745   3.367   2.710  -0.656   4.152   2.147   1.806   3.790   2.642   3.174 0.0365
1149      1.852   1.314   0.860   2.785   2.437   0.878   3.425   2.641  -0.490   3.988   2.189   2.053   3.539   2.774   3.359 0.0403
TOTRMS: 0.0494
cutoff: 0.07
BEFORE: 570 0.04180517205832331
AFTER: 200 0.04941665929766027
