120       4.307   1.494  -0.683   5.299   1.452  -1.753   6.534   2.268  -1.388   4.630   2.026  -3.207   4.027   0.881  -3.966 0.1220
396       4.499   1.351  -0.347   5.813   1.333  -0.984   5.717   0.849  -2.426   6.884   0.346  -0.108   7.595   1.172   0.923 0.1093
583       3.954   1.193  -1.269   4.678   1.126  -2.535   6.151   0.807  -2.308   4.523   2.590  -3.385   3.319   2.525  -4.278 0.1071
170       2.530   2.439   2.513   2.365   3.101   3.803   3.603   2.923   4.674   0.995   2.498   4.609  -0.205   3.318   4.237 0.1239
555       3.855   1.330  -1.394   4.531   1.423  -2.685   5.868   0.691  -2.659   4.766   3.051  -3.117   3.584   3.535  -3.903 0.0975
654       4.008   1.325  -1.173   4.815   1.346  -2.390   6.240   0.884  -2.111   4.829   2.907  -3.065   3.691   3.044  -4.032 0.0912
434       3.689   1.485  -1.443   4.393   1.537  -2.721   3.753   2.553  -3.660   4.413   0.001  -3.450   5.637  -0.746  -3.010 0.0992
54        3.849   1.709   1.496   4.713   1.883   2.660   6.180   1.717   2.284   4.295   0.774   3.879   3.262   1.387   4.779 0.1421
337       3.470   1.649  -2.014   4.155   1.660  -3.303   4.083   3.037  -3.951   3.485   0.491  -4.341   4.214  -0.808  -4.168 0.1070
224       2.152   2.558   2.631   1.872   3.241   3.891   2.819   2.774   4.991   0.259   2.982   4.361  -0.608   4.064   3.790 0.1262
277       2.552   2.894  -2.187   2.420   3.799  -3.325   1.137   4.616  -3.232   2.450   2.925  -4.784   3.865   2.810  -5.269 0.1262
113       3.058   2.201   2.219   3.264   2.734   3.563   4.715   2.574   4.000   2.232   1.962   4.672   0.941   2.720   4.764 0.1296
141       3.007   4.228  -1.349   3.030   4.964  -2.610   4.222   5.910  -2.672   1.583   5.833  -2.815   0.584   4.979  -3.538 0.1251
472       4.114   1.370  -1.178   5.162   1.294  -2.192   4.798   2.121  -3.420   5.440  -0.322  -2.638   6.502  -0.909  -1.756 0.1000
795       3.498   1.568  -1.992   4.120   1.646  -3.311   3.649   2.883  -4.067   3.779   0.246  -4.212   4.847  -0.779  -3.968 0.1012
290       3.882   1.282  -1.191   4.825   1.284  -2.306   4.112   1.546  -3.628   5.661  -0.195  -2.378   6.911  -0.104  -1.556 0.0979
619       3.865   1.394  -1.707   4.775   1.262  -2.841   4.745   2.510  -3.716   4.375  -0.108  -3.766   5.133  -1.296  -3.251 0.1061
168       4.505   1.658  -1.077   5.777   1.170  -1.602   6.818   2.282  -1.638   5.566   0.519  -3.159   5.255  -0.945  -3.050 0.1174
155       3.264   1.834  -2.048   3.520   2.117  -3.457   5.013   2.263  -3.725   2.701   3.527  -3.937   1.336   3.165  -4.443 0.1275
64        3.094   2.164   1.951   3.285   2.641   3.318   2.279   3.732   3.665   4.870   3.220   3.529   5.755   2.100   3.987 0.1385
597       3.484   1.354  -1.739   4.058   1.418  -3.080   3.116   2.126  -4.046   4.410  -0.145  -3.649   5.812  -0.514  -3.262 0.1070
128       2.022   3.095  -2.265   1.668   4.100  -3.264   0.586   5.037  -2.740   1.148   3.352  -4.699   2.324   3.129  -5.602 0.1222
49        2.063   3.174   2.527   1.840   4.177   3.564   2.776   3.961   4.748   0.222   4.143   4.086  -0.593   5.085   3.251 0.1562
96        2.208   2.741   2.592   2.117   3.453   3.864   1.821   2.493   5.010   0.917   4.655   3.786   1.528   5.942   3.316 0.1376
13        1.319   3.595   2.071   0.639   4.778   2.592  -0.092   5.524   1.482   1.752   5.813   3.355   1.854   5.453   4.807 0.1649
55        3.141   3.385  -1.878   3.537   3.563  -3.272   4.740   4.491  -3.386   2.239   4.174  -4.184   1.441   3.035  -4.744 0.1447
25        2.127   2.990   2.456   2.035   3.726   3.713   1.090   3.033   4.687   1.515   5.320   3.431   2.707   6.203   3.209 0.1713
50        2.551   3.061   2.370   2.318   4.097   3.372   3.560   4.958   3.571   1.850   3.398   4.850   0.356   3.272   4.893 0.1581
53        2.668   2.291   2.285   2.405   2.881   3.595   3.609   2.729   4.517   1.034   2.167   4.302  -0.191   2.938   3.909 0.1313
628       3.958   1.225  -1.157   4.760   1.082  -2.368   6.250   1.101  -2.046   4.387   2.317  -3.476   3.275   1.864  -4.374 0.1103
310       3.310   2.508  -1.765   3.594   3.199  -3.019   2.325   3.797  -3.616   4.317   2.137  -4.132   5.808   2.187  -3.975 0.1447
609       3.978   1.472  -1.652   4.938   1.448  -2.752   4.663   2.571  -3.745   4.895  -0.056  -3.545   5.879  -0.988  -2.903 0.1044
107       4.594   1.301  -0.191   5.977   1.108  -0.617   6.233   1.772  -1.965   6.346  -0.550  -0.704   6.879  -1.013   0.619 0.1256
196       3.911   1.295  -1.052   4.761   1.211  -2.236   4.161   1.992  -3.399   4.996  -0.413  -2.683   6.213  -0.951  -1.992 0.0894
14        4.127   1.881   1.532   4.997   2.246   2.646   6.362   2.706   2.149   5.176   0.933   3.712   4.107   0.992   4.763 0.1750
63        3.055   3.338  -1.928   3.452   3.500  -3.324   4.132   4.845  -3.549   2.101   3.351  -4.346   1.933   1.916  -4.747 0.1676
12        4.326   2.840  -1.071   4.995   2.465  -2.313   4.041   2.551  -3.499   5.635   0.895  -2.192   7.038   0.966  -1.668 0.2217
506       4.076   1.315  -1.038   5.035   1.310  -2.139   4.450   0.637  -3.375   6.470   0.525  -1.672   7.420   1.527  -1.086 0.1197
112       2.535   4.488  -1.152   2.151   5.440  -2.191   3.315   5.721  -3.134   1.601   6.890  -1.494   0.120   6.808  -1.274 0.1368
427       4.434   1.351  -0.278   5.660   1.259  -1.065   6.875   1.057  -0.167   5.862   2.656  -2.013   5.205   2.454  -3.346 0.1092
437       4.212   1.193  -0.924   5.175   1.070  -2.015   6.587   0.864  -1.480   5.123   2.447  -3.011   4.123   2.233  -4.108 0.1030
666       4.425   1.173  -0.520   5.594   0.966  -1.369   6.881   1.027  -0.554   5.637   2.123  -2.614   4.900   1.598  -3.810 0.1091
123       2.851   4.180  -1.454   2.898   4.845  -2.752   4.322   5.251  -3.111   1.884   6.210  -2.756   0.511   5.812  -3.210 0.1208
528       3.823   1.386  -1.637   4.690   1.315  -2.810   4.300   2.362  -3.846   4.630  -0.238  -3.499   5.692  -1.100  -2.885 0.0936
140       1.959   2.642   2.617   1.596   3.364   3.833   2.099   2.635   5.074  -0.089   3.570   3.920  -0.470   4.860   3.257 0.1250
94        2.697   2.381   2.362   2.605   3.018   3.672   3.984   3.406   4.192   1.833   1.986   4.781   0.355   2.239   4.754 0.1267
41        2.254   4.637   0.720   1.704   5.822   1.372   0.211   5.956   1.098   2.521   7.219   0.851   3.688   7.483   1.755 0.1362
396       3.760   1.312  -1.396   4.641   1.389  -2.558   3.838   1.489  -3.850   5.670   0.037  -2.613   6.932   0.338  -1.862 0.1000
131       3.438   1.900   1.994   3.924   2.247   3.326   5.257   1.568   3.619   2.778   1.817   4.507   1.847   2.968   4.743 0.1237
121       1.981   2.716   2.607   1.657   3.453   3.824   1.624   2.527   5.034   0.163   4.247   3.657   0.387   5.621   3.099 0.1313
87        3.066   4.189  -1.269   3.321   4.906  -2.515   4.085   6.200  -2.257   1.859   5.242  -3.315   1.526   4.113  -4.244 0.1315
260       4.043   1.286  -1.000   4.986   1.245  -2.114   4.363   1.819  -3.381   5.508  -0.349  -2.392   6.738  -0.621  -1.577 0.0987
330       4.361   1.449  -0.832   5.578   1.377  -1.636   5.582   2.446  -2.722   5.736  -0.165  -2.334   6.510  -1.056  -1.408 0.1168
342       4.138   1.409  -1.125   5.294   1.125  -1.970   5.775   2.383  -2.683   4.915  -0.081  -3.107   5.232  -1.429  -2.530 0.1062
494       4.287   1.449  -0.660   5.444   1.496  -1.550   5.050   1.146  -2.980   6.656   0.437  -1.002   7.573   1.168  -0.067 0.1051
269       4.693   1.396   0.108   6.069   1.363  -0.380   6.109   1.231  -1.898   6.923   0.081   0.339   7.573   0.560   1.602 0.1190
366       3.943   1.327  -1.552   4.926   1.206  -2.626   4.306   1.540  -3.977   5.582  -0.362  -2.656   6.798  -0.412  -1.780 0.1071
309       4.333   1.376  -0.605   5.437   1.275  -1.555   6.766   1.613  -0.890   5.172   2.303  -2.884   4.424   1.559  -3.950 0.1153
93        2.650   4.379  -1.255   2.361   5.221  -2.413   3.622   5.915  -2.915   1.175   6.376  -2.025  -0.184   5.814  -2.320 0.1262
414       4.123   1.327  -1.172   5.242   1.094  -2.081   5.332   2.192  -3.134   5.090  -0.424  -2.833   5.781  -1.465  -2.003 0.1083
440       4.025   1.419  -1.013   5.049   1.487  -2.052   4.421   1.511  -3.441   6.118   0.172  -1.919   7.260   0.545  -1.021 0.0981
51        2.157   2.862  -2.372   1.722   3.735  -3.458   0.254   3.503  -3.795   2.684   3.489  -4.839   3.859   4.419  -4.802 0.1755
404       3.787   1.418  -1.457   4.460   1.591  -2.741   5.548   0.541  -2.936   5.127   3.150  -2.856   4.120   4.081  -3.463 0.1029
20        3.047   4.583   1.429   2.676   5.795   2.152   3.052   5.693   3.626   1.009   6.093   1.995   0.766   6.953   0.791 0.1928
511       3.587   1.423  -1.649   4.091   1.522  -3.016   5.506   0.964  -3.121   4.061   3.137  -3.544   2.743   3.424  -4.200 0.1047
220       4.360   1.211  -0.893   5.516   1.072  -1.774   5.101   1.133  -3.239   6.329  -0.388  -1.459   7.380  -0.160  -0.414 0.1328
140       4.428   1.399  -0.690   5.732   1.174  -1.306   6.154   2.371  -2.150   5.702  -0.232  -2.262   6.094  -1.414  -1.425 0.1201
88        2.494   4.440  -0.985   2.274   5.392  -2.070   0.798   5.467  -2.442   3.198   4.964  -3.431   4.538   5.634  -3.357 0.1075
19        3.316   2.164   2.089   3.757   2.686   3.379   4.425   1.598   4.212   2.444   3.349   4.231   2.311   4.804   3.891 0.1788
57        4.387   1.456  -0.975   5.616   0.893  -1.526   6.586   1.993  -1.941   5.266  -0.108  -2.856   5.048  -1.513  -2.380 0.1493
16        2.830   4.365   1.755   2.436   5.268   2.833   3.448   5.236   3.972   0.891   4.861   3.413  -0.149   5.618   2.642 0.2891
167       2.824   2.512   2.443   2.784   3.232   3.712   3.922   2.795   4.627   1.289   2.990   4.485   0.326   4.057   4.056 0.1296
66        1.822   3.265   2.393   1.302   4.350   3.221   2.300   4.742   4.303  -0.177   3.899   3.928  -1.305   4.291   3.020 0.1604
209       4.690   1.343   0.005   6.107   1.297  -0.343   6.310   0.731  -1.744   6.967   0.368   0.791   7.453   1.255   1.899 0.1112
46        2.451   4.446  -1.160   2.031   5.388  -2.194   2.910   6.633  -2.192   0.402   5.822  -1.975  -0.475   4.873  -2.736 0.1769
337       3.757   1.329  -1.823   4.656   1.153  -2.960   4.112   1.847  -4.203   4.899  -0.500  -3.274   6.082  -0.989  -2.492 0.1074
83        2.025   2.755   2.542   1.484   3.563   3.631   2.217   3.284   4.938  -0.180   3.266   3.821  -0.959   4.221   2.966 0.1326
175       2.617   2.925  -2.087   2.554   3.863  -3.204   1.110   4.132  -3.613   3.435   3.268  -4.530   4.854   3.746  -4.443 0.1318
2195      3.373   1.551  -1.816   3.935   1.767  -3.146   2.835   1.909  -4.191   4.976   0.490  -3.564   6.371   0.814  -3.118 0.1184
66        1.506   3.553   2.314   0.637   4.634   2.769   1.452   5.841   3.218  -0.362   4.099   4.036  -1.639   3.553   3.471 0.1537
351       2.881   2.118  -2.183   2.984   2.579  -3.565   1.903   3.605  -3.883   2.875   1.265  -4.639   4.247   0.723  -4.907 0.1215
64        4.740   1.368   0.641   6.198   1.294   0.671   6.752   0.838  -0.674   6.714   0.240   1.901   6.907   1.011   3.172 0.1524
496       3.600   1.398  -1.673   4.095   1.559  -3.037   5.303   0.664  -3.291   4.500   3.183  -3.333   3.303   3.906  -3.875 0.0971
353       4.558   1.271  -0.005   5.882   1.089  -0.592   6.978   1.331   0.440   6.091   2.131  -1.919   5.639   1.442  -3.172 0.1130
25        2.785   2.275  -2.413   2.913   2.804  -3.767   4.081   2.157  -4.501   3.111   4.492  -3.728   1.767   5.155  -3.790 0.2057
28        3.336   3.950   2.289   3.127   4.759   3.487   3.057   6.242   3.143   4.367   4.479   4.615   3.972   3.354   5.525 0.2040
16        3.988   3.160   2.608   4.127   3.795   3.915   5.472   4.503   4.040   3.956   2.645   5.155   2.513   2.552   5.554 0.2109
12        1.940   3.065  -2.509   1.478   4.000  -3.531   2.647   4.759  -4.149   0.357   5.094  -2.870  -1.028   4.537  -3.011 0.1645
18        2.211   2.369   2.454   1.875   2.931   3.759   0.855   4.056   3.626   3.274   3.502   4.538   3.870   2.402   5.365 0.3225
385       3.806   1.528  -1.689   4.730   1.360  -2.807   4.999   2.689  -3.502   4.112   0.234  -3.922   4.586  -1.142  -3.557 0.1080
150       2.709   2.531  -2.213   2.662   3.226  -3.496   1.258   3.739  -3.791   3.183   2.198  -4.746   4.665   2.341  -4.927 0.1298
127       4.588   1.651  -0.301   5.958   1.704  -0.803   6.146   2.873  -1.763   6.364   0.245  -1.575   6.958  -0.702  -0.574 0.1261
38        4.726   1.227   0.320   6.152   1.033   0.072   6.386  -0.060  -0.964   6.959   0.649   1.518   7.429   1.910   2.179 0.1455
34        2.705   2.259  -2.248   2.550   2.814  -3.589   1.451   2.091  -4.359   4.017   2.722  -4.443   4.810   3.974  -4.212 0.1756
36        3.196   2.657   2.224   3.334   3.402   3.472   4.777   3.386   3.964   2.305   2.760   4.664   0.977   3.456   4.605 0.1603
1163      2.982   1.771  -2.164   3.144   2.050  -3.588   1.794   2.263  -4.262   3.982   0.781  -4.349   5.455   1.061  -4.311 0.1349
152       3.918   1.524  -1.184   4.523   1.554  -2.513   5.963   2.051  -2.449   3.612   2.538  -3.558   2.572   1.706  -4.247 0.1297
52        2.512   3.247  -2.033   2.467   3.520  -3.466   3.645   4.386  -3.897   1.003   4.278  -3.881  -0.018   3.236  -4.230 0.1702
170       2.026   3.125  -2.252   1.686   4.157  -3.227   0.211   4.531  -3.138   2.060   3.632  -4.801   3.466   4.030  -5.139 0.1179
49        2.345   4.561  -0.747   1.893   5.738  -1.484   0.371   5.817  -1.512   2.505   5.715  -3.070   3.827   6.423  -3.107 0.1485
45        2.579   3.715  -1.801   2.595   4.202  -3.178   3.473   5.440  -3.312   1.015   4.547  -3.703   0.419   3.323  -4.333 0.1564
49        2.333   4.646   0.509   1.925   5.881   1.173   0.461   5.820   1.593   2.185   7.216   0.153   3.564   7.759   0.382 0.1719
57        1.571   3.248  -2.246   1.005   4.306  -3.078   0.071   5.200  -2.271   0.173   3.637  -4.402   1.116   3.479  -5.557 0.1371
164       3.434   1.764  -1.824   3.784   1.969  -3.227   5.228   2.436  -3.370   2.732   3.097  -3.942   1.553   2.379  -4.528 0.1167
169       4.066   1.620  -1.657   5.151   1.530  -2.630   5.440   2.888  -3.258   4.771   0.397  -3.839   5.267  -0.958  -3.429 0.1367
49        4.148   1.830  -1.028   5.248   1.398  -1.886   6.259   2.520  -2.089   4.655   0.869  -3.390   4.367  -0.601  -3.324 0.1815
17        3.504   2.018   1.908   4.166   2.289   3.181   3.535   3.486   3.884   5.826   2.564   2.939   6.567   1.264   3.036 0.1867
299       3.625   1.408  -1.488   4.209   1.372  -2.825   5.725   1.221  -2.758   3.801   2.778  -3.689   2.521   2.551  -4.438 0.1101
21        3.910   1.810   1.813   4.837   1.813   2.942   4.677   3.076   3.780   6.440   1.676   2.393   6.821   0.227   2.317 0.2095
17        3.145   2.661  -1.721   3.708   2.436  -3.049   3.945   3.755  -3.776   2.681   1.440  -3.968   3.060   0.004  -3.761 0.2983
20        1.643   3.770   1.716   1.289   4.702   2.783  -0.012   4.290   3.463   1.150   6.282   2.168   2.480   6.970   2.254 0.1912
203       4.591   1.542  -0.424   5.901   1.588  -1.068   5.850   2.399  -2.358   6.460   0.015  -1.390   7.253  -0.483  -0.218 0.1244
8         3.998   1.848   0.912   4.687   2.100   2.174   5.832   3.089   1.987   5.274   0.646   2.830   4.233   0.045   3.726 0.2065
841       3.399   1.820  -1.807   3.903   2.166  -3.133   2.836   1.950  -4.199   5.287   1.249  -3.499   6.511   1.984  -3.040 0.1241
68        2.734   2.401   2.706   2.870   2.996   4.033   4.336   3.183   4.403   2.092   2.032   5.197   0.667   2.474   5.342 0.1484
110       3.947   1.573  -1.119   4.600   1.599  -2.425   5.800   2.539  -2.420   3.497   2.068  -3.631   2.824   0.851  -4.192 0.1186
391       4.443   1.554  -0.595   5.617   1.616  -1.460   5.242   2.081  -2.862   6.381   0.099  -1.533   7.410   0.005  -0.446 0.1378
10        4.772   2.983   1.578   5.553   3.279   2.776   6.567   4.386   2.511   6.347   1.880   3.327   5.464   1.155   4.299 0.2097
104       3.205   2.074   1.978   3.478   2.538   3.335   4.954   2.874   3.513   3.006   1.364   4.470   1.580   1.600   4.870 0.1387
162       3.121   4.186  -1.232   3.377   4.892  -2.484   4.711   5.628  -2.436   2.118   5.987  -2.816   1.060   5.301  -3.628 0.1219
67        3.596   3.813  -1.399   4.176   4.228  -2.673   5.152   5.382  -2.482   2.952   4.674  -3.765   2.525   3.473  -4.556 0.1367
30        1.675   3.542   2.118   1.169   4.732   2.796   0.029   5.368   2.009   2.419   5.861   3.026   3.082   5.611   4.347 0.1686
44        3.562   2.016   1.807   4.046   2.445   3.116   5.478   2.958   3.030   3.949   1.166   4.232   2.615   1.198   4.915 0.1598
277       3.263   2.313  -1.938   3.569   2.905  -3.237   2.441   3.819  -3.703   3.848   1.689  -4.392   5.307   1.342  -4.409 0.1374
109       3.511   2.007  -2.232   4.273   2.188  -3.464   4.258   3.645  -3.911   3.654   1.194  -4.697   4.354  -0.132  -4.670 0.1418
34        3.336   3.891  -1.222   3.951   4.364  -2.459   4.162   5.874  -2.425   2.994   3.939  -3.798   3.420   2.597  -4.312 0.1838
640       3.412   1.599  -1.828   3.943   1.748  -3.179   3.120   2.745  -3.986   3.979   0.244  -3.972   5.298  -0.423  -3.721 0.1043
13        3.096   4.291  -1.296   3.154   5.056  -2.538   1.891   5.887  -2.732   3.377   4.016  -3.865   4.844   3.835  -4.118 0.1912
70        3.140   1.843  -2.167   3.627   1.939  -3.540   3.704   3.392  -3.994   2.626   1.052  -4.588   3.137  -0.354  -4.696 0.1263
93        3.653   1.936   1.879   4.332   2.267   3.130   5.554   1.381   3.342   3.263   2.112   4.443   2.571   3.421   4.682 0.1504
23        2.611   3.081  -2.037   2.836   3.622  -3.375   1.700   4.550  -3.789   3.002   2.362  -4.504   4.447   1.976  -4.613 0.1853
445       3.805   1.548  -1.348   4.694   1.518  -2.506   4.425   2.696  -3.435   4.515   0.055  -3.354   5.480  -0.958  -2.813 0.1034
42        3.721   2.575  -1.916   4.550   2.370  -3.101   5.851   3.157  -3.003   3.701   2.818  -4.504   2.957   1.631  -5.039 0.1672
10        2.980   4.344   2.167   2.570   5.343   3.150   2.488   4.737   4.546   1.070   6.018   2.719   1.294   7.223   1.854 0.3123
246       3.945   1.462  -1.110   4.748   1.498  -2.329   4.186   0.553  -3.385   6.364   1.095  -1.987   7.132   2.341  -1.660 0.1341
545       3.386   1.784  -1.644   3.848   2.012  -3.010   3.085   3.158  -3.664   3.681   0.596  -3.937   4.937  -0.217  -3.839 0.1106
130       2.508   2.692   2.438   2.255   3.501   3.627   2.993   2.941   4.838   0.587   3.581   3.947  -0.001   4.764   3.237 0.1260
38        2.861   3.304  -1.823   3.263   3.644  -3.185   3.296   5.155  -3.387   2.210   2.928  -4.311   2.728   1.572  -4.689 0.1794
69        1.759   2.703   2.657   1.261   3.470   3.795   2.368   3.728   4.810  -0.033   2.656   4.539  -1.324   3.091   3.911 0.1359
148       4.532   1.814  -0.933   5.768   1.291  -1.507   6.945   2.213  -1.210   5.600   1.081  -3.186   5.095  -0.303  -3.468 0.1165
45        2.880   1.893  -2.237   2.803   2.197  -3.663   4.182   2.512  -4.232   1.748   3.502  -3.935   0.358   2.984  -4.154 0.1633
71        3.000   1.879  -2.215   3.070   2.237  -3.628   4.443   1.918  -4.208   2.717   3.887  -3.840   1.243   4.059  -4.055 0.1477
68        1.855   3.483   2.375   1.154   4.596   3.009   2.088   5.780   3.228   0.478   4.105   4.490  -0.914   3.595   4.259 0.1314
215       2.954   1.918  -2.228   3.153   2.259  -3.634   2.403   3.534  -4.001   2.649   0.979  -4.632   3.803   0.053  -4.880 0.1255
130       4.750   1.472   0.003   6.151   1.472  -0.408   6.296   1.896  -1.864   6.837  -0.067  -0.178   7.427  -0.150   1.198 0.1265
62        2.616   3.980  -1.691   2.516   4.551  -3.031   3.745   5.388  -3.365   1.110   5.498  -3.168  -0.025   4.641  -3.643 0.1387
37        3.165   1.992   2.054   3.463   2.403   3.423   4.410   1.417   4.098   2.030   2.546   4.325   1.504   3.946   4.211 0.1380
27        3.694   3.764   2.258   3.666   4.567   3.477   4.261   5.950   3.237   4.507   3.779   4.726   3.560   2.906   5.494 0.1989
104       2.353   2.708   2.495   2.133   3.494   3.706   2.437   2.674   4.955   0.533   4.066   3.759   0.458   5.407   3.091 0.1368
82        1.623   2.734   2.634   0.980   3.501   3.697   1.262   2.888   5.064  -0.697   3.592   3.433  -1.009   4.808   2.613 0.1353
56        2.440   4.520  -1.010   1.998   5.531  -1.966   0.521   5.856  -1.778   2.282   5.006  -3.558   3.647   5.449  -3.994 0.1341
1116      3.635   1.584  -1.863   4.362   1.672  -3.126   3.709   2.679  -4.066   4.443   0.146  -3.872   5.681  -0.567  -3.417 0.0960
68        2.735   4.262  -0.984   2.876   5.004  -2.234   1.588   4.957  -3.048   4.168   4.384  -3.150   5.430   5.108  -2.787 0.1222
137       3.995   1.518  -1.365   5.073   1.201  -2.297   5.763   2.468  -2.789   4.474   0.312  -3.617   4.552  -1.153  -3.310 0.1206
38        2.263   4.569  -1.078   1.578   5.535  -1.932   2.546   6.181  -2.916   0.822   6.730  -0.989  -0.577   6.299  -0.662 0.1772
728       3.512   1.471  -1.975   4.246   1.475  -3.237   3.323   1.788  -4.408   5.013  -0.023  -3.482   6.389   0.016  -2.888 0.1120
8         2.964   2.366  -1.961   2.937   2.866  -3.333   2.781   1.723  -4.330   4.351   3.747  -3.672   4.133   5.191  -3.333 0.3454
30        1.920   3.360   2.153   1.516   4.444   3.043   0.012   4.683   2.969   2.353   5.873   2.656   3.624   5.938   3.449 0.2064
12        4.275   2.765  -1.314   5.445   2.603  -2.173   5.935   3.950  -2.691   5.087   1.572  -3.476   5.397   0.155  -3.093 0.1785
23        3.029   2.251   1.968   3.251   2.652   3.354   1.933   2.965   4.052   4.283   4.002   3.423   5.706   3.539   3.518 0.1731
701       4.112   1.150  -1.061   5.099   0.906  -2.109   6.514   0.920  -1.544   4.952   2.065  -3.344   3.991   1.569  -4.383 0.1099
81        4.079   1.878  -1.831   5.171   1.534  -2.737   6.158   2.688  -2.870   4.562   1.109  -4.267   4.302  -0.367  -4.309 0.1279
24        3.079   4.192   2.132   2.791   4.976   3.330   2.086   6.280   2.975   4.224   5.302   4.185   4.472   4.208   5.180 0.2018
148       4.544   1.406  -0.132   5.803   1.293  -0.864   6.933   1.997  -0.123   5.639   1.938  -2.428   5.202   0.858  -3.371 0.1248
37        3.056   2.830  -1.779   3.618   3.018  -3.113   3.000   4.228  -3.804   3.383   1.625  -4.058   4.555   0.703  -3.890 0.1667
76        2.400   4.566  -1.086   1.851   5.549  -2.015   2.725   5.679  -3.257   1.693   7.061  -1.253   0.335   7.164  -0.624 0.1428
124       1.769   2.706   2.630   1.296   3.465   3.784   2.275   3.362   4.948  -0.240   2.916   4.265  -1.298   3.697   3.545 0.1294
79        2.683   2.606   2.404   2.452   3.356   3.635   3.746   3.534   4.421   1.289   2.573   4.597  -0.077   3.082   4.243 0.1253
140       4.412   1.056  -0.961   5.607   0.846  -1.774   5.240   0.377  -3.177   6.638  -0.284  -1.032   7.598   0.432  -0.129 0.1180
44        1.766   2.804   2.655   1.405   3.509   3.882   0.748   2.567   4.883   0.366   4.809   3.535   1.177   6.044   3.278 0.1255
88        2.630   2.593   2.389   2.304   3.335   3.604   3.454   4.245   4.017   1.923   2.265   4.868   0.450   1.984   4.860 0.1617
14        2.209   3.004  -2.422   1.751   3.759  -3.585   2.646   4.966  -3.844   0.141   4.263  -3.368  -0.787   3.216  -3.907 0.1930
17        3.418   3.517  -1.789   3.959   3.849  -3.104   3.520   5.241  -3.543   3.473   2.694  -4.253   4.488   1.591  -4.313 0.1987
466       3.705   1.400  -1.551   4.459   1.429  -2.801   3.735   2.252  -3.859   4.725  -0.150  -3.371   6.016  -0.672  -2.813 0.0922
41        2.096   2.978   2.537   1.770   3.943   3.583   3.033   4.503   4.226   0.783   3.224   4.766  -0.658   3.411   4.395 0.1218
201       3.764   1.569  -1.379   4.761   1.450  -2.438   4.168   1.812  -3.795   5.396  -0.127  -2.482   6.597  -0.207  -1.588 0.1109
18        3.760   1.721   1.165   4.543   1.865   2.389   3.652   2.231   3.570   5.753   3.042   2.184   7.004   2.390   1.674 0.1757
7         1.608   3.864  -1.864   1.007   4.502  -3.032   0.541   5.916  -2.705  -0.298   3.577  -3.608   0.198   2.594  -4.626 0.1780
56        2.311   4.560   0.952   1.927   5.632   1.867   0.414   5.690   2.042   2.507   7.128   1.304   3.874   7.379   1.869 0.1595
61        4.845   1.512   0.755   6.300   1.469   0.642   6.734   1.315  -0.811   6.930   0.196   1.576   7.232   0.692   2.959 0.1508
462       4.002   1.321  -1.134   4.887   1.354  -2.296   4.144   1.831  -3.538   5.560  -0.182  -2.572   6.851  -0.306  -1.819 0.0958
13        2.548   4.304  -1.427   2.346   5.284  -2.490   1.836   6.606  -1.928   1.258   4.686  -3.651   2.016   3.953  -4.717 0.2180
910       3.974   1.403  -0.748   4.916   1.338  -1.861   4.300   1.903  -3.135   5.420  -0.265  -2.119   6.646  -0.542  -1.301 0.1039
62        2.914   3.483  -1.937   3.203   3.744  -3.344   4.573   4.391  -3.512   2.002   4.739  -4.022   0.908   3.884  -4.591 0.1546
55        2.824   4.171  -1.298   2.922   4.864  -2.580   3.282   6.332  -2.384   1.462   4.730  -3.440   1.501   3.505  -4.304 0.1557
71        4.290   1.688  -1.543   5.375   1.029  -2.265   6.629   1.895  -2.281   4.896   0.667  -3.855   4.282  -0.701  -3.893 0.1272
8         2.536   3.337   2.042   2.772   3.876   3.378   1.499   3.841   4.216   3.363   5.467   3.282   4.861   5.441   3.224 0.2066
101       3.486   1.574  -1.781   3.985   1.795  -3.135   4.795   0.600  -3.624   4.932   3.206  -3.196   4.058   4.381  -3.519 0.1313
32        3.283   2.563   2.087   3.373   3.343   3.318   4.521   4.344   3.251   3.572   2.316   4.658   2.226   1.943   5.205 0.1723
81        2.840   4.302  -1.176   2.834   5.123  -2.384   3.690   6.371  -2.203   1.244   5.560  -2.797   0.663   4.526  -3.714 0.1221
77        2.732   4.073  -1.569   2.626   4.584  -2.933   3.979   4.564  -3.634   1.996   6.163  -2.927   0.500   6.105  -3.024 0.1361
9         2.105   3.256  -1.982   1.849   3.584  -3.382   1.063   4.884  -3.506   1.007   2.318  -4.143   1.987   1.351  -4.736 0.1748
7         2.677   4.116  -2.047   1.846   5.019  -1.256   0.397   4.988  -1.729   2.451   6.606  -1.336   3.432   6.824  -0.222 0.4088
62        3.308   3.637  -1.748   3.797   3.953  -3.087   5.078   4.777  -3.023   2.610   4.788  -3.971   1.753   3.805  -4.711 0.1403
18        1.449   3.122   2.363   0.818   4.103   3.241  -0.380   4.756   2.562   1.942   5.290   3.708   2.624   4.862   4.974 0.1594
407       3.708   1.349  -1.714   4.411   1.347  -2.994   5.656   0.471  -2.935   4.833   2.931  -3.442   3.725   3.533  -4.256 0.1089
356       3.992   1.427  -1.287   5.066   1.421  -2.276   4.514   1.242  -3.685   6.186   0.191  -1.927   7.259   0.731  -1.030 0.1078
34        3.725   3.538  -1.734   4.400   3.797  -3.002   5.070   5.166  -2.997   3.300   3.690  -4.293   3.265   2.281  -4.806 0.1550
112       3.203   4.223  -1.081   3.550   4.985  -2.277   4.670   5.978  -1.990   2.185   5.802  -2.877   1.470   4.925  -3.861 0.1290
6         3.897   3.737   1.881   4.326   4.391   3.113   5.419   3.587   3.809   3.005   4.607   4.162   2.365   5.936   3.892 0.2847
131       2.795   4.390  -1.132   2.685   5.224  -2.325   4.057   5.504  -2.927   1.900   6.686  -1.957   0.422   6.524  -2.154 0.1186
524       4.508   1.524  -0.138   5.742   1.550  -0.917   5.452   1.424  -2.408   6.785   0.303  -0.419   7.678   0.805   0.676 0.1178
25        2.928   4.030  -1.231   3.151   4.609  -2.553   1.833   4.820  -3.289   4.179   3.613  -3.471   5.603   4.025  -3.249 0.1441
423       4.296   1.615  -0.887   5.397   1.727  -1.839   5.008   2.597  -3.029   5.877   0.187  -2.376   6.950  -0.346  -1.473 0.1220
23        2.549   2.753   2.506   2.707   3.402   3.805   1.596   2.989   4.764   2.723   5.093   3.625   4.133   5.560   3.421 0.1618
869       3.772   1.294  -1.618   4.515   1.194  -2.870   5.960   0.778  -2.620   4.472   2.675  -3.705   3.284   2.698  -4.621 0.1012
37        2.530   3.441  -1.891   2.605   3.724  -3.321   2.863   5.205  -3.575   1.171   3.241  -4.097   1.305   1.819  -4.554 0.1791
7         1.056   3.941  -1.645   0.447   5.251  -1.852  -0.075   5.828  -0.541  -0.816   5.146  -2.986  -0.271   5.381  -4.364 0.1825
53        2.507   2.887   2.415   2.517   3.734   3.604   2.676   2.901   4.871   1.091   4.657   3.688   1.297   5.961   2.976 0.1522
205       2.834   2.915  -2.055   2.855   3.835  -3.188   1.508   4.529  -3.357   3.268   3.010  -4.616   4.757   3.038  -4.796 0.1196
42        3.131   2.398  -2.171   3.372   3.013  -3.473   4.859   3.025  -3.807   2.754   4.597  -3.506   1.333   4.569  -3.983 0.1580
97        3.563   1.867   2.022   4.225   2.153   3.292   5.683   1.711   3.263   3.408   1.387   4.571   2.358   2.308   5.117 0.1386
937       3.878   1.393  -1.206   4.789   1.514  -2.340   4.029   1.485  -3.661   5.948   0.270  -2.306   7.146   0.723  -1.526 0.0988
30        2.288   4.626   1.124   1.664   5.738   1.836   0.383   6.185   1.141   2.745   7.044   1.961   3.539   6.916   3.226 0.2059
31        2.772   2.665   2.490   3.032   3.282   3.788   2.783   2.297   4.924   2.064   4.665   3.993   2.795   5.868   3.476 0.1623
272       3.747   1.611  -1.578   4.384   1.731  -2.886   5.899   1.824  -2.752   3.787   3.091  -3.714   2.594   2.694  -4.532 0.1217
22        3.484   2.066   2.706   4.171   2.445   3.938   5.681   2.305   3.790   3.622   1.497   5.238   2.455   2.175   5.893 0.2012
5         2.199   1.943  -2.405   2.052   2.083  -3.851   2.222   3.535  -4.281   0.536   1.499  -4.352   0.647   0.041  -4.686 0.2605
164       1.894   3.206  -2.249   1.485   4.260  -3.173   0.189   4.919  -2.716   1.299   3.633  -4.743   2.600   3.739  -5.481 0.1283
42        3.458   2.206  -1.531   4.244   2.092  -2.757   4.956   3.401  -3.076   3.249   1.637  -4.059   3.209   0.141  -4.158 0.1937
479       3.611   1.842  -1.959   4.322   2.079  -3.212   3.852   3.369  -3.874   4.106   0.768  -4.273   5.197  -0.238  -4.053 0.1150
36        3.756   1.540  -1.388   4.535   1.778  -2.600   5.292   0.524  -3.020   5.622   3.064  -2.364   4.962   4.354  -2.751 0.1438
83        3.119   3.786  -1.596   3.458   4.167  -2.964   4.924   4.570  -3.074   2.462   5.441  -3.489   1.234   4.879  -4.142 0.1405
19        1.762   2.753  -2.359   1.253   3.528  -3.486   0.113   4.443  -3.053   0.730   2.494  -4.730   1.870   2.220  -5.665 0.1419
61        2.730   2.701   2.434   2.526   3.515   3.629   3.850   4.055   4.157   1.743   2.610   4.837   0.258   2.768   4.696 0.1284
25        2.748   2.071   2.199   2.616   2.526   3.580   3.982   2.780   4.207   1.754   1.386   4.501   0.289   1.703   4.446 0.1328
17        3.606   1.838  -2.279   4.399   1.322  -3.391   5.488   2.309  -3.794   3.401   0.979  -4.724   2.924  -0.441  -4.639 0.1714
56        4.192   1.324  -0.403   5.392   1.102  -1.205   5.115   1.340  -2.684   5.980  -0.475  -0.968   6.958  -0.479   0.170 0.1431
8         2.864   4.000   2.388   2.356   4.918   3.404   2.736   6.358   3.082   2.946   4.488   4.940   1.995   3.528   5.590 0.2502
20        1.870   3.580   2.359   1.561   4.825   3.057   2.804   5.403   3.723   0.344   4.569   4.216  -0.999   4.798   3.590 0.1738
47        3.160   4.236  -1.045   3.566   4.999  -2.222   4.095   6.374  -1.830   2.263   5.163  -3.301   2.266   4.015  -4.267 0.1445
67        4.666   1.365   0.331   6.108   1.171   0.205   6.708   2.152  -0.795   6.452  -0.426  -0.265   6.625  -1.280   0.956 0.1407
56        3.458   2.016  -2.260   4.226   1.945  -3.500   4.649   3.333  -3.965   3.320   1.174  -4.715   3.585  -0.302  -4.677 0.1576
11        1.782   3.939   1.650   1.335   5.258   2.091   0.805   5.209   3.519   0.137   5.859   1.044   0.784   6.644  -0.058 0.2037
361       3.698   1.259  -1.410   4.429   1.266  -2.673   3.551   1.770  -3.813   5.012  -0.291  -3.031   6.383  -0.458  -2.446 0.0817
35        2.479   3.431  -1.836   2.586   3.829  -3.236   2.162   5.281  -3.428   1.640   2.811  -4.216   2.468   1.646  -4.671 0.1658
21        2.563   4.472   1.589   2.162   5.314   2.712   0.676   5.649   2.643   3.082   6.743   2.739   4.311   6.531   3.571 0.1472
51        3.160   3.704  -1.845   3.358   3.957  -3.269   4.455   4.990  -3.496   1.907   4.479  -3.987   1.142   3.290  -4.488 0.1364
62        3.815   1.505  -1.300   4.171   1.485  -2.716   5.432   2.302  -2.976   2.887   2.078  -3.659   1.990   0.943  -4.054 0.1561
65        2.688   3.912  -1.716   2.641   4.367  -3.102   4.014   4.828  -3.576   1.512   5.626  -3.275   0.167   5.050  -3.607 0.1293
36        3.541   2.184  -1.872   3.909   2.681  -3.195   5.188   3.508  -3.134   2.645   3.608  -3.853   1.730   2.718  -4.640 0.1640
37        2.681   2.850  -2.411   2.898   3.608  -3.639   2.304   5.008  -3.533   2.227   2.789  -4.969   3.256   1.875  -5.565 0.1867
66        2.611   4.359  -1.113   2.422   5.198  -2.292   0.943   5.460  -2.549   3.131   4.473  -3.656   4.555   4.929  -3.782 0.1197
41        3.993   1.816   1.743   4.941   2.030   2.832   6.300   1.424   2.504   4.341   1.368   4.279   3.542   2.406   5.010 0.1667
99        4.743   1.718  -0.378   6.076   1.151  -0.562   7.157   2.175  -0.239   6.265   0.586  -2.154   5.840  -0.850  -2.229 0.1137
23        3.764   2.978  -1.207   4.727   2.908  -2.302   5.750   4.033  -2.207   3.927   2.972  -3.801   3.589   1.581  -4.248 0.1845
21        2.012   3.067   2.563   1.295   3.952   3.477   2.052   5.259   3.683   1.041   3.182   4.971  -0.267   2.449   4.941 0.2142
46        3.676   2.149  -1.804   4.362   2.360  -3.076   5.870   2.208  -2.917   3.993   3.898  -3.700   2.780   3.804  -4.577 0.1625
10        2.459   3.649   2.761   1.882   4.589   3.718   2.612   5.927   3.681   1.931   3.941   5.289   0.668   3.176   5.554 0.2221
300       4.080   1.446  -1.027   4.986   1.422  -2.172   6.412   1.758  -1.751   4.459   2.509  -3.368   3.533   1.803  -4.313 0.1119
35        3.120   2.949  -1.657   3.715   2.994  -2.990   4.833   4.028  -3.057   2.529   3.341  -4.158   1.935   2.060  -4.663 0.1534
282       4.348   1.422  -0.431   5.560   1.399  -1.245   5.351   0.588  -2.518   6.861   0.762  -0.354   7.573   1.875   0.355 0.1273
163       4.224   1.273  -1.111   5.410   1.014  -1.923   5.321   1.730  -3.266   5.610  -0.657  -2.165   6.460  -1.223  -1.067 0.1237
32        2.656   2.308   2.323   2.576   2.837   3.681   1.300   3.645   3.881   3.935   3.799   4.024   5.018   2.944   4.613 0.1626
8         2.283   4.504   1.701   1.661   5.665   2.331   2.064   5.777   3.796  -0.032   5.576   2.197  -0.470   6.252   0.932 0.1768
57        2.424   2.524   2.418   1.911   3.226   3.591   2.809   3.003   4.802   0.326   2.719   3.940  -0.651   3.594   3.211 0.1462
31        1.347   3.571   2.179   0.577   4.733   2.612   0.999   5.183   4.006  -1.087   4.383   2.591  -1.654   4.733   1.247 0.1870
60        4.592   1.205  -0.015   5.991   0.993  -0.377   6.176   1.020  -1.890   6.550  -0.483   0.253   7.125  -0.258   1.620 0.1528
514       3.969   1.301  -1.095   4.834   1.268  -2.271   4.197   2.007  -3.442   5.175  -0.339  -2.711   6.417  -0.797  -2.007 0.0950
440       3.771   1.283  -1.200   4.481   1.218  -2.475   3.718   1.961  -3.566   4.728  -0.400  -2.935   6.038  -0.881  -2.387 0.0990
12        3.207   3.711   2.354   3.277   4.177   3.736   2.221   5.242   4.011   4.826   4.790   4.078   5.698   3.685   4.595 0.2167
4782      3.862   1.568  -1.284   4.622   1.765  -2.515   3.706   2.159  -3.668   5.485   0.354  -2.911   6.843   0.405  -2.278 0.0963
24        1.500   3.369   2.265   0.670   4.421   2.845   1.475   5.288   3.806  -0.667   3.747   3.648  -1.814   3.619   2.690 0.1909
1377      3.118   1.761  -2.043   3.353   2.024  -3.460   2.158   2.725  -4.094   3.684   0.574  -4.286   5.161   0.317  -4.273 0.1220
39        4.664   1.339   0.418   6.054   1.127   0.026   6.993   2.015   0.835   6.255   1.427  -1.635   6.034   0.158  -2.402 0.1559
84        2.293   2.659   2.677   2.258   3.364   3.955   3.588   3.236   4.689   0.997   2.767   4.927  -0.252   3.554   4.664 0.1410
27        4.878   1.528   0.006   6.249   1.033   0.091   7.249   2.183   0.101   6.582  -0.018  -1.203   6.240  -1.424  -0.806 0.1931
34        4.741   1.312   0.373   6.185   1.096   0.397   6.835   1.590  -0.889   6.534  -0.551   0.633   6.648  -0.833   2.101 0.1860
29        4.686   1.255   0.154   5.957   0.985  -0.512   6.995   2.045  -0.164   5.740   0.913  -2.197   5.434  -0.499  -2.601 0.1658
57        2.679   4.613  -0.947   2.357   5.764  -1.785   3.622   6.450  -2.285   1.393   6.871  -0.927  -0.055   6.541  -1.136 0.1493
49        2.940   2.630   2.528   3.044   3.380   3.776   4.378   3.118   4.466   1.761   2.980   4.817   0.607   3.905   4.566 0.1532
57        1.688   2.847   2.593   1.196   3.621   3.729   0.756   2.708   4.866  -0.094   4.621   3.251   0.442   5.950   2.808 0.1455
33        2.775   3.055  -1.974   3.025   3.083  -3.412   3.932   4.248  -3.789   1.559   3.185  -4.267   1.056   1.804  -4.563 0.1706
6         3.078   2.266   2.535   3.651   2.215   3.877   4.308   3.540   4.244   4.783   0.951   3.990   4.090  -0.303   4.433 0.4013
85        1.781   2.695   2.654   1.305   3.428   3.824   1.459   2.597   5.092  -0.321   3.882   3.618  -0.384   5.233   2.970 0.1166
56        2.216   3.313  -2.030   2.187   3.930  -3.353   1.243   5.126  -3.380   1.722   2.793  -4.528   2.941   2.109  -5.072 0.1670
7         2.696   2.011  -2.225   2.401   2.365  -3.610   3.406   3.379  -4.144   0.823   2.984  -3.742  -0.133   1.860  -4.014 0.1259
89        4.108   1.351  -0.920   5.192   1.214  -1.888   6.377   0.471  -1.283   5.684   2.741  -2.448   4.886   3.110  -3.664 0.1475
18        1.398   3.598   2.180   0.848   4.801   2.798   0.595   4.587   4.286  -0.592   5.262   2.021  -0.274   6.202   0.897 0.1588
15        2.323   4.485  -0.995   1.720   5.442  -1.917   0.363   5.915  -1.408   1.555   4.753  -3.463   2.790   5.029  -4.268 0.1557
17        4.543   1.176   0.688   5.971   0.900   0.566   6.672   1.032   1.913   6.684   1.949  -0.567   6.630   1.324  -1.929 0.1423
51        2.676   4.550  -1.007   2.347   5.591  -1.976   3.477   6.607  -2.095   0.903   6.374  -1.538  -0.260   5.668  -2.171 0.1189
40        2.094   3.644   2.175   1.648   4.911   2.748   2.797   5.910   2.830   0.979   4.663   4.291  -0.494   4.410   4.162 0.1383
25        2.083   2.772   2.515   1.402   3.572   3.530   2.390   4.447   4.292   0.559   2.566   4.611  -0.836   2.348   4.106 0.1747
43        1.683   3.632   2.234   1.057   4.868   2.695   2.104   5.878   3.150  -0.032   4.545   3.960  -1.394   4.278   3.393 0.1296
29        2.297   3.507  -1.797   2.402   4.171  -3.093   3.025   5.555  -2.951   0.872   4.292  -3.824   0.625   3.077  -4.669 0.1767
380       3.788   1.267  -1.283   4.650   1.296  -2.461   3.841   1.550  -3.727   5.512  -0.163  -2.601   6.815  -0.047  -1.867 0.0911
85        2.930   4.362  -0.943   3.158   5.166  -2.141   4.603   5.644  -2.214   2.100   6.497  -2.173   0.838   6.115  -2.887 0.1180
884       4.102   1.355  -1.071   5.097   1.270  -2.136   6.475   0.942  -1.575   5.155   2.727  -3.011   4.188   2.662  -4.155 0.0959
638       4.033   1.524  -1.366   4.893   1.632  -2.540   4.071   1.853  -3.804   5.851   0.237  -2.704   7.142   0.427  -1.964 0.1189
83        2.422   1.972  -2.492   2.116   2.352  -3.868   0.641   2.704  -4.025   2.532   1.097  -4.936   3.950   1.278  -5.392 0.1506
23        3.414   3.258  -1.333   4.196   3.339  -2.563   4.227   4.765  -3.101   3.563   2.286  -3.739   4.225   0.946  -3.619 0.1989
35        3.103   2.758   2.392   3.331   3.590   3.570   4.476   3.043   4.415   1.915   3.695   4.505   1.104   4.873   4.053 0.1471
39        3.849   1.410  -1.559   4.847   0.964  -2.527   5.186   2.073  -3.517   4.293  -0.411  -3.359   4.719  -1.647  -2.623 0.1608
114       2.903   4.403  -1.121   2.840   5.311  -2.262   4.144   6.083  -2.422   1.539   6.392  -2.089   0.312   5.804  -2.719 0.1212
10        1.640   3.636  -2.126   1.124   4.094  -3.413   1.222   5.609  -3.536  -0.489   3.596  -3.615  -0.518   2.254  -4.284 0.1794
520       3.770   1.577  -0.944   4.521   1.585  -2.196   3.827   2.442  -3.248   4.723  -0.000  -2.777   5.994  -0.576  -2.227 0.1068
545       3.937   1.508  -1.261   4.809   1.568  -2.430   6.172   0.955  -2.131   4.994   3.176  -2.951   3.928   3.503  -3.953 0.0944
85        2.914   2.131   2.234   2.952   2.614   3.611   4.098   1.974   4.386   1.474   2.302   4.391   0.551   3.468   4.198 0.1326
6         3.904   2.083   1.651   4.645   2.506   2.835   3.728   2.611   4.049   5.412   3.997   2.554   6.786   3.757   2.001 0.1886
76        4.727   1.620   0.206   6.152   1.686  -0.106   6.400   2.499  -1.372   6.794   0.121  -0.283   7.291  -0.368   1.045 0.1130
42        3.538   2.122  -1.917   4.071   2.517  -3.217   5.548   2.879  -3.118   3.190   3.827  -3.847   2.048   3.312  -4.672 0.1396
83        4.490   1.362   0.429   5.875   1.215  -0.010   6.811   1.031   1.179   6.353   2.565  -0.926   6.057   2.316  -2.375 0.1285
52        3.694   1.624  -1.451   3.938   1.725  -2.887   5.363   2.187  -3.170   2.826   2.793  -3.604   1.614   2.029  -4.047 0.1361
611       3.998   1.339  -1.017   4.912   1.345  -2.155   4.219   1.859  -3.412   5.532  -0.215  -2.427   6.797  -0.393  -1.642 0.0894
17        2.920   2.408   2.974   3.290   2.980   4.266   4.690   2.541   4.680   2.162   2.534   5.457   1.069   3.558   5.519 0.1737
6         1.611   1.835  -2.860   1.215   1.917  -4.264   0.354   3.148  -4.520   0.378   0.512  -4.727   1.352  -0.502  -5.247 0.2463
10        4.850   2.154  -0.560   6.205   1.766  -0.942   6.785   2.733  -1.967   6.217   0.183  -1.562   6.446  -0.790  -0.444 0.2298
73        2.406   2.249  -2.431   2.156   2.775  -3.770   0.904   3.644  -3.794   2.005   1.504  -4.888   3.352   1.180  -5.462 0.1445
46        3.263   4.226  -1.048   3.773   4.965  -2.200   4.702   6.092  -1.761   2.488   5.592  -3.119   2.087   4.594  -4.164 0.1301
33        3.888   1.379  -1.094   4.319   1.321  -2.488   5.786   0.919  -2.592   4.070   2.820  -3.249   2.701   2.848  -3.862 0.1528
815       4.152   1.420  -0.771   5.167   1.355  -1.817   6.571   1.378  -1.223   4.976   2.644  -2.910   4.061   2.224  -4.022 0.0995
31        3.735   2.379  -2.014   4.685   2.490  -3.117   5.251   3.901  -3.214   3.943   2.056  -4.584   4.119   0.585  -4.818 0.1660
126       3.224   1.929  -1.962   3.609   2.284  -3.325   2.678   1.639  -4.344   5.216   1.820  -3.627   6.139   2.945  -3.265 0.1649
11        3.638   2.124   1.859   4.350   2.504   3.075   4.756   1.275   3.880   3.390   3.534   4.028   3.654   4.960   3.644 0.2064
14        2.268   4.567   0.236   2.170   5.906   0.810   1.043   5.983   1.833   1.926   7.060  -0.414   3.254   7.561  -0.900 0.2551
34        2.677   2.664   2.612   2.750   3.384   3.879   3.564   2.607   4.907   1.188   3.686   4.480   0.701   5.007   3.963 0.1586
97        1.591   2.967   2.539   1.053   3.838   3.580   1.744   3.589   4.915  -0.624   3.607   3.739  -1.348   4.551   2.826 0.1369
51        2.352   4.523  -0.803   2.062   5.583  -1.765   0.618   5.506  -2.246   3.124   5.490  -3.089   4.341   6.321  -2.813 0.1073
39        2.088   2.663   2.667   1.729   3.428   3.858   2.963   4.045   4.507   0.915   2.439   4.976  -0.560   2.497   4.714 0.1267
74        4.350   1.374  -1.379   5.553   1.183  -2.184   5.652   2.237  -3.281   5.568  -0.374  -2.868   6.260  -1.323  -1.935 0.1370
20        1.110   3.515   2.195   0.370   4.636   2.768   0.256   4.501   4.282  -1.178   4.742   2.074  -1.125   5.629   0.866 0.1767
58        4.528   1.608  -0.589   5.897   1.411  -1.057   6.515   2.726  -1.518   5.934   0.275  -2.322   6.121  -1.100  -1.754 0.1447
604       3.552   1.391  -1.605   4.178   1.467  -2.923   3.197   1.988  -3.966   4.769  -0.058  -3.388   6.186  -0.208  -2.922 0.1047
709       3.907   1.593  -1.519   4.751   1.694  -2.705   4.042   2.455  -3.820   5.199   0.147  -3.249   6.484  -0.262  -2.591 0.1083
33        2.145   2.695   2.616   2.011   3.325   3.927   1.286   2.408   4.905   1.185   4.805   3.792   2.173   5.909   3.561 0.1293
820       3.941   1.618  -1.050   4.883   1.684  -2.163   4.432   2.702  -3.204   5.058   0.153  -2.883   6.178  -0.588  -2.215 0.1013
12        3.626   2.526  -1.242   4.660   2.393  -2.265   4.340   3.251  -3.483   4.831   0.766  -2.727   5.859   0.105  -1.857 0.1817
24        2.639   2.797   2.463   2.864   3.413   3.768   2.191   2.611   4.876   2.290   5.013   3.776   3.390   5.940   3.350 0.1578
232       3.189   1.788  -2.228   3.631   1.992  -3.605   3.209   3.363  -4.119   3.008   0.774  -4.614   3.971  -0.374  -4.665 0.1066
69        3.289   2.066   2.202   3.632   2.515   3.549   4.770   1.685   4.131   2.272   2.435   4.566   1.531   3.738   4.514 0.1327
7         2.723   4.578   0.966   2.171   5.815   1.513   1.619   6.705   0.406   3.355   6.653   2.400   3.311   6.212   3.833 0.2418
655       3.896   1.304  -1.165   4.691   1.287  -2.389   3.960   1.988  -3.528   5.065  -0.311  -2.832   6.362  -0.716  -2.198 0.0844
7         1.459   3.498  -2.111   0.613   4.562  -2.643  -0.862   4.259  -2.410   0.908   4.780  -4.304   1.994   5.797  -4.489 0.1890
10        4.014   2.368  -1.464   4.571   1.022  -1.362   6.022   1.064  -0.895   4.461   0.219  -2.856   3.159  -0.521  -2.931 0.2343
79        3.607   2.044  -2.211   4.353   2.276  -3.444   3.657   3.310  -4.321   4.549   0.821  -4.302   5.821   0.153  -3.870 0.1669
2589      3.655   1.591  -1.533   4.397   1.753  -2.780   3.456   1.789  -3.978   5.529   0.498  -2.964   6.833   0.906  -2.345 0.1009
58        4.025   1.599  -0.463   5.169   1.474  -1.361   4.975   2.314  -2.618   5.418  -0.155  -1.782   6.352  -0.789  -0.795 0.1408
5         4.275   3.491   1.854   4.951   3.887   3.086   6.436   3.548   3.030   4.230   3.131   4.427   3.133   4.002   4.962 0.2645
60        4.182   1.557  -0.786   5.059   1.516  -1.952   6.176   2.546  -1.835   4.168   1.781  -3.375   3.686   0.468  -3.916 0.1414
36        2.558   1.927  -2.532   2.527   2.263  -3.953   1.967   3.663  -4.173   1.602   1.123  -4.811   2.490   0.009  -5.279 0.1527
6         2.656   4.065   2.032   2.664   4.635   3.376   1.574   4.014   4.242   2.463   6.322   3.306   3.807   6.981   3.213 0.1906
1976      3.804   1.609  -1.258   4.570   1.804  -2.486   3.688   1.626  -3.717   5.880   0.723  -2.546   7.081   1.357  -1.910 0.1049
428       2.959   1.995  -2.195   3.141   2.413  -3.582   1.849   2.260  -4.376   4.384   1.513  -4.315   5.693   2.217  -4.119 0.1284
50        3.173   2.209  -2.004   3.735   2.557  -3.306   3.615   4.052  -3.574   2.961   1.679  -4.540   3.692   0.390  -4.769 0.1190
70        2.155   2.434   2.769   2.046   2.988   4.116   3.400   2.999   4.815   0.923   2.101   5.034  -0.441   2.702   4.871 0.1227
331       3.441   1.522  -1.895   3.971   1.557  -3.255   5.459   1.228  -3.272   3.703   3.082  -3.957   2.381   3.082  -4.665 0.1057
48        2.781   1.852  -2.279   2.966   2.006  -3.719   4.135   1.164  -4.216   3.216   3.641  -4.114   1.895   4.295  -4.395 0.2163
2070      4.023   1.424  -0.974   4.949   1.475  -2.102   4.245   1.945  -3.369   5.655  -0.051  -2.359   6.918  -0.158  -1.558 0.1040
147       4.020   1.210  -1.046   5.138   0.861  -1.918   6.414   0.641  -1.114   5.384   2.076  -3.081   4.569   1.772  -4.303 0.1307
20        2.124   2.620   2.628   1.814   3.225   3.919   0.797   2.388   4.688   1.226   4.807   3.707   2.373   5.773   3.733 0.1389
34        2.450   4.445  -1.170   2.088   5.317  -2.283   2.535   6.751  -2.025   0.410   5.269  -2.552   0.091   4.182  -3.535 0.1623
227       4.212   1.601  -0.750   5.277   1.691  -1.745   6.629   1.343  -1.133   5.327   3.250  -2.422   4.440   3.298  -3.630 0.0998
1140      3.924   1.275  -1.121   4.738   1.244  -2.333   3.994   1.865  -3.510   5.186  -0.354  -2.705   6.490  -0.675  -2.037 0.0881
90        3.362   1.846   1.873   3.823   2.139   3.227   5.240   1.623   3.448   2.768   1.459   4.374   1.696   2.449   4.717 0.1381
501       4.116   1.710  -0.789   5.155   1.864  -1.803   4.633   1.492  -3.186   6.509   0.911  -1.415   7.460   1.712  -0.576 0.1088
57        2.791   4.524  -0.809   2.757   5.578  -1.818   3.698   6.720  -1.452   1.173   6.166  -2.009   0.471   5.374  -3.072 0.1230
16        1.412   2.830   2.603   0.662   3.627   3.569   0.413   2.844   4.852  -0.817   4.133   2.899  -0.631   5.458   2.220 0.1542
46        1.625   3.573   2.298   1.271   4.737   3.106   1.892   4.649   4.495  -0.418   4.882   3.231  -0.931   5.732   2.107 0.1569
11        4.326   3.291   1.786   4.652   3.817   3.109   5.034   5.290   3.035   5.916   2.921   3.809   5.343   1.782   4.600 0.1830
909       4.156   1.676  -0.783   5.070   1.818  -1.914   4.321   1.732  -3.239   6.281   0.627  -1.850   7.452   1.146  -1.070 0.1077
436       4.086   1.612  -1.078   5.198   1.607  -2.024   5.260   2.915  -2.804   5.060   0.295  -3.096   5.775  -0.894  -2.527 0.1073
7         1.494   4.132   1.142   1.013   5.452   1.540  -0.458   5.405   1.933   1.245   6.571   0.281   2.591   7.216   0.426 0.1837
13        2.288   2.867  -2.479   1.954   3.702  -3.629   3.194   4.015  -4.459   1.214   5.145  -3.118  -0.272   4.951  -3.056 0.1624
6632      3.797   1.797  -1.225   4.490   2.027  -2.489   3.591   2.751  -3.484   5.024   0.554  -3.150   6.407   0.255  -2.654 0.0920
53        3.924   1.586   1.258   4.875   1.643   2.365   6.169   0.917   2.015   4.192   0.973   3.770   3.496   2.049   4.549 0.1346
28        2.307   2.156  -2.548   1.853   2.619  -3.856   0.369   2.332  -4.055   2.760   1.887  -5.093   3.955   2.736  -5.407 0.1773
371       4.086   1.554  -0.471   5.128   1.514  -1.494   4.524   1.540  -2.893   6.095   0.129  -1.302   7.248   0.446  -0.396 0.1231
251       3.780   1.508  -1.864   4.657   1.528  -3.031   3.859   1.385  -4.321   5.816   0.289  -2.922   7.037   0.806  -2.220 0.1163
47        1.632   3.242  -2.358   1.062   4.288  -3.201  -0.429   4.459  -2.934   1.323   3.934  -4.844   2.624   4.537  -5.284 0.1185
1354      3.329   1.759  -1.995   3.845   1.935  -3.350   2.818   2.618  -4.244   4.291   0.434  -4.014   5.729   0.154  -3.696 0.1125
7         2.374   2.880  -2.259   1.811   3.797  -3.246   2.557   3.700  -4.572   1.857   5.395  -2.667   0.586   5.695  -1.928 0.3813
1746      3.861   1.295  -1.183   4.691   1.292  -2.385   3.899   1.760  -3.600   5.325  -0.260  -2.664   6.647  -0.392  -1.968 0.0920
12        2.577   4.609  -0.214   1.999   5.923  -0.486   2.549   6.506  -1.782   2.303   6.984   0.807   1.183   6.896   1.800 0.1810
2994      3.633   1.655  -1.441   4.233   1.835  -2.760   3.386   2.758  -3.627   4.434   0.332  -3.530   5.784  -0.227  -3.190 0.0927
20        2.167   4.389  -1.155   1.602   5.277  -2.167   2.633   6.295  -2.641   0.232   6.077  -1.555  -0.993   5.262  -1.845 0.1846
11733     3.678   1.489  -1.463   4.261   1.614  -2.796   3.238   2.141  -3.795   4.870   0.116  -3.320   6.305  -0.015  -2.901 0.0913
3078      3.717   1.372  -1.304   4.473   1.406  -2.553   3.580   1.798  -3.725   5.195  -0.104  -2.851   6.562  -0.135  -2.234 0.0887
114       4.060   1.637  -1.098   4.834   1.724  -2.333   6.186   2.385  -2.088   3.969   2.585  -3.516   3.135   1.632  -4.318 0.1174
77        4.485   1.097  -0.712   5.708   0.841  -1.467   5.518   1.160  -2.945   6.195  -0.777  -1.278   7.114  -0.888  -0.097 0.1348
21        4.121   1.742   1.155   5.246   1.838   2.082   6.571   1.613   1.363   5.070   0.714   3.345   4.316   1.347   4.477 0.1437
37        2.940   1.974  -2.246   3.007   2.350  -3.655   4.298   3.100  -3.963   1.664   3.303  -4.079   0.552   2.416  -4.554 0.1537
47        3.575   1.712  -1.497   4.101   1.748  -2.859   3.643   3.003  -3.592   3.618   0.362  -3.718   4.643  -0.718  -3.543 0.1595
1285      3.829   1.339  -1.303   4.559   1.365  -2.568   3.744   2.052  -3.658   4.965  -0.214  -3.051   6.307  -0.578  -2.491 0.0785
25        3.633   1.947  -2.513   4.491   1.656  -3.659   5.483   2.787  -3.904   3.551   1.392  -5.051   3.216  -0.066  -5.159 0.1467
131       3.814   1.797  -1.853   4.701   1.934  -3.005   3.922   2.332  -4.253   5.544   0.483  -3.281   6.832   0.500  -2.514 0.1395
11        4.565   1.307   1.379   5.904   1.226   1.956   6.960   1.058   0.870   5.996  -0.062   3.062   5.632   0.429   4.432 0.2477
12        3.349   2.007   2.079   3.954   2.219   3.390   3.766   3.658   3.857   5.609   1.830   3.349   5.792   0.383   3.697 0.2100
12        2.790   1.029  -2.847   3.287   0.561  -4.138   2.319   0.917  -5.260   3.546  -1.119  -4.101   4.952  -1.398  -3.661 0.1671
6054      3.764   1.416  -1.284   4.408   1.457  -2.594   3.517   2.142  -3.623   4.797  -0.115  -3.112   6.177  -0.469  -2.645 0.0832
115       4.430   1.472  -0.649   5.511   1.451  -1.630   6.766   2.118  -1.078   5.024   2.222  -3.065   4.409   1.214  -3.990 0.1217
18        1.302   3.451   2.347   0.794   4.474   3.255  -0.100   3.862   4.327  -0.060   5.664   2.392   0.882   6.755   1.977 0.1547
29        1.943   2.686   2.803   1.854   3.205   4.165   2.672   2.354   5.130   0.233   3.266   4.672  -0.352   4.601   4.317 0.1779
61        3.060   2.516  -1.977   3.118   3.221  -3.255   1.815   3.061  -4.029   4.423   2.653  -4.186   5.644   3.470  -3.885 0.1410
50        2.928   2.129   2.083   3.015   2.591   3.465   4.408   2.355   4.036   1.851   1.809   4.427   0.583   2.610   4.428 0.1186
699       3.321   1.839  -2.109   3.741   2.157  -3.470   2.875   3.259  -4.069   3.679   0.769  -4.450   5.001   0.062  -4.399 0.1072
75        2.876   1.552  -2.419   2.774   1.784  -3.857   1.511   2.567  -4.199   2.789   0.306  -4.699   4.203  -0.060  -5.040 0.1471
7432      3.691   1.556  -1.268   4.382   1.659  -2.550   3.395   1.888  -3.689   5.298   0.258  -2.845   6.680   0.438  -2.290 0.0859
25        2.339   1.894  -2.668   2.230   2.314  -4.063   0.979   1.737  -4.714   3.611   1.841  -4.934   4.639   2.932  -4.874 0.1663
1425      3.884   1.819  -1.299   4.420   2.151  -2.616   3.302   2.499  -3.591   5.343   0.858  -3.224   6.772   1.021  -2.800 0.1187
TOTRMS: 0.1075
cutoff: 0.2
BEFORE: 572 0.10596303779484463
AFTER: 400 0.10747567936371566
