35        2.162   1.120   0.100   3.050   2.269   0.253   3.892   2.483  -0.999   4.058   2.064   1.606   3.393   2.644   2.819 0.0480
28        2.163   1.119  -0.095   3.078   2.257  -0.064   3.680   2.515  -1.441   4.315   1.992   1.072   3.890   2.527   2.407 0.0375
37        2.153   1.132   0.191   3.045   2.287   0.217   3.304   2.813  -1.190   4.516   1.885   0.969   4.416   2.155   2.440 0.0441
23        2.156   1.127   0.089   3.052   2.280   0.125   4.170   2.139  -0.901   3.708   2.472   1.681   2.818   3.365   2.493 0.0523
28        2.129   1.119  -0.311   3.051   2.247  -0.405   3.347   2.594  -1.860   4.498   1.901   0.417   4.382   2.349   1.844 0.0510
17        2.073   1.196   0.407   2.912   2.382   0.546   2.802   2.971   1.947   2.485   3.550  -0.613   3.298   3.341  -1.857 0.1037
22        2.159   1.127  -0.043   3.040   2.289  -0.098   2.951   2.983  -1.452   4.647   1.831   0.218   4.913   1.923   1.691 0.0425
12        2.138   1.161   0.019   3.014   2.327  -0.054   3.329   2.864   1.337   2.304   3.545  -1.003   2.717   3.370  -2.434 0.0865
20        2.146   1.142   0.223   2.989   2.313   0.446   4.145   2.353  -0.546   3.585   2.322   2.038   2.630   3.064   2.925 0.0482
14        2.112   1.145  -0.378   3.026   2.284  -0.401   2.510   3.384  -1.321   4.576   1.790  -0.894   5.382   1.397   0.309 0.0684
16        2.108   1.194   0.352   2.936   2.391   0.471   4.351   2.131  -0.031   2.979   2.925   2.085   1.859   3.895   2.321 0.0804
12        2.094   1.196   0.352   2.981   2.354   0.305   3.631   2.603   1.661   2.126   3.736  -0.194   2.191   3.852  -1.688 0.1990
47        2.157   1.132   0.231   3.047   2.290   0.237   3.014   3.015  -1.104   4.637   1.814   0.603   4.847   1.871   2.087 0.0443
48        2.171   1.113  -0.081   3.075   2.255   0.022   4.040   2.299  -1.156   3.941   2.196   1.484   3.180   2.932   2.546 0.0500
20        2.155   1.128   0.172   3.076   2.261   0.141   3.731   2.398  -1.229   4.267   2.090   1.342   3.796   2.739   2.609 0.0365
17        2.139   1.141  -0.224   3.040   2.276  -0.401   3.562   2.344  -1.832   4.340   2.178   0.690   3.982   2.891   1.960 0.0401
6         2.017   1.242   0.615   2.774   2.473   0.822   4.264   2.248   0.590   2.513   3.073   2.391   1.340   4.008   2.380 0.0838
17        2.141   1.142  -0.241   3.054   2.280  -0.214   2.813   3.207  -1.400   4.668   1.745  -0.211   5.134   1.567   1.204 0.0615
30        2.133   1.126  -0.323   3.051   2.262  -0.338   3.813   2.334  -1.656   4.142   2.160   0.962   3.569   2.869   2.153 0.0538
21        2.065   1.176  -0.486   2.953   2.330  -0.587   3.015   2.851  -2.018   4.513   1.928  -0.045   4.617   2.203   1.426 0.0763
25        2.173   1.120   0.081   3.047   2.282  -0.046   2.897   2.934  -1.416   4.668   1.836   0.213   4.997   1.973   1.670 0.0536
34        2.155   1.138   0.119   3.031   2.298   0.258   3.122   3.076  -1.049   4.582   1.814   0.757   4.647   1.811   2.256 0.0558
11        2.120   1.176   0.207   3.016   2.328   0.217   4.459   1.904  -0.031   2.898   3.158   1.696   1.836   4.212   1.595 0.1142
30        2.167   1.124  -0.042   3.077   2.265   0.001   3.538   2.653  -1.399   4.421   1.915   0.982   4.129   2.324   2.395 0.0422
5         1.961   1.232  -0.718   2.797   2.415  -0.905   2.003   3.554  -1.533   4.146   2.041  -1.870   5.280   1.599  -0.994 0.0962
22        2.158   1.145   0.181   3.037   2.303   0.318   4.007   2.397  -0.853   3.896   2.225   1.783   3.114   2.917   2.859 0.0408
18        2.132   1.160   0.299   2.954   2.327   0.605   3.921   2.631  -0.533   3.813   2.085   2.052   2.996   2.581   3.208 0.0685
31        2.116   1.128  -0.358   3.043   2.251  -0.454   3.464   2.493  -1.899   4.413   1.975   0.514   4.173   2.525   1.888 0.0400
6         2.158   1.140  -0.244   3.068   2.236   0.078   3.724   2.793  -1.180   4.258   1.716   1.175   3.778   1.941   2.578 0.0659
21        2.106   1.185   0.346   2.933   2.368   0.564   3.632   2.794  -0.721   4.081   2.072   1.783   3.505   2.450   3.115 0.0583
11        2.107   1.158   0.336   2.984   2.322   0.419   2.668   3.161   1.652   2.845   3.272  -0.984   3.848   2.813  -2.000 0.1131
24        2.147   1.162   0.225   2.984   2.352   0.348   4.268   2.206  -0.460   3.354   2.652   1.980   2.307   3.548   2.573 0.0554
21        2.145   1.108   0.211   3.052   2.252   0.209   3.451   2.635  -1.211   4.439   1.911   1.132   4.207   2.325   2.555 0.0456
28        2.157   1.163  -0.108   3.007   2.348  -0.168   2.688   3.191  -1.397   4.647   1.903  -0.175   5.153   1.832   1.235 0.0444
34        2.115   1.143   0.372   3.000   2.300   0.483   3.814   2.492  -0.791   4.038   2.127   1.818   3.395   2.728   3.032 0.0558
18        2.089   1.178   0.378   2.952   2.352   0.473   4.003   2.352  -0.632   3.707   2.411   1.995   2.849   3.188   2.949 0.0580
25        2.120   1.130  -0.387   3.043   2.260  -0.338   3.595   2.578  -1.722   4.319   1.936   0.739   3.948   2.411   2.112 0.0500
6         2.140   1.139  -0.244   2.973   2.324  -0.428   2.492   3.154  -1.612   4.599   1.878  -0.650   5.288   1.821   0.681 0.0558
22        2.169   1.130  -0.116   3.070   2.265   0.059   3.802   2.590  -1.238   4.190   1.948   1.298   3.633   2.419   2.608 0.0449
38        2.165   1.119   0.100   3.075   2.261   0.104   3.914   2.298  -1.168   4.087   2.208   1.469   3.439   2.950   2.600 0.0502
20        2.158   1.145   0.112   3.028   2.302   0.303   3.537   2.832  -1.032   4.338   1.900   1.309   3.971   2.166   2.738 0.0506
34        2.160   1.114   0.000   3.074   2.252   0.023   3.779   2.417  -1.318   4.221   2.068   1.265   3.698   2.692   2.525 0.0404
24        2.143   1.140  -0.054   3.046   2.277  -0.199   3.898   2.144  -1.456   4.044   2.422   1.169   3.381   3.308   2.181 0.0623
15        2.087   1.199   0.414   2.906   2.399   0.561   3.263   2.989  -0.798   4.322   2.047   1.434   4.071   2.257   2.898 0.0639
23        2.169   1.114  -0.092   3.081   2.255  -0.095   3.330   2.754  -1.514   4.554   1.839   0.644   4.478   2.134   2.112 0.0420
8         1.994   1.220   0.665   2.759   2.436   0.922   2.117   3.265   2.029   2.895   3.363  -0.497   4.131   2.958  -1.242 0.1311
14        2.150   1.119   0.186   3.101   2.223   0.094   4.185   1.929  -0.937   3.806   2.528   1.611   2.981   3.538   2.351 0.0711
7         1.947   1.205  -0.722   2.902   2.309  -0.775   2.699   3.151  -2.029   4.495   1.718  -0.720   4.948   1.632   0.707 0.1336
34        2.124   1.115  -0.372   3.052   2.240  -0.456   3.664   2.344  -1.848   4.280   2.084   0.710   3.854   2.763   1.978 0.0479
16        2.157   1.153  -0.012   2.996   2.343   0.098   4.205   2.250  -0.825   3.505   2.564   1.705   2.510   3.419   2.432 0.0550
12        2.159   1.150   0.043   3.055   2.277  -0.199   3.473   2.341  -1.663   4.430   2.165   0.796   4.171   2.881   2.089 0.0473
20        2.123   1.128   0.344   3.025   2.275   0.391   3.658   2.532  -0.972   4.236   2.030   1.559   3.773   2.569   2.880 0.0495
24        2.163   1.128  -0.078   3.039   2.278  -0.289   3.123   2.640  -1.767   4.593   1.959   0.323   4.665   2.395   1.756 0.0644
38        2.157   1.147   0.228   3.034   2.313   0.187   3.153   2.861  -1.230   4.574   1.919   0.792   4.609   2.168   2.270 0.0469
16        2.154   1.117  -0.093   3.077   2.247  -0.036   2.731   3.292  -1.090   4.679   1.716  -0.244   5.276   1.392   1.093 0.0626
12        2.072   1.223   0.475   2.941   2.397   0.477   3.417   2.729  -0.933   4.275   2.145   1.499   3.940   2.615   2.884 0.0556
10        2.054   1.197   0.508   2.956   2.345   0.533   4.282   2.016  -0.145   3.229   2.850   2.133   2.204   3.876   2.514 0.0856
13        2.122   1.141  -0.414   3.058   2.260  -0.373   3.419   2.725  -1.779   4.465   1.827   0.477   4.291   2.153   1.930 0.0476
12        2.166   1.173  -0.019   3.039   2.301   0.292   4.157   2.429  -0.736   3.698   2.129   1.850   2.794   2.786   2.850 0.0682
16        2.177   1.109  -0.060   3.065   2.244   0.175   3.946   2.512  -1.039   4.031   1.967   1.547   3.331   2.492   2.765 0.0496
6         2.029   1.161  -0.621   2.935   2.288  -0.824   3.290   2.448  -2.298   4.349   2.087   0.098   4.160   2.714   1.447 0.0588
8         2.163   1.149   0.213   3.052   2.280  -0.037   3.355   2.422  -1.524   4.498   2.104   0.839   4.350   2.750   2.184 0.0520
9         2.123   1.148   0.367   2.900   2.320   0.760   4.112   2.504  -0.146   3.397   2.187   2.380   2.360   2.799   3.274 0.0736
21        2.110   1.141  -0.314   2.976   2.276  -0.618   3.328   2.317  -2.100   4.394   2.207   0.317   4.180   2.945   1.605 0.0568
11        2.158   1.134  -0.093   3.016   2.297  -0.300   2.692   2.992  -1.617   4.653   1.839  -0.270   5.172   1.929   1.134 0.0624
10        2.164   1.150  -0.009   3.026   2.322   0.109   2.891   3.228  -1.109   4.647   1.848   0.306   4.951   1.701   1.767 0.0455
23        2.165   1.150   0.116   3.036   2.312   0.269   3.374   2.927  -1.083   4.463   1.880   1.087   4.267   2.057   2.563 0.0502
33        2.161   1.140  -0.084   3.045   2.300  -0.159   3.052   2.895  -1.562   4.625   1.873   0.301   4.787   2.072   1.779 0.0499
34        2.157   1.118  -0.079   3.082   2.240  -0.206   3.739   2.256  -1.582   4.271   2.170   1.007   3.801   2.928   2.212 0.0474
11        2.113   1.162  -0.423   3.035   2.292  -0.346   3.841   2.431  -1.631   4.080   2.114   0.983   3.470   2.762   2.190 0.0674
23        2.158   1.145  -0.009   3.036   2.309  -0.074   3.357   2.674  -1.519   4.473   2.017   0.786   4.300   2.452   2.211 0.0478
21        2.155   1.071  -0.210   3.115   2.171  -0.203   3.727   2.373  -1.584   4.339   1.883   0.941   3.935   2.466   2.263 0.0411
24        2.169   1.139   0.097   3.058   2.298   0.083   2.873   3.115  -1.190   4.678   1.804   0.229   5.058   1.757   1.679 0.0407
14        2.158   1.154  -0.048   3.018   2.332  -0.120   3.571   2.523  -1.527   4.294   2.205   0.997   3.877   2.811   2.304 0.0388
25        2.151   1.118  -0.151   3.074   2.244  -0.256   3.554   2.427  -1.691   4.403   2.021   0.780   4.101   2.627   2.118 0.0361
7         2.045   1.190   0.542   2.942   2.342   0.562   3.142   2.858   1.982   2.335   3.583  -0.429   2.870   3.417  -1.821 0.0586
21        2.152   1.140  -0.039   3.030   2.307  -0.059   4.035   2.218  -1.201   3.845   2.461   1.425   3.033   3.311   2.356 0.0496
21        2.114   1.142   0.392   3.012   2.293   0.413   3.153   2.904  -0.976   4.539   1.843   1.010   4.567   2.022   2.498 0.0497
15        2.184   1.145  -0.138   3.064   2.309  -0.086   3.827   2.479  -1.395   4.155   2.171   1.210   3.557   2.795   2.436 0.0347
14        2.142   1.123  -0.190   3.071   2.242  -0.066   3.025   3.134  -1.301   4.654   1.673   0.183   4.909   1.532   1.655 0.0696
8         2.013   1.273   0.501   2.736   2.519   0.738   3.773   2.769  -0.351   3.488   2.488   2.263   2.552   3.045   3.294 0.0676
35        2.158   1.125  -0.164   3.076   2.258  -0.088   3.467   2.742  -1.479   4.466   1.837   0.796   4.248   2.146   2.248 0.0429
14        2.151   1.137   0.216   3.014   2.284   0.480   3.613   2.830  -0.811   4.253   1.858   1.563   3.795   2.106   2.970 0.0427
10        2.165   1.111   0.113   3.082   2.243   0.025   3.531   2.695   1.410   2.351   3.536  -0.802   2.640   3.419  -2.268 0.0591
12        2.161   1.087  -0.198   3.092   2.198  -0.023   4.011   2.341  -1.230   4.014   1.982   1.389   3.311   2.623   2.549 0.0467
13        2.149   1.129  -0.172   3.053   2.275  -0.141   4.117   2.165  -1.226   3.789   2.409   1.386   2.947   3.277   2.273 0.0573
8         2.061   1.232   0.410   2.832   2.456   0.610   4.196   2.361  -0.063   3.021   2.773   2.269   1.883   3.626   2.748 0.0869
16        2.100   1.160  -0.277   3.000   2.282  -0.528   3.606   2.197  -1.925   4.234   2.325   0.641   3.795   3.170   1.799 0.0628
10        2.150   1.147  -0.208   3.052   2.279  -0.017   3.677   2.712  -1.338   4.270   1.885   1.102   3.814   2.246   2.485 0.0470
7         2.095   1.145   0.461   2.939   2.323   0.643   4.148   2.281  -0.284   3.449   2.443   2.261   2.456   3.255   3.039 0.0572
12        2.163   1.151   0.045   3.061   2.297  -0.064   3.553   2.475  -1.496   4.383   2.118   0.989   4.052   2.732   2.317 0.0415
7         1.975   1.317   0.572   2.706   2.573   0.712   3.505   2.887  -0.547   3.741   2.509   2.060   3.013   3.005   3.274 0.0713
6         2.213   1.105   0.154   3.082   2.253   0.395   4.321   2.200  -0.491   3.538   2.318   2.032   2.542   3.139   2.796 0.0448
14        2.161   1.167   0.168   3.008   2.351   0.282   2.917   3.214  -0.971   4.623   1.899   0.563   4.866   1.804   2.040 0.0411
11        2.203   1.033  -0.093   3.188   2.110  -0.035   3.978   2.202  -1.335   4.246   1.875   1.275   3.694   2.556   2.492 0.0424
10        2.009   1.212  -0.604   2.940   2.336  -0.641   2.344   3.518  -1.397   4.408   1.866  -1.358   5.342   1.360  -0.300 0.1110
27        2.176   1.116   0.031   3.092   2.243   0.186   3.770   2.585  -1.135   4.262   1.898   1.370   3.765   2.349   2.711 0.0504
13        2.137   1.150  -0.156   3.046   2.287  -0.042   3.203   3.001  -1.379   4.564   1.777   0.529   4.582   1.842   2.028 0.0481
9         2.143   1.119   0.306   3.101   2.210   0.151   3.731   2.194  -1.237   4.310   2.113   1.341   3.888   2.896   2.549 0.0748
26        2.148   1.141   0.117   3.020   2.311   0.133   3.532   2.633  -1.266   4.329   2.063   1.190   3.961   2.542   2.562 0.0443
TOTRMS: 0.0580
cutoff: 0.05
BEFORE: 123 0.05360732744411124
AFTER: 100 0.057950436327734015
