61945     3.937   1.528  -1.134   4.572   1.620  -2.446   3.615   2.205  -3.479   5.112   0.089  -2.952   6.521  -0.124  -2.485 0.0493
48716     3.933   1.616  -1.178   4.558   1.767  -2.489   3.553   2.260  -3.522   5.240   0.293  -2.994   6.662   0.213  -2.525 0.0545
1889      2.979   2.045  -2.036   3.120   2.474  -3.425   2.015   3.451  -3.811   3.101   1.131  -4.467   4.501   0.634  -4.667 0.0894
1689      1.293   3.651   2.188   2.038   3.902   3.419   3.322   3.081   3.460   1.077   3.549   4.776   0.328   4.780   5.192 0.1058
773       3.748   1.585  -1.703   4.621   1.596  -2.874   4.453   2.883  -3.672   4.303   0.251  -3.864   5.176  -0.895  -3.447 0.1155
423      -0.166   4.153   0.910  -0.475   4.849   2.156   0.415   4.359   3.292  -2.112   4.637   2.563  -2.926   5.740   1.956 0.1248
303       3.209   2.399   1.851   4.641   2.262   2.105   5.360   1.685   0.891   4.911   1.280   3.465   4.957   2.134   4.697 0.1990
10387     4.007   1.719  -1.104   4.699   1.938  -2.371   3.716   2.297  -3.479   5.589   0.556  -2.806   6.974   0.654  -2.239 0.0664
3507      3.420   1.894  -1.629   3.866   2.202  -2.985   2.848   3.072  -3.713   4.140   0.769  -3.859   5.566   0.340  -3.680 0.0844
1494      4.145   1.610  -0.904   5.176   1.744  -1.929   4.594   1.542  -3.323   6.432   0.631  -1.655   7.475   1.259  -0.779 0.0946
30289     4.064   1.570  -0.915   4.835   1.667  -2.151   3.972   2.175  -3.299   5.508   0.158  -2.550   6.865   0.034  -1.924 0.0534
749       1.828   3.350  -2.372   1.305   4.477  -3.140   0.145   5.146  -2.412   0.807   3.963  -4.682   1.955   4.075  -5.641 0.1217
1329      0.194   4.447   0.200  -0.127   5.450   1.212   0.459   5.069   2.567  -1.811   5.646   1.339  -2.262   6.719   0.393 0.1095
832       2.855   2.088  -2.101   2.916   2.565  -3.479   2.025   3.785  -3.679   2.462   1.329  -4.555   3.677   0.548  -4.960 0.1184
5591      4.120   1.513  -0.637   5.026   1.521  -1.782   4.330   2.056  -3.029   5.627  -0.042  -2.075   6.895  -0.243  -1.301 0.0737
369       3.069   2.218   1.926   4.460   1.989   2.306   5.330   1.741   1.079   4.574   0.673   3.376   4.458   1.166   4.788 0.1753
2211      0.745   3.604   2.152   1.174   3.810   3.533   2.384   2.946   3.867  -0.100   3.471   4.606  -0.891   4.720   4.855 0.0709
787       0.402   4.283   1.188   0.480   4.998   2.459   1.434   4.301   3.423  -1.063   5.132   3.160  -1.715   6.399   2.693 0.1122
234       3.146   2.021  -1.809   4.530   1.666  -2.110   5.407   1.775  -0.868   5.143   2.660  -3.345   4.879   2.022  -4.677 0.1494
32882     3.768   1.583  -1.447   4.233   1.732  -2.823   3.132   2.288  -3.718   4.780   0.241  -3.429   6.244   0.090  -3.141 0.0583
407       1.120   3.915  -2.012   0.483   5.210  -2.237  -0.250   5.685  -0.988  -0.595   5.121  -3.549   0.131   5.460  -4.816 0.1393
119       2.774   2.413   2.283   2.640   3.095   3.568   3.950   3.758   3.977   2.140   2.001   4.770   0.641   1.976   4.830 0.3777
1012      3.316   2.701  -1.842   3.481   3.523  -3.037   2.176   4.216  -3.411   4.032   2.577  -4.338   5.532   2.572  -4.352 0.1265
2634      3.848   1.903  -1.427   4.336   2.240  -2.761   3.183   2.575  -3.699   5.254   0.959  -3.399   6.694   1.139  -3.022 0.0901
1455      2.955   2.709  -2.145   2.915   3.536  -3.348   1.601   4.303  -3.442   3.131   2.577  -4.735   4.592   2.491  -5.061 0.1050
861       1.304   3.921   2.003   2.052   4.313   3.194   3.237   3.383   3.428   1.037   4.318   4.558   0.421   5.677   4.718 0.1339
415       1.929   3.038  -2.427   1.443   4.022  -3.391   0.334   4.878  -2.790   0.886   3.248  -4.798   2.015   3.114  -5.776 0.1265
4329      3.275   1.825  -1.898   3.525   2.106  -3.309   2.296   2.713  -3.974   3.988   0.687  -4.123   5.480   0.546  -4.073 0.0970
118       3.687   1.879   1.146   4.445   2.134   2.367   3.516   2.329   3.559   5.439   3.500   2.174   6.777   3.074   1.647 0.2227
532       4.413   1.483  -0.365   5.686   1.518  -1.078   5.542   0.953  -2.487   6.871   0.651  -0.221   7.581   1.575   0.724 0.1206
944       2.449   3.105  -2.300   2.141   4.119  -3.305   0.753   4.708  -3.084   2.253   3.459  -4.868   3.651   3.629  -5.384 0.1226
711       0.485   4.504   0.735   0.500   5.390   1.896   1.216   4.738   3.074  -1.086   5.813   2.339  -1.489   7.064   1.616 0.1231
19667     3.792   1.487  -1.378   4.282   1.576  -2.750   3.246   2.223  -3.663   4.692   0.033  -3.335   6.133  -0.251  -3.029 0.0546
88        2.540   4.415  -1.194   2.215   5.290  -2.317   3.431   5.514  -3.208   1.621   6.781  -1.756   0.129   6.704  -1.617 0.2938
288       2.332   2.111  -2.422   2.046   2.590  -3.772   0.975   3.674  -3.754   1.556   1.301  -4.767   2.758   0.696  -5.430 0.1456
147       3.413   1.987   1.525   3.904   2.305   2.863   2.879   3.116   3.646   5.373   3.155   2.769   6.515   2.183   2.775 0.2515
5203      3.660   1.859  -1.345   4.272   2.112  -2.646   3.288   2.789  -3.593   4.836   0.661  -3.329   6.256   0.428  -2.908 0.0867
647       0.727   4.198  -1.531   0.103   5.508  -1.374  -0.223   5.790   0.088  -1.309   5.609  -2.317  -0.965   6.135  -3.678 0.1279
850       4.291   1.767  -0.406   5.333   1.912  -1.418   4.729   2.080  -2.808   6.376   0.570  -1.393   7.509   0.835  -0.447 0.1066
715       1.912   3.299   2.347   2.968   3.377   3.352   4.172   2.534   2.950   2.383   2.874   4.867   1.837   4.057   5.610 0.1567
12046     3.682   1.754  -1.518   4.135   1.986  -2.887   2.979   2.419  -3.781   4.865   0.585  -3.516   6.335   0.610  -3.217 0.0740
1615      3.269   2.131  -1.806   3.591   2.604  -3.149   2.442   3.417  -3.735   3.956   1.292  -4.168   5.427   1.008  -4.110 0.1003
1830      3.872   1.743  -1.196   4.669   1.954  -2.401   3.800   1.896  -3.652   5.911   0.797  -2.500   7.138   1.319  -1.814 0.1031
43        3.557   3.188   3.032   3.361   3.817   4.335   2.852   5.246   4.184   4.811   3.805   5.223   4.886   2.550   6.041 0.3509
450      -0.317   4.224   0.002  -0.959   5.140   0.941  -0.444   4.922   2.359  -2.647   4.947   0.897  -3.230   5.875  -0.128 0.1353
105       3.083   2.049  -1.846   4.452   1.728  -2.240   5.273   1.261  -1.044   5.192   3.077  -2.965   4.949   3.046  -4.444 0.1924
211       4.159   1.865   0.519   5.432   1.844  -0.196   5.215   1.877  -1.704   6.331   0.467   0.234   7.204   0.787   1.412 0.1982
49        2.545   2.658   2.410   2.366   3.461   3.617   3.371   3.066   4.692   0.781   3.295   4.210  -0.095   4.347   3.597 0.3578
55        4.711   1.330   1.473   6.140   1.254   1.762   6.949   1.065   0.485   6.459  -0.015   2.848   6.385   0.500   4.255 0.2532
1183      0.395   3.642   2.007   0.623   3.894   3.427   1.887   3.195   3.914  -0.716   3.382   4.343  -1.689   4.515   4.481 0.0900
2905      4.234   1.448  -0.773   5.174   1.471  -1.890   4.478   1.878  -3.184   5.910  -0.049  -2.077   7.165  -0.102  -1.257 0.0840
1599      3.125   1.976  -1.897   3.425   2.325  -3.283   2.146   2.501  -4.093   4.407   1.133  -3.995   5.850   1.483  -3.783 0.1185
3612      4.126   1.628  -0.901   5.014   1.768  -2.052   4.220   1.988  -3.334   6.004   0.394  -2.208   7.271   0.600  -1.432 0.0764
1414      3.383   1.953  -1.651   3.846   2.307  -2.990   2.999   3.425  -3.586   3.814   0.945  -4.008   5.134   0.236  -3.934 0.0917
1078      2.341   3.091  -2.334   2.012   4.117  -3.318   0.764   4.890  -2.910   1.790   3.419  -4.852   3.099   3.391  -5.583 0.1055
965       0.333   4.437  -0.511  -0.151   5.604   0.222   0.126   5.468   1.714  -1.815   5.824  -0.045  -2.018   6.713  -1.236 0.1096
407       1.443   3.458  -2.323   0.806   4.617  -2.942  -0.085   5.351  -1.947  -0.102   4.141  -4.298   0.764   4.189  -5.522 0.1302
18453     4.012   1.487  -0.945   4.748   1.529  -2.206   3.908   2.158  -3.311   5.235  -0.035  -2.661   6.590  -0.324  -2.087 0.0507
418       4.040   1.484  -1.288   5.099   1.416  -2.291   4.910   2.485  -3.361   5.139  -0.125  -3.007   6.066  -1.013  -2.230 0.1393
124       4.711   1.519   0.101   6.139   1.527  -0.205   6.455   2.511  -1.325   6.662  -0.033  -0.635   7.112  -0.765   0.594 0.2067
91        2.730   4.118  -1.379   2.808   4.812  -2.661   4.016   5.740  -2.710   1.383   5.695  -2.945   0.398   4.833  -3.677 0.3389
1215      3.727   1.761  -1.227   4.457   1.949  -2.477   3.704   2.883  -3.417   4.730   0.453  -3.236   6.037  -0.115  -2.768 0.1006
1036      4.215   1.574  -0.784   5.357   1.693  -1.685   5.016   1.170  -3.076   6.697   0.855  -1.059   7.508   1.779  -0.200 0.1085
323       2.714   2.523   2.235   4.040   2.365   2.826   5.042   1.854   1.797   3.975   1.305   4.153   3.707   2.087   5.405 0.1506
511       0.570   4.512  -0.661   0.174   5.742   0.021   0.309   5.599   1.532  -1.423   6.158  -0.386  -1.416   7.044  -1.596 0.1601
972       2.780   2.034  -2.177   2.850   2.423  -3.583   1.497   2.913  -4.084   3.387   1.119  -4.533   4.883   1.156  -4.634 0.1164
481       3.582   1.811  -1.748   4.248   2.054  -3.025   3.570   3.183  -3.792   4.264   0.638  -3.965   5.509  -0.145  -3.669 0.1271
604       3.704   2.370  -1.407   4.171   2.964  -2.657   3.018   3.595  -3.429   4.944   1.793  -3.618   6.408   1.768  -3.293 0.1313
501       3.920   1.524  -1.534   4.958   1.351  -2.546   5.356   2.688  -3.159   4.431   0.286  -3.761   4.807  -1.119  -3.393 0.1682
1126      0.404   3.884   1.782   0.598   4.314   3.164   1.756   3.566   3.815  -0.826   4.080   4.064  -1.674   5.315   3.988 0.0940
74        3.810   1.749  -2.267   4.703   1.229  -3.299   5.909   2.141  -3.491   3.868   1.049  -4.769   3.276  -0.327  -4.842 0.2588
905       0.819   3.456   2.265   1.301   3.565   3.639   2.582   2.763   3.836   0.108   3.037   4.730  -0.752   4.198   5.131 0.1025
753       4.386   1.507  -0.519   5.533   1.559  -1.421   5.092   1.458  -2.876   6.630   0.312  -1.057   7.628   0.803  -0.050 0.1105
409       4.153   1.457  -1.180   5.311   1.329  -2.060   5.515   2.593  -2.887   5.131  -0.016  -3.085   5.722  -1.228  -2.428 0.1401
1490      0.835   3.740   2.080   1.311   4.032   3.430   2.463   3.112   3.817   0.042   3.881   4.551  -0.651   5.202   4.704 0.0890
325       0.881   4.363   1.378   1.301   5.047   2.597   2.307   4.210   3.378  -0.046   5.401   3.573  -0.582   6.754   3.212 0.1549
73        3.511   1.733  -1.712   3.959   1.919  -3.090   5.453   2.218  -3.145   3.085   3.173  -3.834   1.865   2.606  -4.498 0.2514
690       2.881   2.491  -2.174   2.874   3.200  -3.451   1.678   4.139  -3.550   2.856   2.094  -4.743   4.264   1.765  -5.139 0.1185
3298      3.528   1.860  -1.448   4.136   2.087  -2.756   3.072   2.307  -3.825   5.130   0.775  -3.184   6.525   1.024  -2.693 0.0914
1261      3.415   1.986  -1.608   3.906   2.340  -2.936   2.788   2.273  -3.971   5.182   1.313  -3.390   6.485   1.909  -2.947 0.1336
86        4.382   1.457  -0.351   5.589   1.400  -1.170   6.835   1.267  -0.302   5.707   2.784  -2.150   5.023   2.528  -3.461 0.2171
76        3.530   1.689  -1.742   4.137   1.835  -3.062   5.565   1.301  -3.070   4.121   3.465  -3.546   2.854   3.751  -4.296 0.2278
236       4.356   1.671  -0.808   5.435   1.819  -1.780   4.975   2.618  -2.993   6.007   0.294  -2.269   7.123  -0.136  -1.364 0.1675
4251      3.973   1.425  -0.853   4.753   1.393  -2.087   3.987   2.036  -3.237   5.168  -0.207  -2.485   6.485  -0.552  -1.856 0.0734
154       4.608   1.688  -0.689   5.955   1.217  -0.999   6.981   2.329  -0.813   6.024   0.619  -2.589   5.707  -0.846  -2.587 0.1807
54        3.297   3.717  -1.553   3.773   4.235  -2.832   4.231   5.683  -2.702   2.555   4.112  -4.012   2.666   2.790  -4.710 0.3530
18730     3.896   1.465  -1.157   4.508   1.516  -2.482   3.583   2.192  -3.488   4.902  -0.050  -3.013   6.298  -0.389  -2.579 0.0547
7854      3.902   1.663  -1.067   4.669   1.795  -2.302   3.759   2.122  -3.481   5.539   0.368  -2.616   6.893   0.458  -1.978 0.0672
8722      4.130   1.663  -0.803   4.957   1.810  -1.997   4.119   2.235  -3.197   5.769   0.356  -2.339   7.096   0.348  -1.640 0.0613
547       3.381   1.732  -2.103   4.033   1.827  -3.406   3.828   3.206  -4.023   3.443   0.626  -4.454   4.284  -0.609  -4.324 0.1653
1583      4.071   1.949  -1.014   4.774   2.286  -2.249   3.792   2.543  -3.386   5.850   1.041  -2.678   7.189   1.302  -2.057 0.0935
53        2.547   4.571   0.993   2.316   5.597   2.006   0.938   5.443   2.639   2.476   7.148   1.328   3.900   7.602   1.450 0.3768
178       3.417   1.713   1.606   4.782   1.194   1.610   5.232   0.821   0.203   4.900  -0.156   2.637   5.260   0.299   4.021 0.1814
1148      3.151   1.999  -1.882   3.421   2.397  -3.260   2.488   3.518  -3.701   3.265   1.064  -4.304   4.590   0.372  -4.433 0.0881
587       2.563   2.122  -2.336   2.427   2.604  -3.708   1.180   3.465  -3.866   2.376   1.298  -4.794   3.768   0.963  -5.240 0.1143
591       0.446   4.221  -1.263  -0.224   5.478  -0.941  -0.295   5.691   0.566  -1.787   5.505  -1.609  -1.733   6.096  -2.986 0.1252
797       0.813   4.096   1.735   1.265   4.639   3.012   2.466   3.866   3.544   0.002   4.609   4.150  -0.766   5.895   4.079 0.1054
1133      4.100   1.523  -0.965   5.114   1.585  -2.014   4.473   1.588  -3.397   6.195   0.280  -1.874   7.342   0.673  -0.992 0.0927
3841      3.666   1.428  -1.587   4.039   1.491  -2.997   2.959   2.184  -3.820   4.324  -0.070  -3.607   5.771  -0.421  -3.426 0.0806
10039     4.126   1.407  -0.948   4.873   1.434  -2.202   4.047   2.058  -3.320   5.354  -0.137  -2.640   6.703  -0.429  -2.052 0.0544
TOTRMS: 0.0721
BEFORE: 298 0.06680978332742216
AFTER: 100 0.07213613366259221
