3186      2.935   1.572  -3.396   2.143   1.898  -4.579   1.574   3.309  -4.486   0.885   0.773  -4.780   1.362  -0.364  -5.634 0.0774
2327      2.764   1.648  -3.367   1.881   2.184  -4.399   1.838   3.707  -4.348   0.313   1.550  -4.225   0.191   0.290  -5.030 0.0761
1060      1.931   2.745  -3.456   0.906   3.481  -4.190   0.585   4.805  -3.507  -0.506   2.545  -4.338  -0.439   1.735  -5.599 0.1402
1114      2.538   1.383  -3.611   1.756   1.373  -4.845   0.412   2.065  -4.649   1.518  -0.222  -5.383   2.638  -0.612  -6.301 0.1379
132       4.547   0.346  -3.182   4.466  -0.222  -4.525   4.437   0.873  -5.584   3.089  -1.210  -4.669   3.442  -2.617  -4.289 0.2764
1488      2.339   1.708   3.432   3.380   0.725   3.719   4.703   1.123   3.076   2.908  -0.815   3.176   2.180  -1.531   4.275 0.0979
4687      2.026   1.652  -3.500   0.880   1.971  -4.347   0.506   3.444  -4.233  -0.451   0.998  -3.934  -0.425  -0.259  -4.752 0.0642
2561      2.404   1.618  -3.513   1.466   1.876  -4.602   0.752   3.209  -4.408   0.329   0.617  -4.715   0.843  -0.439  -5.648 0.0859
354       4.602   1.011   1.043   5.454   0.514  -0.033   5.742   1.608  -1.055   4.729  -0.821  -0.797   5.162  -2.084  -0.114 0.1643
1452      2.581   2.010  -3.396   1.705   2.689  -4.346   1.726   4.197  -4.131   0.115   2.102  -4.211  -0.071   0.942  -5.143 0.0914
219       2.737   1.722  -3.459   1.898   1.388  -4.607   2.427   2.038  -5.880   0.292   1.871  -4.329  -0.462   0.748  -3.680 0.2157
3192      1.996   1.687  -3.469   0.841   2.156  -4.230   0.697   3.670  -4.131  -0.579   1.398  -3.681  -0.805   0.137  -4.460 0.0717
480       1.432   2.693  -3.489   0.283   3.034  -4.323   0.326   4.498  -4.744  -1.167   2.706  -3.498  -1.601   1.301  -3.789 0.1612
1084      1.278   1.914  -3.540   0.027   2.468  -4.049  -0.043   3.972  -3.815  -1.303   1.701  -3.317  -1.706   0.511  -4.135 0.1365
820       0.797   3.427  -3.391  -0.348   4.298  -3.640  -0.426   5.412  -2.602  -1.790   3.398  -3.638  -2.081   2.918  -5.029 0.1472
211       3.810   0.816  -3.790   3.229  -0.056  -4.807   4.291  -0.537  -5.789   1.987   0.751  -5.641   0.679   0.510  -4.946 0.2494
2504      3.205   1.497  -3.220   2.421   1.845  -4.402   2.091   3.333  -4.423   0.990   0.930  -4.455   1.236  -0.340  -5.214 0.0787
971      -0.158   4.399   2.067   0.043   4.225   3.503   1.519   4.332   3.868  -0.576   2.725   4.011  -2.012   2.887   4.414 0.1303
509       1.393   3.866  -2.979   0.535   5.015  -3.252   1.241   6.322  -2.911  -0.918   4.892  -2.377  -1.937   4.162  -3.200 0.1409
350       0.678   3.141  -3.274  -0.619   3.585  -3.777  -0.536   5.000  -4.335  -1.790   3.512  -2.546  -2.447   2.164  -2.560 0.2372
302       1.920   3.387  -3.979   1.270   4.527  -4.621   1.772   5.843  -4.040  -0.418   4.420  -4.450  -0.992   3.667  -5.613 0.1862
2961      1.921   1.683  -3.477   0.731   2.041  -4.244   0.434   3.532  -4.133  -0.610   1.139  -3.716  -0.701  -0.131  -4.508 0.0803
574       0.170   3.335   3.100   0.782   2.717   4.272   2.280   2.998   4.322   0.503   1.040   4.273  -0.771   0.745   5.007 0.1588
145       2.483   1.756  -3.403   1.514   1.829  -4.493   1.745   0.718  -5.509   1.596   3.345  -5.258   0.647   4.295  -4.590 0.3001
760       2.962   1.252  -3.558   2.296   1.226  -4.856   0.912   1.861  -4.776   2.172  -0.371  -5.428   3.385  -0.704  -6.245 0.1147
603      -0.169   4.493   2.124   0.054   4.389   3.564   1.543   4.373   3.889  -0.693   2.992   4.180  -2.095   3.319   4.602 0.1575
434       0.330   4.000  -2.624  -0.695   5.030  -2.480  -0.072   6.381  -2.145  -1.814   4.590  -1.279  -2.937   3.814  -1.901 0.2020
304       1.347   3.656   3.359   2.154   3.049   4.414   3.599   2.870   3.966   1.496   1.550   4.875   0.515   1.756   5.991 0.2079
828       3.340   1.481   2.945   4.392   0.476   2.827   5.416   0.875   1.771   3.724  -1.041   2.447   3.409  -1.780   3.714 0.1234
1303      3.080   1.683  -3.291   2.319   2.215  -4.418   2.222   3.734  -4.346   0.763   1.532  -4.459   0.785   0.286  -5.293 0.0936
240       2.073   1.862  -3.524   0.990   1.630  -4.476   1.246   2.363  -5.787  -0.497   2.121  -3.813  -1.127   0.968  -3.091 0.1807
234       2.626   2.936  -3.475   1.851   3.765  -4.394   1.158   4.903  -3.654   0.703   2.820  -5.219   1.306   2.294  -6.487 0.2328
369       2.500   3.484  -3.237   1.848   4.579  -3.949   2.467   5.922  -3.579   0.181   4.594  -3.616  -0.538   3.748  -4.624 0.2150
94        2.025   2.691  -4.388   0.896   2.687  -5.313   1.372   2.655  -6.760  -0.088   4.049  -5.052  -1.146   3.716  -4.042 0.3999
2427      2.628   1.585  -3.516   1.783   1.845  -4.678   0.941   3.099  -4.476   0.775   0.511  -4.989   1.469  -0.431  -5.928 0.0972
447       2.431   3.689  -3.982   2.080   4.964  -4.602   2.890   6.107  -4.002   0.417   5.272  -4.427  -0.323   4.703  -5.600 0.1898
57        2.819   5.755   2.924   1.791   6.617   3.501   0.864   5.827   4.418   0.891   7.372   2.272   1.533   8.680   1.915 0.3526
4223      2.712   1.619  -3.421   1.861   1.993  -4.547   1.388   3.437  -4.421   0.524   0.948  -4.654   0.868  -0.216  -5.534 0.0573
443       2.722   2.595   3.547   3.893   1.834   3.971   5.022   1.950   2.953   3.486   0.201   4.207   3.058  -0.008   5.630 0.1551
1867      3.215   1.661  -3.281   2.505   2.153  -4.458   2.205   3.642  -4.336   1.062   1.284  -4.687   1.326   0.097  -5.564 0.0988
2615      1.703   1.990  -3.506   0.542   2.590  -4.157   0.467   4.087  -3.876  -0.888   1.829  -3.641  -1.198   0.678  -4.551 0.0706
2567      1.813   2.361  -3.449   0.706   3.037  -4.119   0.597   4.490  -3.669  -0.756   2.223  -3.818  -0.980   1.189  -4.882 0.0782
37        4.691   1.486   0.266   5.357   1.413   1.563   5.745   2.801   2.060   6.735   0.421   1.468   6.355  -0.995   1.785 0.3745
445       1.493   3.548  -3.148   0.523   4.525  -3.635   1.121   5.926  -3.662  -0.874   4.506  -2.666  -1.857   3.519  -3.224 0.1646
166       2.747   1.306  -3.658   1.963   1.440  -4.881   0.469   1.425  -4.580   2.350   0.197  -5.974   3.475   0.643  -6.860 0.2593
804       1.757   3.472  -3.151   0.841   4.471  -3.694   1.302   5.883  -3.351  -0.734   4.213  -3.107  -1.470   3.295  -4.037 0.1288
186       5.611   0.124  -2.315   5.608  -0.214  -3.735   5.125   0.960  -4.578   4.632  -1.577  -4.019   5.465  -2.820  -3.909 0.2161
25        0.438   3.815   5.434  -0.707   3.393   6.236  -1.989   4.067   5.760  -0.441   3.741   7.879   0.223   2.568   8.537 0.6422
877       3.435   1.325  -3.384   2.786   1.512  -4.678   1.886   2.742  -4.668   1.883   0.133  -5.094   2.748  -0.817  -5.868 0.1502
61        2.409   2.013  -3.274   1.418   2.341  -4.294   1.089   1.124  -5.151   1.975   3.612  -5.276   1.542   4.923  -4.690 0.3211
1769      2.150   1.716  -3.455   1.089   2.270  -4.291   1.114   3.794  -4.270  -0.429   1.704  -3.776  -0.763   0.436  -4.505 0.0959
536       1.432   3.129  -3.261   0.369   3.974  -3.797   0.669   5.450  -3.561  -1.125   3.563  -3.096  -1.792   2.507  -3.926 0.1469
88        1.444   5.705   1.937   0.240   5.957   2.725  -0.015   4.826   3.714  -1.106   6.156   1.705  -1.253   7.605   1.348 0.3953
845       2.217   2.480  -3.351   1.293   3.225  -4.202   1.483   4.728  -4.035  -0.314   2.798  -3.850  -0.727   1.647  -4.718 0.1341
146       2.132   2.081  -4.144   1.145   1.997  -5.216   1.658   2.662  -6.488  -0.319   2.714  -4.733  -1.194   1.679  -4.090 0.2709
959       2.430   1.524   3.356   3.580   0.633   3.483   4.837   1.274   2.907   3.272  -0.847   2.707   2.651  -1.803   3.681 0.1145
1925      2.506   1.537  -3.588   1.662   1.703  -4.768   0.622   2.796  -4.550   0.894   0.238  -5.160   1.757  -0.541  -6.108 0.1114
650      -0.341   3.826  -2.656  -1.693   4.268  -2.324  -1.678   5.253  -1.161  -2.677   2.934  -1.946  -3.341   2.433  -3.194 0.1315
425       3.778   1.351   2.512   4.902   0.549   2.038   5.733   1.318   1.018   4.346  -0.907   1.357   4.276  -1.962   2.422 0.1432
1066     -0.003   3.977  -2.739  -1.248   4.678  -2.438  -1.051   5.690  -1.316  -2.466   3.569  -2.016  -3.210   3.150  -3.249 0.1285
1681      2.213   1.954   3.535   3.344   1.134   3.959   4.632   1.580   3.276   3.046  -0.507   3.625   2.374  -1.143   4.805 0.1016
1132      0.395   3.816  -2.976  -0.905   4.475  -2.908  -0.931   5.525  -1.803  -2.138   3.332  -2.656  -2.653   2.851  -3.980 0.1156
685       2.521   2.470   3.460   3.696   1.697   3.853   4.902   2.058   2.993   3.376   0.031   3.740   2.836  -0.464   5.049 0.1212
11255     2.472   1.772  -3.467   1.539   2.318  -4.450   1.318   3.809  -4.227   0.055   1.491  -4.382   0.088   0.327  -5.327 0.0527
205       4.671   0.995  -0.773   4.998   0.858  -2.190   4.872   2.194  -2.914   3.991  -0.300  -2.922   4.633  -1.652  -2.828 0.2293
561       2.991   1.207  -3.521   2.352   1.105  -4.830   0.882   1.502  -4.755   2.500  -0.475  -5.441   3.759  -0.583  -6.248 0.1500
5361      2.357   1.604  -3.430   1.299   2.042  -4.336   1.125   3.555  -4.287  -0.167   1.273  -3.950  -0.281  -0.006  -4.725 0.0619
637       0.486   3.092  -3.240  -0.722   3.907  -3.343  -0.565   5.219  -2.584  -2.067   3.050  -2.754  -2.704   2.286  -3.877 0.1448
265       5.080   0.162  -2.721   4.907  -0.203  -4.124   4.499   1.005  -4.959   3.746  -1.436  -4.277   4.423  -2.772  -4.200 0.2078
850       0.929   3.643  -3.148  -0.362   4.301  -3.331  -0.537   5.449  -2.344  -1.629   3.181  -3.155  -1.951   2.577  -4.489 0.1230
1766      2.757   1.764  -3.475   1.971   2.187  -4.631   1.306   3.535  -4.378   0.796   1.019  -5.009   1.366   0.033  -5.985 0.0989
751       0.324   3.916  -3.014  -0.980   4.574  -3.024  -1.152   5.470  -1.803  -2.227   3.419  -3.080  -2.567   3.121  -4.510 0.1481
797       1.675   2.227   3.584   2.678   1.339   4.166   4.077   1.699   3.681   2.328  -0.281   3.787   1.452  -0.866   4.854 0.1455
522       1.040   3.707  -3.365  -0.201   4.380  -3.738  -0.676   5.309  -2.627  -1.408   3.239  -4.101  -1.359   2.908  -5.562 0.1777
1693      1.287   1.848  -3.572  -0.008   2.204  -4.144  -0.354   3.660  -3.856  -1.226   1.184  -3.537  -1.364  -0.015  -4.427 0.1178
1267      3.122   1.224  -3.523   2.462   1.192  -4.825   1.232   2.092  -4.839   2.025  -0.400  -5.230   3.147  -1.050  -5.983 0.1238
1177      1.223   2.535  -3.461   0.013   3.215  -3.914  -0.052   4.638  -3.374  -1.369   2.346  -3.438  -1.736   1.363  -4.509 0.1056
539       3.972   0.900  -3.144   3.600   0.649  -4.533   2.303   1.365  -4.892   3.441  -1.020  -4.813   4.760  -1.582  -5.253 0.1517
97        4.714   0.958  -0.034   5.356   0.212  -1.111   6.684   0.849  -1.504   4.331   0.121  -2.464   3.478  -1.109  -2.364 0.2703
603       1.614   2.939  -3.324   0.448   3.515  -3.988  -0.048   4.753  -3.250  -0.799   2.365  -4.101  -0.665   1.608  -5.388 0.1450
223       4.455   0.744  -3.394   4.162  -0.196  -4.472   5.338  -0.309  -5.436   2.763   0.282  -5.312   1.560  -0.349  -4.677 0.2738
776       2.561   1.448   3.455   3.601   0.457   3.719   4.835   0.714   2.862   3.010  -1.112   3.436   2.419  -1.659   4.701 0.1136
547       0.803   3.883  -2.863  -0.224   4.916  -2.962   0.249   6.223  -2.337  -1.661   4.399  -2.214  -2.524   3.697  -3.219 0.1460
696       2.854   2.309   3.268   3.916   1.354   3.571   5.091   1.518   2.613   3.323  -0.237   3.499   2.818  -0.644   4.851 0.1233
1056      0.706   3.565   3.211   1.325   2.952   4.382   2.842   2.901   4.238   0.710   1.386   4.627  -0.491   1.455   5.522 0.1264
480       2.027   2.640  -3.494   1.048   2.914  -4.542   1.152   4.355  -5.028  -0.526   2.600  -3.981  -0.885   1.173  -4.269 0.1308
4211      2.214   2.162  -3.410   1.149   2.678  -4.265   0.825   4.128  -3.924  -0.247   1.719  -4.119  -0.207   0.619  -5.138 0.0596
3248      2.763   1.665  -3.485   1.958   2.139  -4.606   1.524   3.585  -4.397   0.595   1.146  -4.821   0.932   0.032  -5.767 0.0782
1485      3.262   1.443  -3.362   2.569   1.785  -4.601   2.011   3.202  -4.544   1.316   0.677  -4.905   1.844  -0.462  -5.726 0.1008
546       1.814   2.706  -3.507   0.760   3.069  -4.450   1.073   4.392  -5.140  -0.740   3.167  -3.656  -1.414   1.828  -3.696 0.1516
305       3.253   2.600  -3.757   2.687   3.443  -4.806   2.564   4.889  -4.341   1.166   2.853  -5.285   1.339   1.878  -6.411 0.2428
3186      2.326   1.616  -3.502   1.316   1.864  -4.528   0.721   3.260  -4.386   0.085   0.694  -4.443   0.437  -0.467  -5.325 0.0666
161       4.241   0.286  -0.558   4.521  -0.049  -1.951   4.870   1.197  -2.756   3.189  -0.841  -2.650   3.327  -2.321  -2.453 0.1995
819       2.175   1.568  -3.608   1.276   1.601  -4.758   0.077   2.503  -4.492   0.749   0.031  -5.145   1.697  -0.585  -6.131 0.1309
299      -0.730   4.943   0.819  -0.934   5.283   2.224   0.396   5.393   2.961  -1.923   4.124   2.977  -3.360   4.537   2.855 0.1971
883       1.357   3.288  -3.246   0.284   4.187  -3.661   0.318   5.487  -2.866  -1.228   3.430  -3.478  -1.583   2.711  -4.745 0.1298
518       1.460   3.276  -3.669   0.546   4.310  -4.143   0.426   5.444  -3.131  -0.987   3.647  -4.460  -1.049   3.191  -5.887 0.1918
204       1.625   4.173  -2.937   0.959   5.457  -3.137   1.922   6.616  -2.909  -0.381   5.599  -2.101  -1.602   5.063  -2.786 0.2276
628       1.289   3.332  -3.170   0.203   4.199  -3.619   0.398   5.626  -3.119  -1.296   3.595  -3.089  -1.853   2.664  -4.124 0.1295
3312      2.869   1.712  -3.275   1.977   2.190  -4.328   1.784   3.699  -4.241   0.473   1.403  -4.232   0.504   0.160  -5.071 0.0635
614      -0.689   4.653   1.292  -0.696   4.781   2.746   0.688   5.143   3.272  -1.234   3.337   3.466  -2.723   3.388   3.635 0.1493
1212      3.269   1.824   3.082   4.457   0.975   3.050   5.479   1.499   2.048   4.033  -0.626   2.667   3.746  -1.383   3.930 0.1121
22        2.646   1.775   3.261   1.675   2.034   4.320   1.203   3.483   4.290   2.344   1.670   5.841   2.063   0.237   6.180 0.5564
2010      2.791   1.552  -3.411   1.917   1.778  -4.559   1.282   3.162  -4.502   0.708   0.584  -4.627   1.192  -0.572  -5.451 0.0787
33        0.772   6.278   0.538  -0.442   6.758  -0.115  -1.614   5.820   0.147  -0.191   6.925  -1.788   0.301   8.310  -2.085 0.3293
38        5.004   1.697  -0.007   5.852   1.956   1.153   7.025   0.984   1.203   4.945   1.849   2.587   4.381   3.197   2.923 0.4771
407       0.845   3.014  -3.389  -0.541   3.378  -3.668  -0.940   4.640  -2.913  -1.585   2.099  -3.258  -1.770   1.204  -4.446 0.1584
345       4.186   1.309  -2.452   3.741   1.344  -3.842   3.180   2.714  -4.204   2.570   0.142  -4.120   3.247  -1.123  -4.557 0.2031
1905      2.684   1.688  -3.349   1.708   1.891  -4.416   1.132   3.301  -4.372   0.457   0.746  -4.301   0.815  -0.469  -5.105 0.0775
5034      2.454   1.867  -3.516   1.551   2.403  -4.530   1.155   3.839  -4.207   0.162   1.431  -4.661   0.393   0.365  -5.690 0.0705
601       0.217   3.568  -2.997  -1.128   4.123  -2.880  -1.157   5.293  -1.904  -2.224   2.922  -2.384  -2.803   2.244  -3.589 0.1350
546       1.328   3.809  -2.954   0.320   4.812  -3.284   0.506   6.072  -2.447  -1.242   4.182  -3.050  -1.719   3.545  -4.321 0.1493
211       4.953   2.441  -1.287   5.491   1.208  -1.856   4.649   0.734  -3.034   5.571  -0.007  -0.670   6.905   0.048   0.013 0.2723
253      -0.849   4.834  -1.373  -1.760   5.536  -0.473  -1.045   5.972   0.801  -3.090   4.549  -0.086  -4.187   4.776  -1.083 0.2010
310       3.696   1.260  -2.769   3.005   1.266  -4.055   2.503   2.662  -4.402   1.707   0.167  -4.037   2.183  -1.177  -4.502 0.1859
3306      2.209   1.686  -3.487   1.112   1.930  -4.419   0.588   3.355  -4.289  -0.148   0.819  -4.156   0.069  -0.395  -5.009 0.0719
112       3.477   2.331   3.288   4.699   1.553   3.478   5.540   1.535   2.207   4.323  -0.036   3.951   4.258  -0.109   5.448 0.2703
322       1.448   3.317  -3.301   0.299   3.917  -3.973   0.691   5.208  -4.684  -0.949   4.221  -2.859  -1.849   3.024  -2.778 0.1968
1054      1.438   2.727  -3.448   0.335   3.543  -3.948   0.343   4.927  -3.311  -1.152   2.774  -3.654  -1.504   1.902  -4.823 0.1063
307       2.776   1.433  -3.748   2.048   1.318  -5.008   1.926   2.671  -5.698   0.503   0.658  -4.743   0.573  -0.837  -4.853 0.2014
61        1.588   3.341  -3.165   0.519   4.171  -3.712   0.181   3.759  -5.140   0.962   5.812  -3.669   0.519   6.415  -2.369 0.4110
3950      2.759   1.872  -3.322   1.881   2.441  -4.340   1.695   3.939  -4.131   0.371   1.658  -4.325   0.405   0.489  -5.264 0.0592
1025      0.646   3.474   3.173   1.319   2.820   4.291   2.833   2.950   4.173   0.879   1.180   4.371  -0.330   1.028   5.244 0.1152
299       3.037   2.846  -4.063   2.614   3.857  -5.029   2.821   5.263  -4.478   0.982   3.629  -5.449   0.895   2.716  -6.636 0.1787
2991      2.604   2.144  -3.360   1.715   2.818  -4.302   1.483   4.269  -3.897   0.230   1.997  -4.407   0.304   0.965  -5.492 0.0810
508       1.991   3.452  -3.276   1.153   4.438  -3.952   1.350   5.827  -3.357  -0.484   3.990  -3.857  -0.840   3.140  -5.041 0.1778
5470      2.770   1.613  -3.314   1.844   1.971  -4.384   1.516   3.459  -4.351   0.416   1.056  -4.264   0.564  -0.207  -5.059 0.0605
505       2.211   1.848  -3.590   1.204   1.931  -4.644   1.163   3.327  -5.255  -0.328   1.516  -4.034  -0.545   0.040  -4.191 0.1614
282      -0.335   3.910  -2.420  -1.418   4.780  -1.968  -0.875   5.974  -1.192  -2.516   3.909  -1.006  -3.590   3.326  -1.876 0.2013
6241      2.473   1.663  -3.412   1.485   2.197  -4.345   1.400   3.716  -4.245  -0.041   1.507  -4.052  -0.196   0.266  -4.879 0.0631
992       2.132   1.571  -3.619   1.150   1.674  -4.694   0.154   2.795  -4.422   0.328   0.199  -4.891   1.060  -0.653  -5.884 0.1161
698      -0.645   4.630  -1.578  -1.707   5.223  -0.770  -1.150   5.814   0.520  -2.899   4.065  -0.414  -3.950   4.083  -1.484 0.1438
3994      2.261   2.200  -3.423   1.273   2.878  -4.258   1.115   4.337  -3.845  -0.226   2.081  -4.169  -0.301   1.036  -5.243 0.0709
462       2.006   1.894  -3.539   0.947   1.836  -4.542   0.940   3.092  -5.406  -0.567   1.633  -3.795  -0.865   0.170  -3.657 0.1817
3402      1.975   2.122  -3.468   0.835   2.590  -4.250   0.503   4.041  -3.923  -0.522   1.605  -3.970  -0.535   0.478  -4.960 0.0652
647       3.107   2.227   3.235   4.336   1.453   3.381   5.344   1.813   2.296   3.998  -0.212   3.334   3.733  -0.708   4.725 0.1310
2552      1.601   1.685  -3.553   0.388   2.176  -4.202   0.241   3.682  -4.022  -0.980   1.378  -3.583  -1.255   0.151  -4.400 0.0727
4431      2.616   1.945  -3.345   1.635   2.322  -4.359   1.180   3.764  -4.172   0.296   1.276  -4.307   0.533   0.115  -5.226 0.0618
1164     -0.101   4.046   2.579   0.348   3.744   3.935   1.844   3.991   4.086  -0.020   2.133   4.337  -1.380   2.073   4.966 0.1346
3540      2.180   2.208  -3.449   1.155   2.803  -4.301   0.820   4.219  -3.850  -0.249   1.843  -4.298  -0.168   0.835  -5.406 0.0698
748       3.120   2.050  -3.437   2.387   2.587  -4.580   1.823   3.968  -4.271   1.131   1.531  -5.028   1.640   0.551  -6.043 0.1533
590       2.488   2.534  -3.274   1.667   3.272  -4.229   2.061   4.744  -4.270   0.019   3.121  -3.836  -0.554   1.926  -4.539 0.1616
4861      2.701   1.640  -3.450   1.839   2.139  -4.518   1.576   3.632  -4.359   0.367   1.287  -4.539   0.493   0.096  -5.442 0.0550
4777      1.728   1.761  -3.592   0.562   2.185  -4.361   0.224   3.645  -4.086  -0.776   1.200  -4.000  -0.806   0.032  -4.941 0.0635
88       -0.499   4.860   1.155  -1.915   4.626   1.424  -2.110   3.902   2.751  -2.618   3.730   0.162  -3.155   4.667  -0.879 0.3772
21        5.375   3.709   0.854   6.052   2.974   1.918   5.834   1.472   1.772   5.507   3.497   3.441   6.369   4.627   3.919 0.5091
168       0.956   2.513  -3.490  -0.364   2.555  -4.113  -0.362   3.456  -5.342  -1.529   3.093  -2.997  -2.107   1.914  -2.271 0.2846
1014      1.750   2.822   3.527   2.757   2.060   4.260   4.140   2.249   3.649   2.351   0.410   4.285   1.511   0.120   5.494 0.1414
419       2.604   1.749  -3.588   1.771   1.747  -4.787   2.033   2.982  -5.640   0.126   1.667  -4.366  -0.301   0.232  -4.285 0.1692
703      -0.684   4.791   1.030  -0.961   4.849   2.463   0.330   4.937   3.268  -1.859   3.490   2.949  -3.324   3.793   2.836 0.1361
259       4.442   1.183   1.752   5.416   0.413   0.984   5.827   1.155  -0.282   4.784  -1.114   0.585   5.129  -2.096   1.665 0.2049
9025      2.485   1.593  -3.457   1.518   1.985  -4.479   1.175   3.466  -4.370   0.106   1.048  -4.350   0.239  -0.178  -5.203 0.0479
3644      2.868   1.592  -3.442   2.047   2.074  -4.549   1.719   3.553  -4.385   0.613   1.168  -4.662   0.833  -0.004  -5.571 0.0608
3509      1.959   1.999  -3.517   0.841   2.410  -4.361   0.355   3.805  -3.988  -0.436   1.294  -4.238  -0.273   0.230  -5.281 0.0718
4237      1.603   2.012  -3.540   0.410   2.549  -4.188   0.215   4.022  -3.845  -0.964   1.658  -3.732  -1.170   0.528  -4.696 0.0695
5459      2.311   1.661  -3.384   1.217   2.051  -4.269   0.944   3.548  -4.177  -0.191   1.176  -3.892  -0.226  -0.087  -4.701 0.0623
270      -1.012   3.672  -2.331  -2.274   4.055  -1.703  -2.055   5.122  -0.637  -3.034   2.696  -1.021  -3.938   2.066  -2.039 0.1892
893       1.290   3.103   3.374   2.153   2.340   4.272   3.620   2.498   3.889   1.719   0.696   4.258   0.692   0.441   5.319 0.1284
4805      2.510   1.692  -3.343   1.477   2.041  -4.315   1.114   3.519  -4.222   0.092   1.084  -4.078   0.197  -0.161  -4.907 0.0636
221       1.141   1.738  -3.694  -0.112   1.695  -4.442  -1.076   2.774  -3.962  -0.836   0.163  -4.300  -0.352  -0.723  -5.410 0.1849
6991      2.302   1.917  -3.462   1.325   2.571  -4.328   1.263   4.069  -4.052  -0.212   1.875  -4.121  -0.382   0.741  -5.087 0.0619
3332      2.890   1.918  -3.291   2.029   2.427  -4.355   1.683   3.894  -4.125   0.607   1.502  -4.461   0.818   0.369  -5.421 0.0632
687      -1.081   4.636  -0.727  -1.910   5.047   0.402  -1.056   5.600   1.537  -2.845   3.741   0.959  -4.158   3.721   0.235 0.1611
5646      2.873   1.536  -3.384   1.992   1.882  -4.496   1.559   3.342  -4.419   0.627   0.869  -4.509   0.912  -0.342  -5.346 0.0600
1091      2.010   1.968   3.557   3.191   1.210   3.960   4.463   1.842   3.406   3.067  -0.404   3.440   2.401  -1.222   4.505 0.1004
480       4.467   0.019  -3.126   4.180  -0.526  -4.450   3.105   0.291  -5.157   3.694  -2.150  -4.331   4.897  -3.040  -4.424 0.2079
28        2.793   2.624   4.965   3.018   2.181   6.338   3.710   3.263   7.157   3.942   0.754   6.357   3.029  -0.435   6.314 0.5994
6215      2.552   1.592  -3.495   1.614   1.924  -4.564   1.099   3.351  -4.418   0.312   0.832  -4.571   0.638  -0.329  -5.463 0.0606
1955      2.376   1.611   3.471   3.532   0.752   3.710   4.766   1.278   2.987   3.201  -0.841   3.216   2.618  -1.610   4.364 0.0872
299       3.222   1.005  -3.817   2.577   0.895  -5.122   2.268   2.271  -5.699   1.150  -0.022  -5.003   1.464  -1.469  -5.237 0.2067
7509      2.406   1.734  -3.404   1.353   2.130  -4.334   1.061   3.623  -4.231  -0.064   1.237  -4.041  -0.048  -0.012  -4.871 0.0523
356      -1.155   4.612   0.031  -1.731   4.867   1.348  -0.672   5.370   2.322  -2.463   3.459   1.958  -3.901   3.420   1.535 0.1579
1118      2.032   1.703  -3.560   0.940   1.890  -4.512   0.233   3.220  -4.283  -0.173   0.610  -4.396   0.224  -0.486  -5.340 0.1002
912      -0.654   4.176  -2.055  -1.825   4.721  -1.375  -1.416   5.616  -0.210  -2.829   3.465  -0.821  -3.830   3.120  -1.883 0.1273
211       4.853   1.798   0.037   5.729   1.770  -1.131   6.376   3.130  -1.365   4.861   1.291  -2.512   4.926  -0.201  -2.651 0.2449
551       3.750   1.405   2.810   4.940   0.602   2.545   5.747   1.181   1.388   4.507  -1.007   2.206   4.478  -1.796   3.481 0.1577
10275     2.410   1.636  -3.461   1.409   2.103  -4.417   1.194   3.607  -4.296  -0.062   1.283  -4.183  -0.086   0.048  -5.034 0.0462
15607     2.254   1.700  -3.543   1.243   2.204  -4.469   0.967   3.683  -4.228  -0.196   1.310  -4.320  -0.164   0.149  -5.269 0.0526
6836      2.036   1.820  -3.488   0.941   2.383  -4.273   0.822   3.886  -4.051  -0.526   1.618  -3.880  -0.728   0.434  -4.779 0.0524
8941      2.098   1.648  -3.524   0.995   2.013  -4.409   0.617   3.480  -4.238  -0.355   1.024  -4.114  -0.288  -0.189  -4.993 0.0538
6578      2.565   1.616  -3.402   1.577   1.956  -4.422   1.164   3.420  -4.319   0.211   0.953  -4.284   0.401  -0.269  -5.132 0.0541
2164      1.705   1.703  -3.585   0.513   2.005  -4.373   0.033   3.429  -4.117  -0.728   0.899  -4.019  -0.632  -0.275  -4.948 0.0931
2694      1.822   2.199  -3.558   0.708   2.783  -4.301   0.409   4.198  -3.821  -0.678   1.810  -4.152  -0.703   0.800  -5.260 0.0789
3353      2.428   1.700  -3.594   1.493   2.106  -4.639   0.926   3.493  -4.360   0.230   0.976  -4.776   0.608  -0.078  -5.774 0.0772
6416      2.202   1.878  -3.454   1.165   2.475  -4.291   1.070   3.979  -4.058  -0.339   1.742  -3.985  -0.521   0.573  -4.907 0.0560
9134      2.222   1.730  -3.476   1.169   2.243  -4.348   0.994   3.746  -4.173  -0.300   1.444  -4.037  -0.408   0.235  -4.917 0.0450
9338      2.744   1.745  -3.336   1.835   2.238  -4.366   1.572   3.730  -4.198   0.368   1.379  -4.324   0.461   0.188  -5.230 0.0504
2506      1.972   1.657  -3.659   0.899   2.043  -4.571   0.394   3.447  -4.261  -0.383   0.930  -4.483  -0.166  -0.163  -5.487 0.0785
13906     2.378   1.765  -3.431   1.345   2.165  -4.382   0.990   3.638  -4.220  -0.045   1.205  -4.188   0.053  -0.001  -5.075 0.0495
3953      1.863   1.760  -3.587   0.783   2.379  -4.350   0.719   3.880  -4.093  -0.707   1.657  -3.963  -0.958   0.502  -4.886 0.0636
7873      2.576   1.705  -3.348   1.583   2.144  -4.325   1.315   3.639  -4.200   0.136   1.273  -4.133   0.174   0.044  -4.992 0.0508
9365      1.925   1.690  -3.531   0.793   2.182  -4.312   0.602   3.681  -4.116  -0.628   1.352  -3.885  -0.782   0.142  -4.758 0.0534
12779     2.595   1.691  -3.388   1.646   2.204  -4.372   1.455   3.708  -4.217   0.151   1.408  -4.225   0.139   0.199  -5.112 0.0501
13522     2.094   1.717  -3.514   1.008   2.216  -4.353   0.784   3.707  -4.132  -0.426   1.358  -4.039  -0.508   0.170  -4.951 0.0475
35        1.971   3.142   3.232   1.034   3.772   4.158   0.825   2.909   5.398  -0.455   4.061   3.390  -0.438   5.423   2.764 0.4435
12079     2.633   1.736  -3.420   1.709   2.221  -4.441   1.358   3.687  -4.210   0.295   1.278  -4.458   0.467   0.136  -5.414 0.0506
18059     2.206   1.769  -3.503   1.166   2.307  -4.375   0.959   3.797  -4.128  -0.295   1.469  -4.143  -0.358   0.304  -5.086 0.0491
14693     2.395   1.762  -3.477   1.412   2.238  -4.447   1.058   3.699  -4.197   0.009   1.279  -4.389   0.143   0.139  -5.354 0.0523
5915      1.886   1.677  -3.670   0.760   2.121  -4.485   0.461   3.598  -4.251  -0.621   1.187  -4.150  -0.657   0.001  -5.068 0.0600
11        1.407   6.451   2.428   0.815   7.768   2.212   1.373   8.789   3.197  -0.877   7.687   2.350  -1.475   7.396   1.005 0.5790
TOTRMS: 0.0821
cutoff: 0.1
BEFORE: 2979 0.05595881263255666
AFTER: 200 0.08209558559493589
