15437     0.876   4.089  -2.897   0.568   5.474  -2.553   1.682   6.412  -3.005   0.319   5.629  -0.879  -1.133   5.419  -0.568 0.0582
17881     1.025   4.203  -2.873   0.847   5.618  -2.561   2.015   6.446  -3.083   0.680   5.838  -0.883  -0.770   5.759  -0.510 0.0563
1421     -0.509   5.125  -0.760  -0.540   6.073   0.350   0.270   7.323   0.028   0.049   5.345   1.769  -1.086   4.711   2.515 0.1406
11976     1.085   4.092  -3.008   0.758   5.490  -2.742   1.938   6.400  -3.061   0.287   5.691  -1.121  -1.197   5.508  -1.005 0.0653
6039      0.359   3.988  -2.859  -0.037   5.341  -2.481   0.965   6.369  -2.992  -0.189   5.464  -0.792  -1.596   5.133  -0.391 0.1036
105      -0.280   3.311   3.138  -0.304   2.266   4.157   0.702   2.556   5.264   0.017   0.749   3.460  -1.272   0.112   3.033 0.5817
9421      0.969   4.287  -2.809   0.896   5.712  -2.499   2.038   6.477  -3.157   0.924   5.956  -0.816  -0.479   5.952  -0.287 0.0662
2524      0.782   4.003  -3.018   0.128   5.276  -2.731   1.153   6.366  -2.439  -0.939   5.112  -1.418  -2.299   4.733  -1.923 0.1398
576       1.025   4.457  -3.010   0.556   5.809  -2.720   1.012   6.790  -3.794   1.111   6.315  -1.194   0.108   5.936  -0.146 0.2438
5478      1.331   4.383  -2.958   1.320   5.824  -2.722   2.581   6.480  -3.273   1.170   6.151  -1.060  -0.281   6.263  -0.702 0.0887
2019      4.863   1.660   0.924   5.776   2.101  -0.128   6.586   3.312   0.321   4.913   2.470  -1.545   4.808   1.243  -2.400 0.1549
1215      0.671   3.773  -3.109  -0.211   4.911  -2.870   0.512   6.015  -2.107  -1.595   4.420  -2.012  -2.668   4.023  -2.981 0.1462
12828     0.781   4.148  -2.805   0.566   5.543  -2.433   1.642   6.443  -3.030   0.541   5.709  -0.741  -0.865   5.547  -0.243 0.0611
173       3.926   0.726  -2.247   3.291   0.230  -3.465   3.683   1.074  -4.671   1.600   0.214  -3.288   1.168  -1.112  -2.736 0.3540
1123      0.855   4.080  -2.974   0.162   5.340  -2.722   1.093   6.358  -2.074  -1.198   5.082  -1.734  -2.395   4.803  -2.594 0.1451
388       0.678   3.909  -3.075  -0.107   5.126  -2.893   0.509   6.022  -1.824  -1.711   4.742  -2.478  -2.533   4.614  -3.726 0.2526
4146      4.514   1.810   1.855   5.675   2.281   1.104   6.262   3.539   1.733   5.253   2.580  -0.515   5.460   1.334  -1.324 0.1148
1106      4.993   1.996   0.538   5.792   2.664  -0.484   6.527   3.868   0.093   4.809   3.149  -1.784   4.750   2.051  -2.803 0.1472
1736      2.435   3.606   3.102   3.876   3.802   3.235   4.228   5.284   3.267   4.699   3.034   1.960   5.035   1.627   2.357 0.1639
517       1.405   4.651  -3.173   1.287   6.101  -3.041   2.052   6.817  -4.148   1.855   6.606  -1.520   0.721   6.605  -0.538 0.2139
206       2.434   0.813  -4.426   1.413   1.686  -4.998   2.046   2.888  -5.691   0.335   2.209  -3.792  -0.807   1.243  -3.689 0.3254
1829      1.763   3.806  -3.295   1.329   5.198  -3.212   2.512   6.150  -3.339   0.509   5.478  -1.749  -0.956   5.220  -1.939 0.1438
11064     1.261   4.251  -2.959   1.127   5.682  -2.701   2.366   6.441  -3.158   0.848   5.962  -1.047  -0.628   5.958  -0.781 0.0650
7741      0.810   3.948  -2.995   0.367   5.300  -2.665   1.433   6.329  -3.023  -0.020   5.411  -1.013  -1.470   5.082  -0.817 0.0771
1558      3.353   2.929   2.929   4.764   3.196   2.665   5.118   4.644   2.985   5.141   2.848   1.045   5.576   1.417   0.929 0.1524
192       4.076   2.420  -2.558   4.360   3.722  -3.153   5.754   4.208  -2.773   3.194   4.862  -2.671   2.059   4.861  -3.651 0.2504
3604      0.986   4.027  -3.065   0.488   5.377  -2.816   1.618   6.398  -2.874  -0.291   5.454  -1.307  -1.748   5.142  -1.480 0.0964
3372      1.354   4.234  -3.113   1.137   5.667  -2.937   2.421   6.451  -3.183   0.547   5.990  -1.375  -0.952   5.947  -1.388 0.1052
481       1.008   1.282  -4.128  -0.309   1.843  -4.419  -0.322   3.352  -4.208  -1.494   1.108  -3.446  -2.048  -0.093  -4.153 0.3137
429       4.626   2.209  -1.498   4.725   3.179  -2.585   5.675   4.315  -2.223   3.189   3.802  -2.965   2.553   2.950  -4.023 0.2137
965       4.353   2.385   2.310   5.608   2.814   1.701   5.985   4.220   2.152   5.495   2.756   0.005   5.929   1.405  -0.479 0.1442
810       1.018   4.586   2.524   2.228   4.808   3.310   2.783   6.208   3.079   3.406   3.643   2.925   3.252   2.458   3.831 0.1956
1482      0.290   4.767  -2.128  -0.017   5.981  -1.378   0.998   7.080  -1.674  -0.054   5.656   0.290  -1.447   5.270   0.693 0.1498
7281      0.715   4.082  -2.939   0.295   5.446  -2.630   1.417   6.441  -2.903  -0.204   5.561  -1.009  -1.674   5.280  -0.918 0.0771
1611      4.570   1.776   1.753   5.684   1.951   0.826   6.424   3.256   1.098   5.131   1.919  -0.781   5.163   0.509  -1.292 0.1712
436       1.593   5.956  -1.974   2.074   7.201  -1.383   3.355   7.672  -2.061   2.337   7.002   0.285   1.083   7.342   1.033 0.2136
2074      0.361   3.879  -2.995  -0.214   5.180  -2.664   0.824   6.289  -2.797  -0.850   5.163  -1.087  -2.288   4.740  -1.133 0.1230
2028      0.484   4.973  -2.029   0.428   6.248  -1.320   1.524   7.192  -1.799   0.562   6.000   0.357  -0.805   5.817   0.946 0.1385
6559      0.659   4.224  -2.727   0.551   5.634  -2.364   1.575   6.475  -3.117   0.752   5.833  -0.688  -0.583   5.742  -0.010 0.0855
488       2.082   5.606  -2.747   2.359   6.921  -2.175   3.794   7.351  -2.458   2.073   6.912  -0.500   0.647   7.296  -0.234 0.2266
927      -0.170   5.160   1.085   0.530   5.795   2.198   1.134   7.129   1.776   1.744   4.768   2.799   1.176   3.904   3.884 0.1792
239      -0.092   3.463  -3.626  -1.205   4.053  -2.888  -2.492   4.002  -3.703  -0.848   5.659  -2.460  -0.180   5.683  -1.117 0.3583
65        0.485   0.473  -4.275  -0.166  -0.756  -4.718   0.452  -1.268  -6.014  -1.834  -0.502  -4.927  -2.550  -0.798  -3.643 0.5572
3504      0.917   3.823  -3.130   0.350   5.142  -2.860   1.388   6.238  -3.066  -0.265   5.211  -1.277  -1.705   4.791  -1.281 0.1129
358       2.716   5.065  -3.009   2.455   6.414  -2.515   3.755   7.159  -2.239   1.505   6.356  -1.106   0.053   6.406  -1.480 0.3434
1144      1.773   4.042   2.921   3.150   4.089   3.405   3.719   5.499   3.304   4.124   3.003   2.530   4.120   1.667   3.212 0.1786
228       1.334   0.688  -4.496   0.039   1.231  -4.897   0.187   2.637  -5.468  -1.031   1.248  -3.576  -1.790  -0.045  -3.531 0.2681
879      -0.618   4.985  -1.043  -0.878   5.890   0.073  -0.058   7.168  -0.055  -0.535   5.123   1.551  -1.769   4.436   2.056 0.2096
1150      3.630   2.331   2.842   5.028   2.238   2.432   5.745   3.569   2.622   5.138   1.742   0.809   5.207   0.245   0.747 0.1901
7211      1.215   4.036  -2.973   0.951   5.436  -2.651   2.059   6.338  -3.181   0.788   5.638  -0.971  -0.650   5.465  -0.584 0.0658
2106      1.692   4.441  -3.143   1.727   5.892  -2.983   3.073   6.459  -3.421   1.412   6.318  -1.368  -0.064   6.515  -1.182 0.1609
4479      0.955   4.181  -3.010   0.626   5.586  -2.788   1.838   6.478  -3.031   0.040   5.817  -1.209  -1.451   5.653  -1.201 0.0839
315       0.114   2.669  -3.923  -1.214   2.920  -3.370  -2.286   2.819  -4.448  -1.270   4.451  -2.633  -0.889   4.325  -1.188 0.4097
874       0.075   3.506  -3.205  -0.766   4.669  -2.939  -0.001   5.966  -3.178  -1.355   4.625  -1.345  -2.666   3.896  -1.316 0.2301
377       3.648   1.756  -4.483   3.169   2.904  -5.247   4.249   3.972  -5.370   1.779   3.562  -4.521   0.558   2.901  -5.090 0.3028
1357      1.072   4.199  -3.032   0.602   5.564  -2.810   1.772   6.528  -2.655  -0.396   5.631  -1.436  -1.821   5.399  -1.841 0.1412
112       0.490   0.525  -4.611  -0.003  -0.595  -5.408  -1.473  -0.410  -5.764   0.214  -2.059  -4.570   1.555  -2.637  -4.915 0.4755
1184     -0.584   5.125  -0.451  -0.431   6.099   0.626   0.257   7.365   0.129   0.449   5.425   1.915  -0.497   4.775   2.881 0.1391
115       1.014   5.041   3.689  -0.000   4.278   4.412   0.599   3.585   5.630  -0.724   3.132   3.386  -1.919   3.744   2.717 0.5006
449       0.895   4.219  -2.948   0.051   5.234  -2.324  -0.359   6.302  -3.331   0.858   5.951  -1.010   0.552   5.185   0.243 0.2773
534       0.763   4.122  -2.994   0.131   5.387  -2.631   0.706   6.541  -3.444   0.325   5.691  -0.970  -0.831   5.104  -0.216 0.1995
95        0.803   4.179  -3.154   0.354   5.558  -2.985   0.675   6.071  -1.586  -1.315   5.680  -3.283  -1.544   5.974  -4.735 0.4082
125      -0.897   5.325   2.554  -2.156   4.585   2.551  -2.237   3.636   3.741  -2.331   3.717   1.100  -3.039   4.570   0.089 0.4422
175      -0.154   2.459  -3.656  -1.514   2.990  -3.629  -1.567   4.394  -4.221  -2.114   3.005  -2.038  -2.808   1.707  -1.753 0.4267
261       2.462  -0.119  -4.716   1.356   0.375  -5.531   1.592   1.817  -5.963  -0.110   0.255  -4.678  -0.740  -1.079  -4.951 0.2679
1364     -0.208   5.262  -0.959  -0.089   6.343   0.015   0.768   7.480  -0.530   0.571   5.761   1.469  -0.536   5.310   2.375 0.1667
32       -1.900   4.475   4.254  -2.250   3.706   5.445  -3.759   3.524   5.556  -1.650   4.468   6.841  -0.271   3.957   7.136 0.7601
921       0.186   3.417  -3.207  -0.745   4.503  -2.916  -0.013   5.718  -2.356  -1.937   3.985  -1.820  -3.105   3.429  -2.578 0.2198
275      -0.109   3.785  -3.000  -1.168   4.678  -2.541  -1.266   5.915  -3.426  -0.900   5.136  -0.925  -1.574   4.158  -0.010 0.3017
8569      0.533   4.124  -2.870   0.225   5.517  -2.560   1.324   6.447  -3.060   0.007   5.719  -0.886  -1.437   5.510  -0.541 0.0686
220       5.954   1.669  -3.448   5.703   0.362  -4.048   4.714   0.469  -5.203   5.118  -0.725  -2.879   6.271  -1.440  -2.240 0.4644
180      -0.118   2.616  -3.426  -1.302   3.365  -3.013  -2.420   2.426  -2.576  -1.841   4.367  -4.276  -1.177   5.708  -4.169 0.4430
1562      4.643   2.161   1.838   5.760   2.847   1.195   6.172   4.084   1.984   5.352   3.281  -0.398   5.731   2.171  -1.332 0.1295
43       -0.858   4.289   4.577  -1.513   4.229   5.880  -0.812   5.132   6.889  -1.547   2.629   6.454  -2.807   1.959   5.992 0.7458
739       0.751   5.592  -1.765   1.022   6.867  -1.106   2.036   7.687  -1.893   1.584   6.608   0.478   0.420   6.572   1.422 0.2214
16741     1.138   4.163  -2.904   0.893   5.564  -2.575   2.066   6.440  -3.000   0.608   5.741  -0.908  -0.861   5.607  -0.636 0.0582
8508      1.232   3.968  -3.033   0.854   5.346  -2.734   1.977   6.313  -3.088   0.444   5.505  -1.091  -1.024   5.254  -0.916 0.0743
100       6.659   2.957   3.903   6.530   2.400   5.246   7.675   1.443   5.556   5.040   1.600   5.416   4.007   2.567   5.913 0.5993
238       1.624  -0.164  -4.906   1.648  -1.361  -5.742   0.293  -2.059  -5.740   2.856  -2.432  -5.211   4.141  -2.128  -5.922 0.2827
162       0.692   6.136  -1.009   0.875   7.219  -0.047   0.936   8.571  -0.747   2.289   6.970   0.865   1.958   6.176   2.093 0.3453
9555      1.419   4.100  -3.062   1.170   5.519  -2.822   2.397   6.357  -3.163   0.719   5.776  -1.203  -0.772   5.678  -1.077 0.0712
9388      0.820   4.219  -2.927   0.620   5.643  -2.676   1.809   6.459  -3.170   0.368   5.924  -1.018  -1.099   5.848  -0.715 0.0679
35       -1.994   3.406  -4.384  -3.264   2.696  -4.501  -3.323   1.885  -5.790  -4.564   3.791  -4.442  -5.002   3.971  -3.019 0.5688
828      -0.463   5.026   0.987   0.058   5.571   2.237   0.739   6.915   2.008   1.149   4.480   2.951   0.404   3.560   3.873 0.1879
465       0.804   2.620  -3.710  -0.390   3.461  -3.715  -0.162   4.742  -2.922  -1.717   2.610  -3.080  -2.433   1.899  -4.190 0.2449
3593      1.631   4.232  -3.107   1.518   5.674  -2.908   2.820   6.381  -3.267   1.092   6.020  -1.299  -0.402   6.068  -1.177 0.0892
163       0.879   0.128  -4.600   0.450  -1.105  -5.254  -0.808  -1.664  -4.599   1.694  -2.263  -5.210   2.549  -2.124  -6.435 0.2297
3484      0.321   4.067  -2.752   0.115   5.462  -2.375   1.026   6.387  -3.174   0.385   5.673  -0.710  -0.901   5.469   0.035 0.1035
4452      1.036   4.354  -2.849   1.032   5.791  -2.588   2.169   6.486  -3.328   1.152   6.091  -0.919  -0.223   6.161  -0.323 0.1003
63        6.120  -0.045  -3.068   5.661  -1.093  -3.975   6.198  -0.873  -5.385   3.962  -1.153  -4.001   3.479  -2.104  -2.947 0.6155
53        1.687   6.045   3.529   0.237   6.204   3.465  -0.456   5.340   4.512  -0.335   5.810   1.913  -0.343   7.040   1.056 0.6450
56       -0.695   3.289   3.325  -0.753   2.324   4.418  -1.399   2.935   5.656   0.806   1.757   4.793   1.106   0.539   3.972 0.5750
170      -0.070   5.248  -2.434  -0.677   6.178  -1.486  -1.661   7.109  -2.186   0.522   7.086  -0.694   0.946   6.372   0.555 0.3669
7890      0.559   4.215  -2.800   0.370   5.626  -2.478   1.454   6.485  -3.118   0.363   5.855  -0.793  -1.040   5.735  -0.278 0.0641
9069      1.025   4.232  -2.786   0.894   5.635  -2.404   2.010   6.476  -3.012   0.900   5.792  -0.711  -0.506   5.706  -0.196 0.0617
5857      0.376   4.088  -2.824   0.078   5.474  -2.477   1.091   6.426  -3.101   0.055   5.672  -0.789  -1.334   5.434  -0.276 0.0725
6982      0.908   3.994  -2.910   0.569   5.361  -2.522   1.607   6.351  -3.038   0.438   5.482  -0.831  -0.977   5.206  -0.418 0.0785
47        0.167  -0.325  -5.471   0.051  -1.554  -6.250   0.237  -1.280  -7.738  -1.457  -2.290  -5.976  -1.346  -3.243  -4.824 0.5273
81        1.546   3.458   3.343   2.722   2.949   4.043   4.004   3.517   3.447   2.756   1.250   3.989   2.030   0.697   5.179 0.4824
8942      1.171   4.357  -2.834   1.090   5.776  -2.502   2.295   6.536  -3.045   0.979   5.987  -0.819  -0.464   5.994  -0.410 0.0663
TOTRMS: 0.1079
BEFORE: 1051 0.0787214861780058
AFTER: 100 0.10787983530802178
