H 0.430 E 0.162    2.151   1.143  -0.050   3.044   2.299  -0.025   3.357   2.780  -1.437   4.484   1.919   0.794   4.328   2.235   2.252
Kernel d0: 0.49 sigma: 0.05 SUM:  1074.59 maxCount:  46.68 PSEUDO 400+0.5
0.7344  -0.2931 0.7762  0.0397  0.3000  0.4762  0.7701  0.5405  0.6128  0.3015  -0.1245 0.8058  0.8850  0.6913  0.7751  0.4343  0.8515  0.3605  0.6842  0.7156  
0.2814  0.3015  0.2117  0.1644  -0.0324 0.5938  0.2082  0.7735  0.1346  -0.5456 -1.0255 0.2296  0.2860  0.1677  0.2111  0.4469  -0.2544 0.1450  -0.2288 -0.1801 
0.0096  -0.9733 -0.1756 0.4545  -1.1306 -0.1528 -1.1851 -1.2851 -0.0714 -1.3729 -1.0896 0.0556  0.6612  0.4611  -1.1080 -0.1656 -1.1244 -0.6360 -0.2451 -0.2460 
-0.1917 -0.3753 0.6484  0.5553  -0.2699 0.1372  0.6420  -0.2259 0.4864  -0.2353 0.3461  0.6795  0.7657  0.5623  0.6473  0.0459  0.0780  -0.1685 0.0898  0.6436  
0.2705  -0.2909 0.6758  0.5823  0.5123  -0.1377 0.6694  0.5053  0.2047  0.5933  0.7379  0.6915  0.7919  0.5894  0.6747  0.5218  0.1373  0.5542  0.7442  1.0010  
0.4511  0.0200  0.4491  0.3679  0.5621  0.4004  0.4433  -0.1503 0.3120  0.1256  -0.1368 0.1743  0.5620  -0.3764 0.4481  0.5169  -0.3220 0.2865  0.5139  0.8075  
-0.1340 -0.6491 -0.3710 0.3292  -0.1123 -0.2225 0.4003  -0.9470 0.2774  -0.9939 0.1429  0.4332  0.5146  0.3347  -0.9643 -0.6932 -0.3775 -0.5583 -0.2814 -0.1523 
0.6744  0.8637  0.7313  0.6381  0.7986  1.0979  0.7251  0.9462  0.5670  0.7835  0.7920  0.7617  0.8441  0.6453  0.7303  1.0049  0.4773  0.8834  0.7982  1.0386  
-0.2779 -0.4827 0.6140  -0.2052 -0.6929 0.5034  0.6077  -1.1311 0.4545  -0.8372 -0.7587 0.0199  0.7322  -0.0730 0.2133  -0.1387 -0.7803 -0.8133 0.6832  0.4774  
0.4476  0.1084  0.9468  0.3439  0.5610  0.6872  0.9418  0.4075  0.1273  0.3542  0.5864  0.9708  1.0321  0.2645  0.4880  0.7615  0.2228  0.7237  0.5884  1.1586  
0.6336  0.5260  0.3972  0.3216  -0.0331 0.3675  0.3918  0.7284  0.2706  0.6950  -0.0077 0.4243  0.5050  0.3270  0.3963  0.7016  0.7197  0.0633  0.4587  0.7513  
-0.2015 -1.1802 0.4819  0.3977  -1.4734 0.1461  0.4760  -1.9597 0.3390  -1.3762 -1.1720 0.5115  0.5971  -1.0378 -0.8463 -0.6227 -0.8652 -1.3305 -1.1350 -0.8498 
0.8575  0.4701  0.3486  0.2792  0.7950  0.7936  0.3435  0.9518  0.2332  0.9661  0.4005  0.3738  0.4500  0.2841  0.3477  0.6429  0.6611  1.0191  0.4061  0.6932  
-0.0664 -0.1140 0.5383  -0.3100 0.0259  0.5528  -0.1875 -1.0706 0.1280  -0.6161 -0.3093 0.5688  0.6559  0.3071  -0.8788 0.6343  -0.3639 -0.5894 -0.2303 -0.3880 
0.2364  -0.6734 0.0160  0.5771  -0.6624 0.4303  0.3938  -1.0653 0.5074  -0.5423 -0.2617 0.7015  0.7869  -0.5231 0.6694  0.9100  -0.9570 -0.5408 0.1248  0.3840  
-0.0946 -0.1446 0.5631  0.4731  -0.5154 0.4956  0.5568  -0.3917 0.4086  -0.5965 0.1189  0.5939  0.6813  0.4798  0.5620  0.3483  -0.1749 0.0125  -0.3279 0.7628  
0.1715  0.0650  0.5620  0.4721  0.0714  -0.4495 -0.1574 0.0210  0.4077  0.3392  0.3435  -0.0374 0.6801  -0.3870 -0.2697 0.3480  -0.0303 0.0157  0.2364  -0.0529 
0.8461  0.5342  0.7067  0.6133  0.7071  0.5030  0.7004  1.0548  0.5426  0.4230  0.1355  0.7375  0.8212  0.6204  0.7057  0.9872  1.0002  1.1954  0.7744  1.0199  
0.9155  -0.5943 0.4042  0.3278  0.3047  0.8556  0.3988  0.5946  0.2762  -0.0113 0.0128  0.4316  0.5129  0.3333  0.4033  0.3872  0.1102  0.4188  -0.6249 0.7592  
0.1950  0.0995  0.5398  0.5477  -0.1089 -0.0897 0.6343  0.4459  0.4792  -0.1598 0.6120  0.6718  0.7582  -0.4618 0.6396  0.2605  -0.5221 0.2614  0.7097  0.2269  
H 0.430 E 0.162    2.147   1.155  -0.127   3.011   2.330  -0.190   2.750   3.135  -1.458   4.646   1.869  -0.118   5.094   1.840   1.313
Kernel d0: 0.49 sigma: 0.05 SUM:   628.93 maxCount:  29.76 PSEUDO 400+0.5
0.6854  -0.2937 0.4788  0.1216  0.4012  0.5520  0.4742  0.6645  0.3602  0.2927  -0.3303 0.5014  0.5636  0.4160  0.4780  0.4609  0.5211  0.3621  0.5288  0.3827  
0.0513  0.1613  0.1102  0.0843  -0.2773 0.3471  0.1082  0.4768  0.0684  -0.4792 -0.6150 0.1201  0.1523  0.0861  0.1098  0.2499  -0.4179 0.2084  0.1009  0.2608  
-0.1849 -0.7124 -0.3361 0.2548  -0.2939 -0.1684 -0.6104 -1.0232 0.1011  -1.3004 -0.7452 0.1212  0.3943  0.2590  -1.1247 -0.4161 -0.7764 -0.4843 0.3187  -0.0311 
-0.0791 -0.2398 0.3852  0.3208  -0.0895 -0.1558 0.3807  -0.0761 0.2753  -0.0059 0.1033  0.4074  0.4709  0.3256  0.3844  0.0433  0.1299  0.0534  -0.1330 0.6427  
-0.0475 -0.1126 0.4047  0.3392  0.6810  -0.3753 0.4002  0.3666  0.0660  0.3547  0.4501  0.4272  0.4908  0.3441  0.4040  0.3242  0.0826  0.4586  0.4548  0.6594  
0.2099  0.0404  0.2513  0.2009  0.3033  0.1442  0.2477  -0.1251 0.1675  -0.1594 -0.2654 0.2504  0.3254  0.1683  0.2507  0.2788  -0.2527 0.4051  0.2933  0.5027  
-0.0585 -0.7350 -0.4686 0.1776  0.0476  -0.3469 0.2207  -0.7136 0.1473  -0.7446 -0.0132 0.2413  0.2937  0.1809  -0.8423 -0.6429 -0.3877 -0.1327 -0.4137 -0.2952 
0.3286  0.5466  0.4452  0.3779  0.4711  0.7438  0.4406  0.6044  0.3288  0.4407  0.4909  0.4679  0.5312  0.3830  0.4445  0.6627  0.3360  0.6748  0.4956  0.6916  
-0.4046 -0.1148 0.3611  -0.3568 -0.4123 0.2753  0.3567  -0.9331 0.2548  -0.9102 -0.7604 -0.2251 0.4459  0.3031  0.0029  -0.3823 -0.9176 -0.5038 0.4100  0.5465  
0.1207  0.2080  0.6139  0.1174  0.6486  0.5181  0.6098  0.4593  -0.0208 0.4204  0.6002  0.6339  0.6861  -0.0126 0.4367  0.6347  0.3107  0.6059  0.3005  0.7989  
0.3881  0.3012  0.2188  0.1731  0.2208  0.5216  0.2155  0.5268  0.1434  0.3817  0.2536  0.2357  0.2874  0.1763  0.2182  0.4234  0.4367  0.2671  0.2574  0.4601  
-0.2828 -0.8233 0.2724  0.2191  -0.9801 0.1330  0.2686  -1.8260 0.1835  -1.1272 -1.2010 0.2917  0.3494  -0.7194 -0.8627 -0.7674 -0.7153 -1.1702 -0.5471 -0.3950 
0.5418  0.2648  0.1892  0.1484  0.4932  0.4921  0.1862  0.6181  0.1222  0.6300  0.2208  0.2045  0.2519  0.1512  0.1887  0.3813  0.3942  0.6748  0.2243  0.4173  
0.1967  -0.1852 0.3094  -0.3823 -0.1039 0.5912  0.0283  -0.8188 0.1177  -0.4157 -0.1275 0.3300  0.3905  0.2064  -0.5966 0.4032  -0.1021 -0.4164 -0.0112 -0.1296 
0.0161  -0.3284 -0.1320 0.3356  -0.7280 0.3017  0.1630  -0.8861 0.2890  -0.4306 -0.1951 0.4234  0.4870  -0.6091 0.4002  0.5881  -0.9937 -0.4344 -0.1101 0.3554  
-0.0635 -0.3451 0.3261  0.2667  -0.2727 0.3259  0.3219  -0.3921 0.2259  -0.7194 0.1743  0.3472  0.4087  0.2710  0.3254  0.1429  -0.2722 0.0031  -0.1083 0.5870  
-0.1197 -0.1270 0.3254  0.2660  -0.0277 -0.5784 -0.3236 -0.1036 0.2253  0.1917  0.2019  -0.2839 0.4079  -0.2118 -0.4102 0.0672  -0.2667 0.0338  0.0460  -0.0726 
0.5243  0.4484  0.4272  0.3605  0.4613  0.3074  0.4226  0.7000  0.3123  0.1961  0.3513  0.4498  0.5133  0.3655  0.4264  0.6477  0.6587  0.8331  0.4775  0.6776  
0.5882  -0.2556 0.2232  0.1768  0.5033  0.5402  0.2198  0.2815  0.1466  -0.1626 -0.0905 0.2403  0.2926  0.1801  0.2226  0.0911  -0.1255 0.2074  0.2068  0.4660  
-0.0563 -0.0335 0.2905  0.3158  0.1071  -0.3934 0.3753  0.4018  0.2706  -0.0750 0.4246  0.4019  0.4653  -0.7141 0.3790  0.1070  -0.5032 0.2190  0.4293  0.1055  
H 0.430 E 0.162    2.158   1.129  -0.013   3.062   2.274   0.049   3.970   2.323  -1.174   3.998   2.216   1.467   3.286   2.947   2.566
Kernel d0: 0.49 sigma: 0.05 SUM:  1068.77 maxCount:  46.16 PSEUDO 400+0.5
0.7250  -0.1208 0.7727  0.0350  0.2042  0.4317  0.7666  0.4477  0.6097  0.2407  -0.1082 0.8023  0.8813  0.6881  0.7717  0.4246  0.8537  0.3157  0.5290  0.9611  
0.5317  0.2997  0.2104  0.1634  -0.1007 0.5909  0.2069  0.7701  0.1338  -0.5453 -1.0275 0.2282  0.2843  0.1666  0.2098  0.4444  0.4329  0.1389  -0.2463 -0.2497 
0.1503  -0.8413 0.0056  0.4521  -1.3243 -0.0383 -1.1899 -1.3096 -0.0762 -1.3390 -1.0255 0.0515  0.6580  0.4586  -0.8080 0.1085  -1.1362 -0.7192 -0.2985 -0.4392 
-0.1124 -0.3793 0.6453  0.5524  -0.2808 0.3310  0.6389  -0.2648 0.4838  -0.2548 0.3698  0.6763  0.7622  0.5595  0.6442  0.2739  0.0727  -0.1837 0.1278  0.5507  
0.3624  -0.4669 0.6726  0.5794  0.1451  0.0875  0.6663  0.5443  0.2040  0.5195  0.7345  0.1364  0.7885  0.5865  0.6715  0.5196  0.1426  0.5148  0.7409  0.9971  
0.2172  0.0159  0.4466  0.3658  0.5635  0.4008  0.4409  -0.0934 0.3102  0.1834  -0.0810 0.1600  0.5591  -0.4166 0.4457  0.5220  -0.3172 0.2980  0.5112  0.8040  
0.0868  -0.5851 -0.2917 0.3273  -0.4967 0.1341  0.3981  -0.9261 0.2757  -1.0194 0.1502  0.4308  0.5119  0.3328  -0.9491 -0.6830 -0.4079 -0.6587 0.2301  0.1797  
0.9037  0.5459  0.7280  0.6350  0.7703  1.0939  0.7217  0.9455  0.5641  0.8165  0.7885  0.7583  0.8405  0.6422  0.7269  1.0011  0.5039  0.8647  0.7947  1.0347  
-0.1941 -0.4992 0.6110  0.1368  -0.7832 0.5038  0.6047  -1.1615 0.4520  -0.7806 -0.5797 0.0011  0.7288  -0.1991 0.3512  0.1894  -0.6456 -0.8266 0.6799  0.2386  
0.5106  0.0273  0.9430  0.3428  0.4836  0.6794  0.9380  0.3476  0.1357  0.3369  0.5756  0.9670  1.0283  0.6626  0.4829  0.6866  0.2136  0.6481  0.5886  1.0539  
0.6446  0.5232  0.3949  0.3197  -0.0403 0.3053  0.3895  0.4747  0.2690  0.7107  -0.3062 0.4220  0.5024  0.3251  0.3940  0.6984  0.7164  0.0451  0.4562  0.7479  
-0.2028 -1.2215 0.4794  0.3954  -1.6572 0.2454  0.4734  -1.9524 0.3371  -1.3654 -0.8391 0.5088  0.5942  -1.0046 -0.6326 -0.4375 -0.8592 -1.3204 -1.1991 -0.9426 
0.8539  0.4676  0.3465  0.2775  0.7915  0.7901  0.3415  0.9480  0.2318  0.9623  0.3982  0.3717  0.4476  0.2824  0.3457  0.6398  0.6580  1.0152  0.4038  0.6900  
-0.0850 -0.1082 0.5355  -0.3078 -0.1215 0.5389  -0.1937 -1.0817 0.1248  -0.6548 -0.1877 0.5659  0.6528  0.3043  -0.7078 0.6309  -0.3683 -0.6602 -0.3056 -0.3980 
0.2844  -0.6867 0.0209  0.5742  -0.7125 0.4600  0.2219  -1.1058 0.5047  -0.5759 -0.2542 0.6983  0.7834  -0.4229 0.6662  0.9064  -0.8759 -0.5862 0.2102  0.0261  
0.0841  -0.1085 0.5602  0.4706  -0.6196 0.4227  0.5540  -0.3626 0.4063  -0.4638 0.0793  0.5910  0.6780  0.4772  0.5592  0.3463  0.0631  0.0344  -0.3046 0.7203  
0.5914  0.0699  0.5591  0.4695  0.1996  -0.1727 0.0759  0.1946  0.4054  0.4744  0.3409  0.5730  0.6769  -0.2771 -0.1988 0.6673  0.0225  -0.0210 0.2368  0.0885  
0.8452  0.5288  0.7034  0.6102  0.5311  0.5306  0.6972  1.0623  0.5398  0.4638  0.1256  0.7341  0.8176  0.6174  0.7024  0.9834  0.9964  1.1914  0.7710  0.9578  
0.9117  -0.6059 0.4020  0.3259  0.2757  0.8520  0.3965  0.6290  0.2745  0.0224  0.0127  0.0189  0.5102  0.3314  0.4010  0.4493  0.5504  0.4179  -0.7122 0.7558  
0.2438  0.0785  0.5859  0.5449  -0.3315 0.4012  0.6312  0.3634  0.4766  -0.2616 0.4415  0.1587  0.7548  0.3810  0.6365  0.1576  -0.4397 0.2163  0.7064  0.1662  
H 0.430 E 0.162    2.094   1.186   0.339   2.980   2.346   0.380   4.405   1.961  -0.001   2.960   3.053   1.926   1.886   4.097   1.985
Kernel d0: 0.49 sigma: 0.05 SUM:   334.19 maxCount:  10.83 PSEUDO 400+0.5
0.3046  -0.0050 0.2346  0.0485  -0.0065 0.0672  0.2318  0.0568  0.1661  0.0612  0.2435  0.2485  0.2886  0.1973  0.2341  0.2115  0.3852  0.1378  0.0373  0.3982  
0.1857  0.0674  0.0449  0.0340  -0.3505 0.1590  0.0441  0.2333  0.0274  -0.0477 -0.0613 0.0492  0.0634  0.0347  0.0448  0.1091  0.1143  0.0524  -0.1959 -0.3784 
0.2890  -0.1580 0.1409  0.1115  -1.3175 -0.0468 -0.6498 -0.9227 -0.0306 -0.5614 -0.5304 0.0346  0.1850  0.1136  0.0347  0.2718  -0.9085 -0.4691 -0.4326 -0.4939 
-0.1764 -0.1531 0.1799  0.1451  -0.1806 0.3874  0.1774  -0.1505 0.1217  -0.2335 0.2055  0.1924  0.2297  0.1476  0.1795  0.1920  0.1676  -0.1107 0.2083  0.0109  
0.4181  -0.4718 0.1909  0.1548  -0.3597 0.3523  0.1883  0.1932  0.1226  0.2432  0.2173  -0.2822 0.2419  0.1574  0.1904  0.2940  -0.0129 0.1459  0.2201  0.3554  
-0.0375 0.0672  0.1098  0.0856  0.2885  0.2886  0.1080  -0.0349 0.0702  0.3782  0.1220  -0.0521 0.1474  -0.4024 0.1095  0.2269  0.0985  0.0111  0.1308  0.2494  
-0.0075 0.1193  0.0966  0.0748  -0.6723 0.1906  0.0950  -0.3420 0.0612  -0.5730 0.1138  0.1049  0.1310  0.0764  0.0139  0.0609  -0.0534 -0.5162 0.1157  0.1939  
0.4442  -0.1418 0.2144  0.1759  0.2833  0.4199  0.2117  0.4778  0.1492  0.4827  0.2420  0.2280  0.2674  0.1787  0.2139  0.3578  0.2891  0.3617  0.2449  0.3794  
0.0785  -0.3368 0.1666  0.1335  -0.7314 0.3605  0.1642  -0.5901 0.1115  -0.0285 0.1060  -0.3283 0.2147  -0.3585 0.1662  0.2913  0.1151  -0.5574 0.1939  -0.1731 
0.3711  -0.0097 0.3229  0.2647  0.0651  0.1165  0.3200  0.1374  0.2099  0.1523  0.1990  0.3370  0.3752  0.2831  0.2507  0.2169  0.1793  0.2286  0.3473  0.2704  
0.2980  0.1349  0.0941  0.0728  -0.0015 -0.1280 0.0925  0.0110  0.0594  0.3603  -0.4111 0.1022  0.1278  0.0743  0.0938  0.2016  0.2093  -0.0490 0.1128  0.2232  
0.2036  -0.6829 0.1202  0.0942  -1.4878 0.0044  0.1183  -0.8213 0.0775  -0.8381 -0.0251 0.1300  0.1602  -0.4305 0.1090  0.1871  -0.1295 -0.5946 -0.9073 -0.7542 
0.2742  0.1164  0.0802  0.0616  0.2434  0.2427  0.0788  0.3258  0.0501  0.3342  0.0950  0.0873  0.1101  0.0629  0.0799  0.1777  0.1849  0.3668  0.0967  0.1981  
0.0451  0.0386  0.1391  0.0901  -0.0754 0.1514  -0.0270 -0.5783 0.0583  -0.3385 -0.2172 0.1499  0.1829  0.1004  -0.2117 0.2524  -0.0609 -0.5286 -0.4799 -0.0989 
0.3661  -0.2984 0.1887  0.1529  -0.2854 0.1250  -0.0099 -0.6987 0.1286  -0.3402 0.0413  0.2016  0.2396  0.1234  0.1883  0.3289  0.1312  -0.3007 0.2178  -0.3126 
-0.0443 0.2022  0.1478  0.1174  -0.7470 0.1624  0.1456  -0.1537 0.0975  -0.0954 -0.0923 0.1590  0.1931  0.1195  0.1475  0.2584  0.0576  -0.0888 -0.2222 0.1630  
0.3363  0.2017  0.1474  0.1170  -0.1814 -0.1726 0.1452  0.1810  0.0972  0.1587  0.1539  0.1586  0.1927  -0.0242 0.1471  0.2806  0.2842  0.0121  0.1654  -0.0842 
0.4358  0.2068  0.2038  0.1663  0.1386  0.1741  0.2011  0.4709  0.1406  0.3861  -0.0144 0.2171  0.2560  0.1690  0.2033  0.3469  0.3549  0.4947  0.2338  0.3160  
0.3052  -0.2727 0.0961  0.0745  -0.0149 0.2733  0.0945  0.3558  0.0609  0.2196  0.1012  -0.4585 0.1304  0.0760  0.0959  0.0768  0.2128  0.3565  -0.7147 0.2268  
0.1276  -0.0139 0.1768  0.1424  -0.6128 0.3525  0.1744  0.1556  0.1193  -0.1728 0.0163  -0.3089 0.2263  0.1449  0.1764  0.0624  -0.2459 0.0223  0.2050  -0.0873 
H 0.430 E 0.162    2.132   1.148   0.251   3.000   2.313   0.403   3.690   2.658  -0.911   4.159   2.035   1.616   3.617   2.491   2.939
Kernel d0: 0.49 sigma: 0.05 SUM:  1109.25 maxCount:  46.78 PSEUDO 400+0.5
0.7513  -0.1256 0.7961  0.0536  0.2310  0.4787  0.7899  0.4853  0.6301  0.2652  -0.1047 0.8261  0.9062  0.7100  0.7950  0.4487  0.8740  0.3519  0.5596  0.7907  
0.3451  0.3118  0.2193  0.1705  -0.0728 0.6108  0.2157  0.7934  0.1397  -0.5312 -1.0233 0.2378  0.2959  0.1739  0.2187  0.4608  0.2132  0.1602  -0.2390 -0.2343 
0.0816  -0.9415 -0.1479 0.4687  -1.2701 -0.1347 -1.1997 -1.3103 -0.0642 -1.3631 -1.0968 0.0682  0.6794  0.4754  -1.0523 -0.1006 -1.1862 -0.6889 -0.2805 -0.4307 
-0.1539 -0.3707 0.6664  0.5716  -0.2586 0.1891  0.6599  -0.2399 0.5013  -0.2440 0.3653  0.6980  0.7854  0.5787  0.6653  0.1383  0.0945  -0.1596 0.1127  0.5788  
0.3443  -0.3691 0.6942  0.5991  0.3158  -0.0829 0.6878  0.5107  0.2182  0.5253  0.7573  0.5339  0.8120  0.6063  0.6931  0.5420  0.1026  0.4937  0.7637  1.0233  
0.2648  0.0322  0.4631  0.3799  0.5827  0.4205  0.4572  -0.1521 0.3226  0.1502  -0.1144 0.1756  0.5784  -0.4052 0.4621  0.5353  -0.3071 0.2933  0.5293  0.8278  
0.0449  -0.6263 -0.3571 0.3402  -0.3760 0.1007  0.4132  -0.9330 0.2870  -0.9999 0.1574  0.4469  0.5300  0.3459  -0.9517 -0.6785 -0.3979 -0.6313 -0.1403 0.0067  
0.8173  0.8215  0.7506  0.6559  0.8181  1.1208  0.7443  0.9697  0.5835  0.8111  0.8121  0.7814  0.8648  0.6632  0.7495  1.0272  0.5003  0.8915  0.8184  1.0611  
-0.2106 -0.4806 0.6314  -0.1661 -0.7992 0.5246  0.6250  -1.1507 0.4686  -0.8159 -0.7206 0.2152  0.7514  -0.1745 0.2421  -0.0172 -0.6999 -0.8190 0.7017  0.2996  
0.5110  0.0923  0.9686  0.3634  0.5120  0.7120  0.9635  0.3745  0.1457  0.3532  0.6004  0.9928  1.0546  0.4422  0.5069  0.7171  0.2379  0.6868  0.6102  1.1567  
0.6548  0.5416  0.4100  0.3324  -0.0191 0.3295  0.4044  0.5197  0.2800  0.7173  -0.2835 0.4378  0.5203  0.3380  0.4090  0.7205  0.7388  0.0695  0.4729  0.7708  
-0.1825 -1.2115 0.4967  0.4105  -1.6163 0.1638  0.4906  -1.9416 0.3503  -1.3704 -0.8782 0.5269  0.6142  -1.0432 -0.8023 -0.5172 -0.8500 -1.3190 -1.2313 -0.8942 
0.8784  0.4846  0.3601  0.2888  0.8152  0.8137  0.3549  0.9737  0.2415  0.9881  0.4133  0.3860  0.4641  0.2939  0.3592  0.6608  0.6793  1.0415  0.4191  0.7119  
-0.0615 -0.1036 0.5542  -0.2989 -0.0905 0.5632  -0.1778 -1.0676 0.1382  -0.6374 -0.2492 0.5853  0.6740  0.3197  -0.7072 0.6541  -0.3512 -0.6446 -0.3880 -0.3781 
0.2619  -0.6682 0.0319  0.5938  -0.6972 0.4322  0.3634  -1.0825 0.5227  -0.5616 -0.2455 0.7204  0.8069  -0.4960 0.6877  0.9317  -0.9071 -0.5689 0.1500  0.1715  
0.0316  -0.1252 0.5795  0.4877  -0.6669 0.4461  0.5732  -0.4157 0.4217  -0.5597 0.0943  0.6109  0.6998  0.4945  0.5784  0.3675  0.0295  0.0038  -0.3354 0.7461  
0.3986  0.0827  0.5784  0.4866  0.1105  -0.3439 -0.1210 0.0506  0.4207  0.4681  0.3594  0.4746  0.6986  -0.3116 -0.2514 0.4132  -0.0017 -0.0062 0.2524  0.0430  
0.8690  0.5518  0.7256  0.6306  0.5704  0.5506  0.7192  1.0787  0.5586  0.4477  0.1461  0.7568  0.8416  0.6379  0.7246  1.0093  1.0225  1.2187  0.7943  1.0132  
0.9370  -0.5931 0.4172  0.3388  0.2999  0.8765  0.4116  0.6242  0.2857  0.0448  0.0248  0.3996  0.5283  0.3445  0.4162  0.4702  0.2026  0.4400  -0.6972 0.7789  
0.2130  0.1041  0.5627  0.5639  -0.3209 0.2410  0.6521  0.3976  0.4939  -0.2056 0.4750  0.5906  0.7778  -0.0265 0.6574  0.1864  -0.4562 0.2107  0.7286  0.1972  
H 0.430 E 0.162    2.072   1.184   0.430   2.930   2.359   0.555   2.634   3.120   1.842   2.732   3.383  -0.788   3.713   3.003  -1.856
Kernel d0: 0.49 sigma: 0.05 SUM:    17.59 maxCount:   4.34 PSEUDO 400+0.5
0.0000  0.0000  0.0000  0.0000  0.0000  0.0000  0.0000  0.0000  0.0000  0.0000  0.0000  0.0000  0.0000  0.0000  0.0000  0.0000  0.0000  0.0000  0.0000  0.0000  
0.0000  0.0000  0.0000  0.0000  0.0000  0.0000  0.0000  0.0000  0.0000  0.0000  0.0000  0.0000  0.0000  0.0000  0.0000  0.0000  0.0000  0.0000  0.0000  0.0000  
0.0000  0.0000  0.0000  0.0000  0.0000  0.0000  0.0000  0.0000  0.0000  0.0000  0.0000  0.0000  0.0000  0.0000  0.0000  0.0000  0.0000  0.0000  0.0000  0.0000  
0.0000  0.0000  0.0000  0.0000  0.0000  0.0000  0.0000  0.0000  0.0000  0.0000  0.0000  0.0000  0.0000  0.0000  0.0000  0.0000  0.0000  0.0000  0.0000  0.0000  
0.0000  0.0000  0.0000  0.0000  0.0000  0.0000  0.0000  0.0000  0.0000  0.0000  0.0000  0.0000  0.0000  0.0000  0.0000  0.0000  0.0000  0.0000  0.0000  0.0000  
0.0000  0.0000  0.0000  0.0000  0.0000  0.0000  0.0000  0.0000  0.0000  0.0000  0.0000  0.0000  0.0000  0.0000  0.0000  0.0000  0.0000  0.0000  0.0000  0.0000  
0.0000  0.0000  0.0000  0.0000  0.0000  0.0000  0.0000  0.0000  0.0000  0.0000  0.0000  0.0000  0.0000  0.0000  0.0000  0.0000  0.0000  0.0000  0.0000  0.0000  
0.0000  0.0000  0.0000  0.0000  0.0000  0.0000  0.0000  0.0000  0.0000  0.0000  0.0000  0.0000  0.0000  0.0000  0.0000  0.0000  0.0000  0.0000  0.0000  0.0000  
0.0000  0.0000  0.0000  0.0000  0.0000  0.0000  0.0000  0.0000  0.0000  0.0000  0.0000  0.0000  0.0000  0.0000  0.0000  0.0000  0.0000  0.0000  0.0000  0.0000  
0.0000  0.0000  0.0000  0.0000  0.0000  0.0000  0.0000  0.0000  0.0000  0.0000  0.0000  0.0000  0.0000  0.0000  0.0000  0.0000  0.0000  0.0000  0.0000  0.0000  
0.0000  0.0000  0.0000  0.0000  0.0000  0.0000  0.0000  0.0000  0.0000  0.0000  0.0000  0.0000  0.0000  0.0000  0.0000  0.0000  0.0000  0.0000  0.0000  0.0000  
0.0000  0.0000  0.0000  0.0000  0.0000  0.0000  0.0000  0.0000  0.0000  0.0000  0.0000  0.0000  0.0000  0.0000  0.0000  0.0000  0.0000  0.0000  0.0000  0.0000  
0.0000  0.0000  0.0000  0.0000  0.0000  0.0000  0.0000  0.0000  0.0000  0.0000  0.0000  0.0000  0.0000  0.0000  0.0000  0.0000  0.0000  0.0000  0.0000  0.0000  
0.0000  0.0000  0.0000  0.0000  0.0000  0.0000  0.0000  0.0000  0.0000  0.0000  0.0000  0.0000  0.0000  0.0000  0.0000  0.0000  0.0000  0.0000  0.0000  0.0000  
0.0000  0.0000  0.0000  0.0000  0.0000  0.0000  0.0000  0.0000  0.0000  0.0000  0.0000  0.0000  0.0000  0.0000  0.0000  0.0000  0.0000  0.0000  0.0000  0.0000  
0.0000  0.0000  0.0000  0.0000  0.0000  0.0000  0.0000  0.0000  0.0000  0.0000  0.0000  0.0000  0.0000  0.0000  0.0000  0.0000  0.0000  0.0000  0.0000  0.0000  
0.0000  0.0000  0.0000  0.0000  0.0000  0.0000  0.0000  0.0000  0.0000  0.0000  0.0000  0.0000  0.0000  0.0000  0.0000  0.0000  0.0000  0.0000  0.0000  0.0000  
0.0000  0.0000  0.0000  0.0000  0.0000  0.0000  0.0000  0.0000  0.0000  0.0000  0.0000  0.0000  0.0000  0.0000  0.0000  0.0000  0.0000  0.0000  0.0000  0.0000  
0.0000  0.0000  0.0000  0.0000  0.0000  0.0000  0.0000  0.0000  0.0000  0.0000  0.0000  0.0000  0.0000  0.0000  0.0000  0.0000  0.0000  0.0000  0.0000  0.0000  
0.0000  0.0000  0.0000  0.0000  0.0000  0.0000  0.0000  0.0000  0.0000  0.0000  0.0000  0.0000  0.0000  0.0000  0.0000  0.0000  0.0000  0.0000  0.0000  0.0000  
H 0.430 E 0.162    2.090   1.168  -0.430   2.991   2.315  -0.498   2.466   3.369  -1.465   4.548   1.818  -0.966   5.355   1.485   0.254
Kernel d0: 0.49 sigma: 0.05 SUM:   240.89 maxCount:   7.69 PSEUDO 400+0.5
0.3267  -0.2152 0.1515  0.1151  0.2538  0.3051  0.1495  0.3306  0.1041  0.1749  -0.0839 0.1616  0.1910  0.1254  0.1512  0.2522  0.2069  0.2747  0.1742  0.0162  
-0.1214 0.0405  0.0267  0.0201  -0.3555 0.0994  0.0262  0.1507  0.0161  -0.0392 -0.0054 0.0293  0.0380  0.0206  0.0266  0.0667  -0.4104 0.1468  0.0329  0.0763  
-0.1221 -0.3623 -0.3267 0.0682  0.1510  -0.2956 -0.1876 -0.5420 0.0561  -0.8095 -0.4576 0.0914  0.1169  0.0696  -0.7749 -0.4622 -0.5316 0.0731  0.1039  -0.1112 
-0.1330 -0.1217 0.1134  0.0901  0.1579  -0.2710 0.1117  0.1680  0.0748  0.0850  -0.0244 0.1220  0.1481  0.0917  0.1131  -0.1216 0.1629  0.2422  -0.1473 0.2329  
-0.1250 0.0767  0.1210  0.0965  0.2778  -0.4880 0.1192  0.1218  0.0657  0.1340  0.1393  0.1299  0.1568  0.0983  0.1207  0.2086  -0.0910 0.1859  0.1413  0.2424  
0.0770  0.0814  0.0671  0.0518  0.1228  0.1186  0.0660  -0.0971 0.0422  -0.1329 -0.1298 0.0730  0.0917  0.0529  0.0669  0.1305  -0.0267 0.1666  0.0807  0.1622  
-0.1920 -0.3178 -0.2929 0.0451  -0.0097 -0.3768 0.0577  -0.3170 0.0366  -0.0853 -0.0209 0.0640  0.0809  0.0460  -0.2337 -0.0684 0.0177  0.2028  -0.4050 -0.3046 
-0.0391 0.1827  0.1373  0.1107  0.2267  0.2951  0.1354  0.2850  0.0929  0.1185  0.1568  0.1468  0.1753  0.1126  0.1369  0.2444  0.1065  0.3469  0.1589  0.2617  
-0.2485 0.0755  0.1044  -0.3083 -0.2581 0.2004  0.1028  -0.3784 0.0682  -0.5496 -0.4552 -0.3302 0.1375  0.0840  -0.1014 -0.4051 -0.6041 -0.0796 0.1230  0.2208  
-0.0296 0.2333  0.2170  0.1291  0.3471  0.1861  0.2148  0.3180  0.0678  0.2645  0.2390  0.2280  0.2583  -0.1993 0.2104  0.3120  0.2691  0.3135  0.1728  0.3339  
0.1310  0.0834  0.0571  0.0438  0.1773  0.1768  0.0561  0.2245  0.0356  0.1510  0.0679  0.0623  0.0788  0.0447  0.0570  0.1284  0.1337  0.2524  0.0691  0.1435  
0.0986  -0.2355 0.0739  0.0572  -0.5382 -0.1001 0.0726  -0.7901 0.0468  -0.5433 -0.8321 0.0802  0.1002  -0.4250 -0.4756 -0.3938 -0.2327 -0.4091 -0.3488 -0.0457 
0.1803  0.0714  0.0484  0.0369  0.1579  0.1574  0.0475  0.2193  0.0299  0.2258  0.0578  0.0529  0.0673  0.0377  0.0483  0.1120  0.1169  0.2515  0.0588  0.1259  
0.2276  -0.1167 0.0862  -0.0323 0.0115  0.2300  0.0848  -0.2788 0.0522  -0.0436 -0.1525 0.0933  0.1155  0.0686  -0.3873 0.1706  0.0773  -0.1893 -0.1456 0.1331  
-0.0185 0.0910  0.0452  0.0953  -0.3793 0.0102  0.0525  -0.3530 0.0793  -0.2974 -0.0627 0.1283  0.1551  -0.3636 0.1192  0.2204  -0.5367 -0.1009 -0.2245 0.2114  
-0.1510 -0.2444 0.0919  0.0720  -0.2485 0.2106  0.0905  -0.3327 0.0593  -0.6407 0.0544  0.0994  0.1225  0.0734  0.0917  0.1483  -0.3515 -0.0869 -0.0488 0.2028  
-0.3587 -0.0069 0.0917  0.0718  -0.2816 -0.6130 -0.3483 -0.2802 0.0591  -0.0281 0.1000  -0.3557 0.1222  -0.0692 -0.1716 -0.1743 -0.2259 0.0897  0.0647  -0.1587 
0.2566  0.1742  0.1299  0.1042  0.2533  0.0429  0.1280  0.2824  0.0872  0.0666  0.1489  0.1392  0.1670  0.1061  0.1295  0.2357  0.2421  0.3601  0.1510  0.2532  
0.2035  0.0530  0.0585  0.0449  0.1801  0.1796  0.0574  0.0147  0.0364  -0.0866 0.0350  0.0637  0.0805  0.0458  0.0583  -0.1050 -0.2691 0.2216  0.0706  0.1460  
-0.2694 0.0596  0.0544  0.0883  -0.0456 -0.5792 0.1097  0.2602  0.0733  0.0937  0.1288  0.1199  0.1457  -0.6862 0.1111  0.0407  -0.3884 0.1088  0.1307  -0.0829 
H 0.430 E 0.162    2.145   1.128  -0.207   3.067   2.260  -0.229   3.665   2.453  -1.618   4.306   2.039   0.914   3.888   2.636   2.225
Kernel d0: 0.49 sigma: 0.05 SUM:  1111.39 maxCount:  46.96 PSEUDO 400+0.5
0.7530  -0.1494 0.7973  0.0543  0.2450  0.4801  0.7911  0.4925  0.6311  0.2677  -0.1044 0.8273  0.9075  0.7111  0.7962  0.4506  0.8752  0.3604  0.5681  0.7806  
0.3290  0.3124  0.2197  0.1709  -0.0766 0.6119  0.2161  0.7946  0.1400  -0.5306 -1.0251 0.2382  0.2964  0.1743  0.2191  0.4617  0.1400  0.1610  -0.2377 -0.2308 
0.0690  -0.9452 -0.1489 0.4695  -1.2622 -0.1375 -1.1988 -1.3091 -0.0637 -1.3620 -1.0976 0.0688  0.6804  0.4763  -1.0671 -0.1035 -1.1871 -0.6836 -0.2787 -0.4265 
-0.1569 -0.3714 0.6674  0.5725  -0.2572 0.1803  0.6610  -0.2387 0.5021  -0.2422 0.3660  0.6991  0.7866  0.5797  0.6663  0.1372  0.0944  -0.1579 0.1093  0.5816  
0.3403  -0.3585 0.6953  0.6001  0.3975  -0.0934 0.6889  0.4974  0.2194  0.5360  0.7584  0.5101  0.8132  0.6074  0.6942  0.5432  0.1015  0.4916  0.7649  1.0246  
0.2707  0.0330  0.4639  0.3806  0.5835  0.4215  0.4580  -0.1592 0.3232  0.1523  -0.1211 0.1767  0.5794  -0.4044 0.4629  0.5381  -0.3066 0.2946  0.5302  0.8290  
0.0185  -0.6329 -0.3551 0.3409  -0.3392 0.0381  0.4139  -0.9334 0.2875  -0.9982 0.1565  0.4477  0.5310  0.3466  -0.9569 -0.6770 -0.3964 -0.6263 -0.2105 -0.0596 
0.7859  0.8394  0.7518  0.6570  0.8206  1.1222  0.7454  0.9706  0.5845  0.8092  0.8133  0.7826  0.8660  0.6643  0.7507  1.0286  0.5003  0.8932  0.8196  1.0624  
-0.2150 -0.4798 0.6325  -0.1456 -0.7903 0.5260  0.6260  -1.1471 0.4695  -0.8147 -0.7188 0.2001  0.7526  -0.1786 0.2434  -0.0848 -0.7250 -0.8179 0.7028  0.3067  
0.5023  0.0936  0.9699  0.3643  0.5178  0.7115  0.9648  0.3796  0.1469  0.3548  0.6022  0.9941  1.0560  0.3941  0.5079  0.7197  0.2386  0.6998  0.6108  1.1645  
0.6564  0.5426  0.4107  0.3331  -0.0177 0.3326  0.4052  0.5362  0.2806  0.7195  -0.2622 0.4386  0.5212  0.3387  0.4098  0.7216  0.7399  0.0713  0.4738  0.7720  
-0.1814 -1.2108 0.4976  0.4112  -1.6035 0.1655  0.4915  -1.9440 0.3510  -1.3737 -0.9185 0.5278  0.6152  -1.0504 -0.8133 -0.5626 -0.8525 -1.3188 -1.2470 -0.8926 
0.8797  0.4855  0.3608  0.2894  0.8164  0.8149  0.3556  0.9750  0.2420  0.9894  0.4141  0.3868  0.4649  0.2945  0.3599  0.6618  0.6804  1.0428  0.4198  0.7130  
-0.0589 -0.1036 0.5552  -0.2988 -0.0766 0.5659  -0.1788 -1.0667 0.1381  -0.6340 -0.2814 0.5863  0.6751  0.3206  -0.7175 0.6552  -0.3508 -0.6440 -0.3921 -0.3763 
0.2623  -0.6660 0.0333  0.5948  -0.6669 0.4286  0.3788  -1.0819 0.5236  -0.5561 -0.2471 0.7215  0.8081  -0.5049 0.6888  0.9330  -0.9176 -0.5660 0.1471  0.1798  
0.0154  -0.1260 0.5805  0.4885  -0.6450 0.4530  0.5741  -0.4136 0.4225  -0.5579 0.0973  0.6119  0.7009  0.4954  0.5794  0.3687  0.0005  -0.0073 -0.3339 0.7483  
0.3769  0.0825  0.5794  0.4875  0.1070  -0.3537 -0.1277 0.0510  0.4215  0.4544  0.3604  0.3634  0.6997  -0.3238 -0.2482 0.4081  -0.0084 -0.0059 0.2534  0.0299  
0.8699  0.5528  0.7268  0.6316  0.5864  0.5480  0.7204  1.0800  0.5595  0.4493  0.1476  0.7580  0.8429  0.6389  0.7257  1.0107  1.0238  1.2201  0.7955  1.0197  
0.9382  -0.5923 0.4180  0.3395  0.3001  0.8777  0.4123  0.6184  0.2863  0.0464  0.0255  0.3968  0.5292  0.3451  0.4170  0.4668  0.2102  0.4414  -0.6924 0.7801  
0.2136  0.1052  0.5625  0.5648  -0.3056 0.1841  0.6531  0.4078  0.4947  -0.2042 0.4842  0.5759  0.7790  -0.1041 0.6585  0.1873  -0.4776 0.2114  0.7297  0.1969  
H 0.430 E 0.162    2.145   1.149   0.178   3.006   2.318   0.340   4.183   2.271  -0.627   3.569   2.423   1.941   2.611   3.239   2.756
Kernel d0: 0.49 sigma: 0.05 SUM:   900.41 maxCount:  39.08 PSEUDO 400+0.5
0.6111  -0.1589 0.6690  -0.0333 0.1381  0.2980  0.6633  0.3504  0.5200  0.2325  0.0490  0.6964  0.7703  0.5911  0.6680  0.3316  0.8174  0.2557  0.4275  0.9286  
0.5580  0.2478  0.1723  0.1331  -0.1710 0.5030  0.1694  0.6665  0.1086  -0.5096 -0.9968 0.1872  0.2347  0.1358  0.1718  0.3730  0.3876  0.0740  -0.2722 -0.3056 
0.1934  -0.8246 0.3806  0.3797  -1.4093 0.0534  -1.1090 -1.2670 -0.1219 -1.2216 -0.8700 -0.0124 0.5637  0.3854  -0.5215 0.5238  -1.1484 -0.7428 -0.3660 -0.4091 
-0.1151 -0.2822 0.5522  0.4686  -0.3364 0.5997  0.5464  -0.3144 0.4076  -0.2887 0.4894  0.5804  0.6593  0.4749  0.5512  0.2140  0.0248  -0.2545 0.4000  0.4420  
0.5518  -0.5635 0.5770  0.4927  0.0025  0.4315  0.5712  0.4983  0.1656  0.5456  0.6337  -0.0055 0.6835  0.4991  0.5760  0.4477  0.2343  0.4440  0.6395  0.8803  
0.2712  -0.0373 0.3749  0.3045  0.5475  0.3813  0.3699  -0.1353 0.2568  0.3888  0.0600  0.0962  0.4746  -0.4545 0.3741  0.4958  -0.2617 0.2369  0.4319  0.6980  
0.0139  -0.2653 0.1224  0.2714  -0.4823 0.1058  0.3325  -0.8686 0.2274  -1.0283 0.2263  0.3611  0.4325  0.2761  -0.7261 -0.6180 -0.3399 -0.7287 0.3914  0.2170  
0.9659  0.2666  0.6277  0.5429  0.6677  0.9736  0.6220  0.8888  0.4790  0.9035  0.6836  0.6557  0.7320  0.5494  0.6267  0.8840  0.4978  0.7611  0.6893  0.9163  
-0.1786 -0.5428 0.5212  0.3997  -0.7702 0.4613  0.5155  -1.1396 0.3797  -0.6098 -0.3869 -0.1001 0.6284  -0.2597 0.4895  0.4013  -0.4291 -0.8549 0.5837  0.1344  
0.5165  -0.0616 0.8287  0.3001  0.3749  0.5142  0.8239  0.2682  0.1315  0.2836  0.4675  0.8515  0.9101  0.6529  0.3839  0.5800  0.1544  0.6061  0.5649  0.8622  
0.6343  0.4425  0.3298  0.2649  -0.1272 0.2081  0.3251  0.3839  0.2217  0.7364  -0.3577 0.3534  0.4240  0.2696  0.3290  0.6005  0.6170  -0.0507 0.3833  0.6460  
-0.2316 -1.1391 0.4037  0.3302  -1.7024 0.3247  0.3985  -1.8971 0.2798  -1.3441 -0.7066 0.4297  0.5060  -0.7611 -0.3984 -0.3426 -0.7424 -1.2850 -1.1539 -0.9704 
0.7446  0.3933  0.2880  0.2289  0.6864  0.6851  0.2837  0.8334  0.1903  0.8470  0.3326  0.3097  0.3758  0.2331  0.2872  0.5472  0.5637  0.8976  0.3375  0.5928  
-0.1582 0.0342  0.4535  -0.2608 -0.0710 0.4321  -0.2379 -1.0615 0.0789  -0.6499 -0.2377 0.4806  0.5590  0.2404  -0.7498 0.5350  -0.4007 -0.6167 -0.3380 -0.4562 
0.3892  -0.7379 0.0571  0.4880  -0.6233 0.5236  0.1963  -1.0983 0.4261  -0.4892 -0.1543 0.6004  0.6789  -0.1682 0.5712  0.7968  -0.7408 -0.5643 0.5250  -0.0797 
0.0180  0.2000  0.4755  0.3960  -0.5987 0.3654  0.4700  -0.2306 0.3397  -0.2816 0.0624  0.5031  0.5820  0.4018  0.4746  0.2825  0.1748  0.0281  -0.2987 0.6118  
0.6910  0.1427  0.4746  0.3950  0.1706  -0.1430 0.4168  0.3284  0.3389  0.3752  0.2689  0.5021  0.5810  -0.3170 0.0119  0.7428  0.2725  0.0043  0.2188  0.0083  
0.7902  0.4310  0.6052  0.5205  0.4661  0.5206  0.5994  1.0100  0.4573  0.5419  0.0395  0.6333  0.7107  0.5269  0.6042  0.8671  0.8795  1.0688  0.6673  0.8371  
0.7990  -0.6357 0.3359  0.2702  0.1798  0.7428  0.3312  0.7797  0.2264  -0.0498 -0.0028 -0.3359 0.4310  0.2749  0.3351  0.3590  0.6244  0.3619  -0.7565 0.6533  
0.3869  0.0362  0.5412  0.4619  -0.2919 0.5849  0.5394  0.2845  0.4013  -0.2745 0.3503  -0.0480 0.6524  0.4681  0.5442  0.2006  -0.3589 0.2128  0.6079  0.1226  
H 0.430 E 0.162    1.939   1.260   0.761   2.795   2.438   0.879   2.186   3.466   1.825   3.056   3.135  -0.650   4.280   2.531  -1.272
Kernel d0: 0.49 sigma: 0.05 SUM:    13.62 maxCount:   2.87 PSEUDO 400+0.5
0.0000  0.0000  0.0000  0.0000  0.0000  0.0000  0.0000  0.0000  0.0000  0.0000  0.0000  0.0000  0.0000  0.0000  0.0000  0.0000  0.0000  0.0000  0.0000  0.0000  
0.0000  0.0000  0.0000  0.0000  0.0000  0.0000  0.0000  0.0000  0.0000  0.0000  0.0000  0.0000  0.0000  0.0000  0.0000  0.0000  0.0000  0.0000  0.0000  0.0000  
0.0000  0.0000  0.0000  0.0000  0.0000  0.0000  0.0000  0.0000  0.0000  0.0000  0.0000  0.0000  0.0000  0.0000  0.0000  0.0000  0.0000  0.0000  0.0000  0.0000  
0.0000  0.0000  0.0000  0.0000  0.0000  0.0000  0.0000  0.0000  0.0000  0.0000  0.0000  0.0000  0.0000  0.0000  0.0000  0.0000  0.0000  0.0000  0.0000  0.0000  
0.0000  0.0000  0.0000  0.0000  0.0000  0.0000  0.0000  0.0000  0.0000  0.0000  0.0000  0.0000  0.0000  0.0000  0.0000  0.0000  0.0000  0.0000  0.0000  0.0000  
0.0000  0.0000  0.0000  0.0000  0.0000  0.0000  0.0000  0.0000  0.0000  0.0000  0.0000  0.0000  0.0000  0.0000  0.0000  0.0000  0.0000  0.0000  0.0000  0.0000  
0.0000  0.0000  0.0000  0.0000  0.0000  0.0000  0.0000  0.0000  0.0000  0.0000  0.0000  0.0000  0.0000  0.0000  0.0000  0.0000  0.0000  0.0000  0.0000  0.0000  
0.0000  0.0000  0.0000  0.0000  0.0000  0.0000  0.0000  0.0000  0.0000  0.0000  0.0000  0.0000  0.0000  0.0000  0.0000  0.0000  0.0000  0.0000  0.0000  0.0000  
0.0000  0.0000  0.0000  0.0000  0.0000  0.0000  0.0000  0.0000  0.0000  0.0000  0.0000  0.0000  0.0000  0.0000  0.0000  0.0000  0.0000  0.0000  0.0000  0.0000  
0.0000  0.0000  0.0000  0.0000  0.0000  0.0000  0.0000  0.0000  0.0000  0.0000  0.0000  0.0000  0.0000  0.0000  0.0000  0.0000  0.0000  0.0000  0.0000  0.0000  
0.0000  0.0000  0.0000  0.0000  0.0000  0.0000  0.0000  0.0000  0.0000  0.0000  0.0000  0.0000  0.0000  0.0000  0.0000  0.0000  0.0000  0.0000  0.0000  0.0000  
0.0000  0.0000  0.0000  0.0000  0.0000  0.0000  0.0000  0.0000  0.0000  0.0000  0.0000  0.0000  0.0000  0.0000  0.0000  0.0000  0.0000  0.0000  0.0000  0.0000  
0.0000  0.0000  0.0000  0.0000  0.0000  0.0000  0.0000  0.0000  0.0000  0.0000  0.0000  0.0000  0.0000  0.0000  0.0000  0.0000  0.0000  0.0000  0.0000  0.0000  
0.0000  0.0000  0.0000  0.0000  0.0000  0.0000  0.0000  0.0000  0.0000  0.0000  0.0000  0.0000  0.0000  0.0000  0.0000  0.0000  0.0000  0.0000  0.0000  0.0000  
0.0000  0.0000  0.0000  0.0000  0.0000  0.0000  0.0000  0.0000  0.0000  0.0000  0.0000  0.0000  0.0000  0.0000  0.0000  0.0000  0.0000  0.0000  0.0000  0.0000  
0.0000  0.0000  0.0000  0.0000  0.0000  0.0000  0.0000  0.0000  0.0000  0.0000  0.0000  0.0000  0.0000  0.0000  0.0000  0.0000  0.0000  0.0000  0.0000  0.0000  
0.0000  0.0000  0.0000  0.0000  0.0000  0.0000  0.0000  0.0000  0.0000  0.0000  0.0000  0.0000  0.0000  0.0000  0.0000  0.0000  0.0000  0.0000  0.0000  0.0000  
0.0000  0.0000  0.0000  0.0000  0.0000  0.0000  0.0000  0.0000  0.0000  0.0000  0.0000  0.0000  0.0000  0.0000  0.0000  0.0000  0.0000  0.0000  0.0000  0.0000  
0.0000  0.0000  0.0000  0.0000  0.0000  0.0000  0.0000  0.0000  0.0000  0.0000  0.0000  0.0000  0.0000  0.0000  0.0000  0.0000  0.0000  0.0000  0.0000  0.0000  
0.0000  0.0000  0.0000  0.0000  0.0000  0.0000  0.0000  0.0000  0.0000  0.0000  0.0000  0.0000  0.0000  0.0000  0.0000  0.0000  0.0000  0.0000  0.0000  0.0000  
H 0.430 E 0.162    2.152   1.146   0.156   3.023   2.318   0.156   3.060   2.974  -1.220   4.595   1.890   0.640   4.713   2.025   2.129
Kernel d0: 0.49 sigma: 0.05 SUM:   918.68 maxCount:  43.32 PSEUDO 400+0.5
0.6948  -0.3412 0.6809  -0.0002 0.3118  0.5022  0.6752  0.5765  0.5303  0.3150  -0.2049 0.7086  0.7831  0.6023  0.6799  0.3989  0.7459  0.3537  0.7262  0.6089  
0.2033  0.2537  0.1766  0.1365  -0.1007 0.5131  0.1736  0.6784  0.1114  -0.5719 -0.9719 0.1918  0.2403  0.1393  0.1760  0.3811  -0.3370 0.1272  -0.0899 0.1525  
-0.0773 -0.9472 -0.2342 0.3879  -0.8797 -0.1369 -1.0519 -1.2064 -0.0573 -1.3956 -1.0006 0.0239  0.5746  0.3938  -1.1488 -0.2518 -0.9955 -0.5908 0.1043  -0.1036 
-0.1190 -0.3010 0.5628  0.4782  -0.2508 0.0382  0.5570  -0.1846 0.4163  -0.1360 0.2646  0.5914  0.6711  0.4845  0.5618  0.0219  0.0555  -0.1263 0.0129  0.8070  
0.1469  -0.1838 0.5880  0.5026  0.6674  -0.2319 0.5821  0.4765  0.1434  0.5301  0.6453  0.6165  0.6956  0.5091  0.5870  0.4307  0.2043  0.6023  0.6512  0.8938  
0.4077  -0.0064 0.3831  0.3115  0.4697  0.3089  0.3780  -0.1485 0.2628  0.0273  -0.1904 0.2261  0.4842  -0.0574 0.3822  0.4299  -0.3372 0.3505  0.4409  0.7102  
-0.1402 -0.6978 -0.4115 0.2777  0.0828  -0.3329 0.3400  -0.9206 0.2328  -0.9090 0.0866  0.3690  0.4415  0.2825  -0.9640 -0.7399 -0.3525 -0.4191 -0.3329 -0.2189 
0.5608  0.7630  0.6392  0.5535  0.6922  0.9874  0.6334  0.8370  0.4888  0.6748  0.6957  0.6675  0.7445  0.5600  0.6382  0.8975  0.3992  0.8504  0.7015  0.9299  
-0.3614 -0.3791 0.5315  -0.2627 -0.5195 0.4089  0.5257  -1.1074 0.3879  -0.8813 -0.7933 -0.0898 0.6400  0.3244  0.1408  -0.2262 -0.8438 -0.7442 0.5948  0.6021  
0.3203  0.0857  0.8419  0.2567  0.6572  0.6103  0.8371  0.4196  0.0500  0.3707  0.5773  0.8648  0.9237  0.1688  0.4312  0.7722  0.2026  0.7101  0.4900  1.0467  
0.5398  0.4518  0.3372  0.2711  -0.0479 0.5702  0.3324  0.7276  0.2270  0.5927  0.3266  0.3612  0.4330  0.2758  0.3364  0.6118  0.6285  0.1007  0.3916  0.6577  
-0.2772 -0.9748 0.4123  0.3376  -1.3127 0.1624  0.4070  -1.9829 0.2863  -1.3163 -1.2301 0.4388  0.5161  -0.8513 -0.8836 -0.6965 -0.8571 -1.3228 -0.9311 -0.6757 
0.7572  0.4018  0.2946  0.2344  0.6985  0.6972  0.2902  0.8467  0.1949  0.8603  0.3401  0.3167  0.3839  0.2387  0.2938  0.5578  0.5745  0.9112  0.3450  0.6040  
-0.0158 -0.1227 0.4628  -0.3527 -0.0058 0.5484  -0.1786 -1.0291 0.1060  -0.5389 -0.2116 0.4904  0.5698  0.2559  -0.9124 0.5449  -0.3524 -0.5004 0.0418  -0.3693 
0.1436  -0.6376 -0.0522 0.4979  -0.7062 0.4713  0.3152  -1.0315 0.4351  -0.4891 -0.2811 0.6117  0.6909  -0.5731 0.5821  0.8060  -1.0163 -0.5195 0.0452  0.4571  
-0.0855 -0.2169 0.4852  0.4045  -0.3086 0.4707  0.4796  -0.3830 0.3473  -0.6444 0.2326  0.5132  0.5930  0.4104  0.4843  0.2616  -0.2424 0.0324  -0.1888 0.7781  
0.0472  -0.0074 0.4842  0.4035  0.0726  -0.4625 -0.2175 -0.0157 0.3464  0.2880  0.2745  -0.1617 0.5920  -0.4032 -0.3274 0.2553  -0.1152 0.0262  0.1642  -0.0188 
0.7404  0.4847  0.6165  0.5307  0.6593  0.4634  0.6107  0.9439  0.4667  0.3349  0.1482  0.6449  0.7230  0.5373  0.6155  0.8805  0.8930  1.0829  0.6793  0.9143  
0.8120  -0.5084 0.3434  0.2765  0.4704  0.7554  0.3386  0.4943  0.2318  -0.1653 -0.0383 0.3676  0.4400  0.2813  0.3426  0.2186  0.0281  0.3253  -0.1859 0.6651  
0.1059  0.0839  0.4578  0.4714  0.1980  -0.2320 0.5500  0.4047  0.4099  -0.1193 0.6065  0.5843  0.6642  -0.6173 0.5548  0.2357  -0.4675 0.3168  0.6192  0.1522  
H 0.430 E 0.162    2.127   1.157  -0.186   3.027   2.294  -0.350   3.734   2.245  -1.699   4.170   2.332   0.907   3.635   3.149   2.046
Kernel d0: 0.49 sigma: 0.05 SUM:  1098.32 maxCount:  46.86 PSEUDO 400+0.5
0.7446  -0.1230 0.7898  0.0481  0.2255  0.4650  0.7836  0.4703  0.6246  0.2507  -0.1070 0.8196  0.8995  0.7041  0.7887  0.4429  0.8690  0.3429  0.5531  0.8616  
0.4176  0.3085  0.2168  0.1686  -0.0803 0.6054  0.2133  0.7871  0.1381  -0.5357 -1.0252 0.2351  0.2927  0.1719  0.2162  0.4564  0.3459  0.1541  -0.2405 -0.2380 
0.1145  -0.8968 -0.1150 0.4642  -1.2953 -0.1265 -1.1964 -1.3127 -0.0675 -1.3549 -1.0778 0.0634  0.6736  0.4708  -0.9818 -0.0299 -1.1723 -0.7020 -0.2854 -0.4433 
-0.1235 -0.3750 0.6607  0.5664  -0.2647 0.2316  0.6542  -0.2478 0.4965  -0.2459 0.3649  0.6921  0.7792  0.5735  0.6596  0.2340  0.0879  -0.1657 0.1070  0.5705  
0.3462  -0.3875 0.6884  0.5938  0.2766  -0.0317 0.6819  0.5284  0.2150  0.5219  0.7511  0.2459  0.8057  0.6010  0.6873  0.5353  0.1026  0.4979  0.7575  1.0162  
0.2349  0.0278  0.4586  0.3761  0.5768  0.4152  0.4528  -0.1315 0.3192  0.1613  -0.1177 0.1713  0.5732  -0.4086 0.4576  0.5359  -0.3100 0.2961  0.5244  0.8214  
0.0771  -0.6283 -0.3387 0.3367  -0.4261 0.1163  0.4091  -0.9346 0.2839  -1.0049 0.1533  0.4425  0.5251  0.3423  -0.9586 -0.6792 -0.4006 -0.6377 -0.0655 0.0410  
0.8669  0.6937  0.7445  0.6503  0.8063  1.1136  0.7382  0.9625  0.5782  0.8070  0.8057  0.7752  0.8582  0.6575  0.7434  1.0202  0.5000  0.8841  0.8120  1.0540  
-0.2059 -0.4862 0.6259  -0.0273 -0.7953 0.5207  0.6195  -1.1542 0.4641  -0.8022 -0.6415 0.0961  0.7453  -0.1872 0.2644  -0.0047 -0.6836 -0.8217 0.6958  0.2684  
0.5176  0.0569  0.9617  0.3576  0.5061  0.6998  0.9566  0.3683  0.1424  0.3481  0.5946  0.9859  1.0475  0.5598  0.5005  0.7063  0.2309  0.6816  0.6035  1.1217  
0.6525  0.5366  0.4059  0.3290  -0.0243 0.3227  0.4004  0.5052  0.2770  0.7164  -0.2794 0.4335  0.5154  0.3345  0.4049  0.7145  0.7327  0.0632  0.4684  0.7646  
-0.1881 -1.2152 0.4920  0.4064  -1.6338 0.1903  0.4860  -1.9495 0.3467  -1.3728 -0.8621 0.5220  0.6088  -1.0438 -0.7615 -0.4951 -0.8563 -1.3199 -1.2481 -0.9201 
0.8718  0.4800  0.3564  0.2857  0.8088  0.8073  0.3513  0.9668  0.2388  0.9812  0.4092  0.3821  0.4596  0.2908  0.3555  0.6551  0.6735  1.0344  0.4149  0.7060  
-0.0666 -0.1059 0.5491  -0.3021 -0.1032 0.5579  -0.1838 -1.0729 0.1339  -0.6406 -0.2212 0.5801  0.6683  0.3160  -0.7024 0.6478  -0.3565 -0.6572 -0.3522 -0.3820 
0.2649  -0.6721 0.0331  0.5885  -0.6836 0.4372  0.3177  -1.0958 0.5178  -0.5708 -0.2519 0.7144  0.8006  -0.4894 0.6819  0.9249  -0.8941 -0.5810 0.1596  0.0962  
0.0692  -0.1230 0.5743  0.4830  -0.6472 0.4423  0.5680  -0.3922 0.4175  -0.5228 0.0903  0.6055  0.6939  0.4898  0.5732  0.3620  0.0440  0.0138  -0.3254 0.7388  
0.4868  0.0783  0.5732  0.4820  0.1660  -0.2358 -0.0666 0.1013  0.4165  0.4813  0.3547  0.5006  0.6928  -0.2847 -0.2266 0.5334  -0.0055 -0.0126 0.2481  0.0892  
0.8625  0.5456  0.7196  0.6251  0.5560  0.5441  0.7133  1.0733  0.5535  0.4510  0.1411  0.7507  0.8352  0.6323  0.7186  1.0023  1.0155  1.2114  0.7880  0.9866  
0.9302  -0.5961 0.4131  0.3353  0.2925  0.8699  0.4075  0.6154  0.2826  0.0401  0.0218  0.2308  0.5234  0.3409  0.4121  0.4652  0.3581  0.4344  -0.7025 0.7726  
0.2217  0.0978  0.5701  0.5587  -0.3241 0.2953  0.6464  0.3863  0.4892  -0.2370 0.4654  0.3292  0.7716  0.0871  0.6518  0.1710  -0.4514 0.2085  0.7226  0.1493  
H 0.430 E 0.162    2.021   1.192  -0.706   2.723   2.444  -0.972   1.787   3.479  -1.584   4.048   2.174  -2.002   5.267   1.874  -1.182
Kernel d0: 0.49 sigma: 0.05 SUM:    45.83 maxCount:   2.33 PSEUDO 400+0.5
0.0254  -0.0813 0.0068  0.0051  0.0222  0.0216  0.0066  0.0310  0.0042  0.0306  0.0081  0.0074  0.0094  0.0053  0.0067  0.0157  0.0164  0.0356  0.0082  -0.0032 
-0.0054 0.0014  0.0009  0.0007  -0.1029 0.0039  0.0009  0.0067  0.0005  0.0071  0.0011  0.0010  0.0013  0.0007  0.0009  0.0025  -0.0847 0.0087  0.0011  0.0029  
-0.0180 -0.0147 -0.0015 0.0025  0.0129  -0.0037 0.0033  -0.0062 0.0020  -0.0374 -0.0046 0.0037  0.0048  0.0026  -0.0336 -0.0106 -0.0621 0.0239  0.0041  0.0061  
-0.0079 0.0070  0.0046  0.0035  0.0167  -0.0027 0.0045  0.0246  0.0028  0.0230  0.0056  0.0051  0.0065  0.0036  0.0046  -0.0151 0.0119  0.0291  0.0040  0.0129  
-0.0203 0.0075  0.0050  0.0038  0.0178  -0.0110 0.0049  -0.0032 0.0031  0.0239  0.0060  0.0055  0.0071  0.0039  0.0050  0.0122  0.0079  0.0101  0.0061  0.0138  
0.0118  0.0038  0.0025  0.0019  0.0099  0.0099  0.0024  -0.0185 0.0015  0.0142  0.0010  0.0027  0.0036  0.0019  0.0025  0.0064  0.0068  0.0172  0.0031  0.0074  
-0.0711 0.0008  0.0021  0.0016  0.0087  -0.1257 0.0021  0.0067  0.0013  0.0146  0.0026  0.0024  0.0031  0.0016  0.0021  0.0056  0.0059  0.0174  -0.0371 -0.0470 
-0.0253 0.0088  0.0059  0.0045  0.0201  0.0201  0.0058  0.0286  0.0036  0.0264  0.0071  0.0065  0.0083  0.0046  0.0059  0.0140  0.0130  0.0333  0.0072  0.0159  
-0.0755 0.0063  0.0042  0.0000  0.0012  0.0153  0.0041  0.0148  0.0025  0.0003  -0.0050 -0.0893 0.0059  0.0032  0.0021  -0.0090 -0.0581 0.0190  0.0051  0.0118  
-0.0746 0.0163  0.0115  0.0089  0.0316  0.0226  0.0113  0.0404  0.0073  0.0397  0.0135  0.0124  0.0155  -0.0409 0.0114  0.0240  0.0249  0.0444  0.0137  0.0264  
0.0097  0.0032  0.0021  0.0015  0.0084  0.0084  0.0020  0.0136  0.0012  0.0142  0.0025  0.0023  0.0030  0.0016  0.0021  0.0054  0.0057  0.0170  0.0026  0.0063  
0.0130  0.0042  0.0028  0.0021  -0.1176 0.0058  0.0027  0.0106  0.0017  -0.0235 -0.1944 0.0030  0.0040  -0.0022 -0.0148 -0.0453 0.0070  0.0129  -0.0072 0.0058  
0.0086  0.0027  0.0017  0.0013  0.0071  0.0071  0.0017  0.0117  0.0010  0.0123  0.0021  0.0019  0.0025  0.0013  0.0017  0.0046  0.0048  0.0148  0.0021  0.0053  
0.0150  0.0050  0.0033  0.0025  0.0127  0.0126  0.0033  0.0180  0.0020  0.0195  -0.0341 0.0036  0.0047  0.0025  -0.1029 0.0084  0.0088  0.0201  -0.0122 0.0096  
0.0172  0.0074  0.0049  0.0037  -0.0378 0.0108  0.0048  -0.0048 0.0030  0.0207  0.0059  0.0054  0.0070  -0.0033 0.0049  0.0120  -0.0352 0.0236  0.0026  0.0136  
-0.0667 0.0054  0.0036  0.0027  0.0038  0.0135  0.0035  -0.0033 0.0022  -0.0162 0.0043  0.0039  0.0051  0.0028  0.0036  0.0090  -0.0813 -0.0296 0.0011  0.0103  
-0.1097 0.0054  0.0036  0.0027  -0.0111 -0.1289 -0.0043 -0.0001 0.0022  -0.0502 0.0043  -0.0916 0.0051  -0.0154 0.0024  -0.0022 0.0058  0.0248  0.0044  -0.0634 
0.0220  0.0082  0.0055  0.0042  0.0191  -0.0226 0.0054  0.0274  0.0034  0.0262  0.0066  0.0060  0.0077  0.0043  0.0055  0.0132  0.0138  0.0320  0.0067  0.0149  
0.0104  0.0033  0.0021  0.0016  0.0086  0.0086  0.0021  0.0119  0.0013  -0.0746 0.0026  0.0023  0.0031  0.0016  0.0021  -0.0483 -0.0102 0.0173  0.0026  0.0064  
-0.0655 0.0068  0.0034  0.0034  0.0164  -0.1757 0.0044  0.0231  0.0027  0.0251  0.0054  0.0050  0.0064  -0.1397 0.0045  0.0111  -0.0748 0.0227  0.0055  -0.0075 
H 0.430 E 0.162    1.978   1.264   0.692   2.962   2.342   0.659   2.302   3.696   0.895   3.787   2.347  -0.827   5.006   1.480  -0.725
Kernel d0: 0.49 sigma: 0.05 SUM:     7.38 maxCount:   1.05 PSEUDO 400+0.5
0.0000  0.0000  0.0000  0.0000  0.0000  0.0000  0.0000  0.0000  0.0000  0.0000  0.0000  0.0000  0.0000  0.0000  0.0000  0.0000  0.0000  0.0000  0.0000  0.0000  
0.0000  0.0000  0.0000  0.0000  0.0000  0.0000  0.0000  0.0000  0.0000  0.0000  0.0000  0.0000  0.0000  0.0000  0.0000  0.0000  0.0000  0.0000  0.0000  0.0000  
0.0000  0.0000  0.0000  0.0000  0.0000  0.0000  0.0000  0.0000  0.0000  0.0000  0.0000  0.0000  0.0000  0.0000  0.0000  0.0000  0.0000  0.0000  0.0000  0.0000  
0.0000  0.0000  0.0000  0.0000  0.0000  0.0000  0.0000  0.0000  0.0000  0.0000  0.0000  0.0000  0.0000  0.0000  0.0000  0.0000  0.0000  0.0000  0.0000  0.0000  
0.0000  0.0000  0.0000  0.0000  0.0000  0.0000  0.0000  0.0000  0.0000  0.0000  0.0000  0.0000  0.0000  0.0000  0.0000  0.0000  0.0000  0.0000  0.0000  0.0000  
0.0000  0.0000  0.0000  0.0000  0.0000  0.0000  0.0000  0.0000  0.0000  0.0000  0.0000  0.0000  0.0000  0.0000  0.0000  0.0000  0.0000  0.0000  0.0000  0.0000  
0.0000  0.0000  0.0000  0.0000  0.0000  0.0000  0.0000  0.0000  0.0000  0.0000  0.0000  0.0000  0.0000  0.0000  0.0000  0.0000  0.0000  0.0000  0.0000  0.0000  
0.0000  0.0000  0.0000  0.0000  0.0000  0.0000  0.0000  0.0000  0.0000  0.0000  0.0000  0.0000  0.0000  0.0000  0.0000  0.0000  0.0000  0.0000  0.0000  0.0000  
0.0000  0.0000  0.0000  0.0000  0.0000  0.0000  0.0000  0.0000  0.0000  0.0000  0.0000  0.0000  0.0000  0.0000  0.0000  0.0000  0.0000  0.0000  0.0000  0.0000  
0.0000  0.0000  0.0000  0.0000  0.0000  0.0000  0.0000  0.0000  0.0000  0.0000  0.0000  0.0000  0.0000  0.0000  0.0000  0.0000  0.0000  0.0000  0.0000  0.0000  
0.0000  0.0000  0.0000  0.0000  0.0000  0.0000  0.0000  0.0000  0.0000  0.0000  0.0000  0.0000  0.0000  0.0000  0.0000  0.0000  0.0000  0.0000  0.0000  0.0000  
0.0000  0.0000  0.0000  0.0000  0.0000  0.0000  0.0000  0.0000  0.0000  0.0000  0.0000  0.0000  0.0000  0.0000  0.0000  0.0000  0.0000  0.0000  0.0000  0.0000  
0.0000  0.0000  0.0000  0.0000  0.0000  0.0000  0.0000  0.0000  0.0000  0.0000  0.0000  0.0000  0.0000  0.0000  0.0000  0.0000  0.0000  0.0000  0.0000  0.0000  
0.0000  0.0000  0.0000  0.0000  0.0000  0.0000  0.0000  0.0000  0.0000  0.0000  0.0000  0.0000  0.0000  0.0000  0.0000  0.0000  0.0000  0.0000  0.0000  0.0000  
0.0000  0.0000  0.0000  0.0000  0.0000  0.0000  0.0000  0.0000  0.0000  0.0000  0.0000  0.0000  0.0000  0.0000  0.0000  0.0000  0.0000  0.0000  0.0000  0.0000  
0.0000  0.0000  0.0000  0.0000  0.0000  0.0000  0.0000  0.0000  0.0000  0.0000  0.0000  0.0000  0.0000  0.0000  0.0000  0.0000  0.0000  0.0000  0.0000  0.0000  
0.0000  0.0000  0.0000  0.0000  0.0000  0.0000  0.0000  0.0000  0.0000  0.0000  0.0000  0.0000  0.0000  0.0000  0.0000  0.0000  0.0000  0.0000  0.0000  0.0000  
0.0000  0.0000  0.0000  0.0000  0.0000  0.0000  0.0000  0.0000  0.0000  0.0000  0.0000  0.0000  0.0000  0.0000  0.0000  0.0000  0.0000  0.0000  0.0000  0.0000  
0.0000  0.0000  0.0000  0.0000  0.0000  0.0000  0.0000  0.0000  0.0000  0.0000  0.0000  0.0000  0.0000  0.0000  0.0000  0.0000  0.0000  0.0000  0.0000  0.0000  
0.0000  0.0000  0.0000  0.0000  0.0000  0.0000  0.0000  0.0000  0.0000  0.0000  0.0000  0.0000  0.0000  0.0000  0.0000  0.0000  0.0000  0.0000  0.0000  0.0000  
H 0.430 E 0.162    2.136   1.150  -0.190   3.031   2.286  -0.390   3.388   2.451  -1.862   4.445   2.096   0.535   4.247   2.719   1.885
Kernel d0: 0.49 sigma: 0.05 SUM:  1089.89 maxCount:  46.82 PSEUDO 400+0.5
0.7428  -0.2643 0.7850  0.0448  0.2842  0.4749  0.7788  0.5277  0.6204  0.2943  -0.1165 0.8148  0.8944  0.6996  0.7840  0.4411  0.8616  0.3607  0.6574  0.7308  
0.2942  0.3060  0.2150  0.1671  -0.0089 0.6014  0.2115  0.7823  0.1369  -0.5395 -1.0252 0.2332  0.2904  0.1705  0.2144  0.4531  -0.1844 0.1511  -0.2318 -0.2054 
0.0260  -0.9633 -0.1683 0.4608  -1.1739 -0.1477 -1.2000 -1.2933 -0.0683 -1.3685 -1.1010 0.0606  0.6692  0.4674  -1.0993 -0.1529 -1.1616 -0.6598 -0.2618 -0.3188 
-0.1843 -0.3726 0.6564  0.5625  -0.2657 0.1498  0.6500  -0.2356 0.4930  -0.2352 0.3540  0.6877  0.7744  0.5696  0.6553  0.0687  0.0845  -0.1633 0.0971  0.6128  
0.3017  -0.2925 0.6840  0.5898  0.4902  -0.1241 0.6776  0.4726  0.2110  0.5844  0.7465  0.6589  0.8009  0.5969  0.6829  0.5302  0.1143  0.5372  0.7529  1.0109  
0.4056  0.0258  0.4553  0.3732  0.5712  0.4093  0.4495  -0.1688 0.3167  0.1359  -0.1312 0.1734  0.5692  -0.3922 0.4543  0.5269  -0.3154 0.2871  0.5207  0.8165  
-0.0813 -0.6439 -0.3657 0.3341  -0.1667 -0.1544 0.4060  -0.9412 0.2816  -0.9954 0.1485  0.4393  0.5214  0.3397  -0.9621 -0.6863 -0.3911 -0.5798 -0.2713 -0.1403 
0.7072  0.8599  0.7399  0.6460  0.8088  1.1081  0.7336  0.9564  0.5743  0.7938  0.8009  0.7705  0.8533  0.6532  0.7388  1.0148  0.4866  0.8850  0.8071  1.0486  
-0.2501 -0.4838 0.6217  -0.1880 -0.7310 0.5138  0.6154  -1.1357 0.4608  -0.8269 -0.7446 0.0565  0.7407  -0.1425 0.2213  -0.1270 -0.7656 -0.8156 0.6914  0.3922  
0.4585  0.1100  0.9565  0.3525  0.5525  0.7042  0.9514  0.4064  0.1354  0.3546  0.5961  0.9806  1.0421  0.2911  0.4967  0.7296  0.2297  0.7223  0.5977  1.1660  
0.6448  0.5329  0.4028  0.3264  -0.0259 0.3446  0.3974  0.6807  0.2748  0.7050  -0.0494 0.4303  0.5118  0.3319  0.4019  0.7100  0.7282  0.0667  0.4650  0.7599  
-0.1932 -1.1868 0.4885  0.4033  -1.5178 0.1493  0.4825  -1.9535 0.3440  -1.3761 -1.0953 0.5183  0.6047  -1.0499 -0.8376 -0.6099 -0.8590 -1.3262 -1.1807 -0.8724 
0.8668  0.4765  0.3537  0.2835  0.8040  0.8025  0.3486  0.9615  0.2369  0.9759  0.4061  0.3792  0.4563  0.2885  0.3528  0.6508  0.6692  1.0290  0.4118  0.7015  
-0.0602 -0.1117 0.5453  -0.3054 0.0024  0.5612  -0.1861 -1.0692 0.1316  -0.6172 -0.3236 0.5761  0.6640  0.3136  -0.8060 0.6431  -0.3578 -0.6117 -0.3247 -0.3802 
0.2460  -0.6695 0.0248  0.5845  -0.6558 0.4215  0.3964  -1.0725 0.5142  -0.5416 -0.2553 0.7099  0.7958  -0.5170 0.6776  0.9197  -0.9464 -0.5499 0.1331  0.3154  
-0.0650 -0.1371 0.5704  0.4796  -0.5738 0.4804  0.5641  -0.3930 0.4144  -0.5842 0.1087  0.6015  0.6895  0.4863  0.5693  0.3570  -0.1244 -0.0020 -0.3253 0.7531  
0.2489  0.0724  0.5693  0.4785  0.0811  -0.4227 -0.1485 0.0307  0.4134  0.3710  0.3509  0.0057  0.6883  -0.3716 -0.2615 0.3662  -0.0216 -0.0017 0.2435  -0.0197 
0.8562  0.5422  0.7151  0.6209  0.6691  0.5216  0.7088  1.0651  0.5497  0.4327  0.1414  0.7460  0.8303  0.6282  0.7140  0.9970  1.0101  1.2057  0.7832  1.0247  
0.9250  -0.5952 0.4100  0.3327  0.3005  0.8649  0.4044  0.6040  0.2804  0.0228  0.0182  0.4376  0.5197  0.3383  0.4090  0.4318  0.1286  0.4284  -0.6732 0.7679  
0.1993  0.0995  0.5482  0.5549  -0.1911 0.0141  0.6422  0.4377  0.4857  -0.1687 0.5829  0.6547  0.7669  -0.3423 0.6475  0.2353  -0.5219 0.2377  0.7181  0.2289  
H 0.430 E 0.162    2.118   1.165   0.199   2.992   2.335   0.198   3.263   2.818   1.618   2.307   3.588  -0.724   2.764   3.468  -2.148
Kernel d0: 0.49 sigma: 0.05 SUM:    16.32 maxCount:   4.46 PSEUDO 400+0.5
0.0000  0.0000  0.0000  0.0000  0.0000  0.0000  0.0000  0.0000  0.0000  0.0000  0.0000  0.0000  0.0000  0.0000  0.0000  0.0000  0.0000  0.0000  0.0000  0.0000  
0.0000  0.0000  0.0000  0.0000  0.0000  0.0000  0.0000  0.0000  0.0000  0.0000  0.0000  0.0000  0.0000  0.0000  0.0000  0.0000  0.0000  0.0000  0.0000  0.0000  
0.0000  0.0000  0.0000  0.0000  0.0000  0.0000  0.0000  0.0000  0.0000  0.0000  0.0000  0.0000  0.0000  0.0000  0.0000  0.0000  0.0000  0.0000  0.0000  0.0000  
0.0000  0.0000  0.0000  0.0000  0.0000  0.0000  0.0000  0.0000  0.0000  0.0000  0.0000  0.0000  0.0000  0.0000  0.0000  0.0000  0.0000  0.0000  0.0000  0.0000  
0.0000  0.0000  0.0000  0.0000  0.0000  0.0000  0.0000  0.0000  0.0000  0.0000  0.0000  0.0000  0.0000  0.0000  0.0000  0.0000  0.0000  0.0000  0.0000  0.0000  
0.0000  0.0000  0.0000  0.0000  0.0000  0.0000  0.0000  0.0000  0.0000  0.0000  0.0000  0.0000  0.0000  0.0000  0.0000  0.0000  0.0000  0.0000  0.0000  0.0000  
0.0000  0.0000  0.0000  0.0000  0.0000  0.0000  0.0000  0.0000  0.0000  0.0000  0.0000  0.0000  0.0000  0.0000  0.0000  0.0000  0.0000  0.0000  0.0000  0.0000  
0.0000  0.0000  0.0000  0.0000  0.0000  0.0000  0.0000  0.0000  0.0000  0.0000  0.0000  0.0000  0.0000  0.0000  0.0000  0.0000  0.0000  0.0000  0.0000  0.0000  
0.0000  0.0000  0.0000  0.0000  0.0000  0.0000  0.0000  0.0000  0.0000  0.0000  0.0000  0.0000  0.0000  0.0000  0.0000  0.0000  0.0000  0.0000  0.0000  0.0000  
0.0000  0.0000  0.0000  0.0000  0.0000  0.0000  0.0000  0.0000  0.0000  0.0000  0.0000  0.0000  0.0000  0.0000  0.0000  0.0000  0.0000  0.0000  0.0000  0.0000  
0.0000  0.0000  0.0000  0.0000  0.0000  0.0000  0.0000  0.0000  0.0000  0.0000  0.0000  0.0000  0.0000  0.0000  0.0000  0.0000  0.0000  0.0000  0.0000  0.0000  
0.0000  0.0000  0.0000  0.0000  0.0000  0.0000  0.0000  0.0000  0.0000  0.0000  0.0000  0.0000  0.0000  0.0000  0.0000  0.0000  0.0000  0.0000  0.0000  0.0000  
0.0000  0.0000  0.0000  0.0000  0.0000  0.0000  0.0000  0.0000  0.0000  0.0000  0.0000  0.0000  0.0000  0.0000  0.0000  0.0000  0.0000  0.0000  0.0000  0.0000  
0.0000  0.0000  0.0000  0.0000  0.0000  0.0000  0.0000  0.0000  0.0000  0.0000  0.0000  0.0000  0.0000  0.0000  0.0000  0.0000  0.0000  0.0000  0.0000  0.0000  
0.0000  0.0000  0.0000  0.0000  0.0000  0.0000  0.0000  0.0000  0.0000  0.0000  0.0000  0.0000  0.0000  0.0000  0.0000  0.0000  0.0000  0.0000  0.0000  0.0000  
0.0000  0.0000  0.0000  0.0000  0.0000  0.0000  0.0000  0.0000  0.0000  0.0000  0.0000  0.0000  0.0000  0.0000  0.0000  0.0000  0.0000  0.0000  0.0000  0.0000  
0.0000  0.0000  0.0000  0.0000  0.0000  0.0000  0.0000  0.0000  0.0000  0.0000  0.0000  0.0000  0.0000  0.0000  0.0000  0.0000  0.0000  0.0000  0.0000  0.0000  
0.0000  0.0000  0.0000  0.0000  0.0000  0.0000  0.0000  0.0000  0.0000  0.0000  0.0000  0.0000  0.0000  0.0000  0.0000  0.0000  0.0000  0.0000  0.0000  0.0000  
0.0000  0.0000  0.0000  0.0000  0.0000  0.0000  0.0000  0.0000  0.0000  0.0000  0.0000  0.0000  0.0000  0.0000  0.0000  0.0000  0.0000  0.0000  0.0000  0.0000  
0.0000  0.0000  0.0000  0.0000  0.0000  0.0000  0.0000  0.0000  0.0000  0.0000  0.0000  0.0000  0.0000  0.0000  0.0000  0.0000  0.0000  0.0000  0.0000  0.0000  
H 0.430 E 0.162    2.112   1.180   0.260   3.040   2.301   0.142   4.151   1.991  -0.854   3.707   2.681   1.659   2.845   3.700   2.343
Kernel d0: 0.49 sigma: 0.05 SUM:   914.54 maxCount:  40.84 PSEUDO 400+0.5
0.6226  -0.1478 0.6783  -0.0337 0.1480  0.3064  0.6726  0.3563  0.5281  0.2591  -0.0040 0.7059  0.7803  0.5999  0.6773  0.3407  0.8410  0.2529  0.4377  0.9317  
0.5657  0.2524  0.1756  0.1358  -0.1643 0.5109  0.1727  0.6758  0.1108  -0.5309 -0.9727 0.1908  0.2391  0.1385  0.1751  0.3794  0.3942  0.0794  -0.2695 -0.3007 
0.1717  -0.8053 0.3496  0.3862  -1.4011 0.0671  -1.1122 -1.2815 -0.1158 -1.2367 -0.8875 -0.0085 0.5722  0.3920  -0.5599 0.4483  -1.1417 -0.7609 -0.3592 -0.4127 
-0.1089 -0.2834 0.5605  0.4761  -0.3381 0.5884  0.5547  -0.3175 0.4145  -0.2870 0.4699  0.5890  0.6685  0.4824  0.5595  0.2347  0.0548  -0.2413 0.2870  0.4521  
0.5411  -0.5752 0.5856  0.5005  0.0145  0.4257  0.5798  0.4863  0.1733  0.5314  0.6428  -0.0025 0.6930  0.5069  0.5846  0.4320  0.2194  0.4550  0.6487  0.8908  
0.2698  -0.0308 0.3813  0.3100  0.5416  0.4015  0.3762  -0.1224 0.2615  0.3664  0.0563  0.1017  0.4821  -0.4508 0.3805  0.5221  -0.2516 0.2465  0.4390  0.7075  
0.0433  -0.3614 0.0796  0.2764  -0.5236 0.0955  0.3384  -0.8742 0.2317  -1.0214 0.2193  0.3673  0.4396  0.2811  -0.8065 -0.6243 -0.3385 -0.7141 0.3781  0.2254  
0.9768  0.2495  0.6367  0.5512  0.6623  0.9844  0.6309  0.8875  0.4866  0.9049  0.6931  0.6649  0.7418  0.5577  0.6357  0.8946  0.5077  0.7704  0.6988  0.9269  
-0.1724 -0.5353 0.5292  0.4035  -0.7810 0.5151  0.5235  -1.1394 0.3861  -0.5969 -0.3525 -0.0929 0.6375  -0.2538 0.4680  0.3796  -0.4704 -0.8393 0.5924  0.1440  
0.5376  -0.0541 0.8390  0.3081  0.3836  0.5083  0.8342  0.2769  0.1303  0.2996  0.4811  0.8619  0.9207  0.6523  0.4012  0.5889  0.1592  0.6107  0.5610  0.8891  
0.6347  0.4498  0.3356  0.2698  -0.1157 0.2167  0.3309  0.3843  0.2259  0.7318  -0.3497 0.3595  0.4310  0.2745  0.3348  0.6093  0.6260  -0.0401 0.3898  0.6552  
-0.2301 -1.1590 0.4105  0.3360  -1.7081 0.3293  0.4052  -1.9299 0.2849  -1.3624 -0.7358 0.4368  0.5139  -0.7769 -0.3120 -0.3748 -0.7532 -1.2886 -1.1544 -0.9802 
0.7544  0.3999  0.2932  0.2332  0.6959  0.6945  0.2888  0.8438  0.1939  0.8574  0.3385  0.3152  0.3822  0.2375  0.2924  0.5555  0.5722  0.9082  0.3434  0.6016  
-0.1522 0.0445  0.4608  -0.2833 -0.0869 0.4432  -0.2439 -1.0670 0.0820  -0.6457 -0.2326 0.4883  0.5674  0.2520  -0.7444 0.5450  -0.3915 -0.6365 -0.3317 -0.4294 
0.3803  -0.7256 0.1494  0.4958  -0.6484 0.5278  0.1697  -1.1031 0.4332  -0.4868 -0.2056 0.6092  0.6883  -0.1853 0.5798  0.8075  -0.7070 -0.5779 0.5166  -0.0705 
0.0226  0.1716  0.4831  0.4026  -0.6125 0.3932  0.4775  -0.2392 0.3457  -0.3031 0.0559  0.5110  0.5906  0.4086  0.4822  0.2930  0.1932  0.0316  -0.2975 0.6216  
0.6970  0.1714  0.4821  0.4017  0.1785  -0.1233 0.4191  0.3198  0.3448  0.3957  0.2824  0.5100  0.5896  -0.3100 0.0598  0.7529  0.2907  -0.0014 0.2111  0.0155  
0.8184  0.4443  0.6140  0.5285  0.4722  0.5185  0.6082  1.0068  0.4647  0.5213  0.0492  0.6424  0.7203  0.5350  0.6130  0.8775  0.8901  1.0797  0.6767  0.8474  
0.8092  -0.6191 0.3418  0.2752  0.1917  0.7526  0.3370  0.7582  0.2306  -0.0244 0.0036  -0.3566 0.4380  0.2799  0.3410  0.3667  0.6154  0.3683  -0.7547 0.6626  
0.3947  0.0230  0.5482  0.4693  -0.2849 0.5967  0.5477  0.2966  0.4080  -0.2653 0.3592  -0.0495 0.6616  0.4596  0.5525  0.1856  -0.3754 0.2028  0.6167  0.1287  
H 0.430 E 0.162    1.782   1.352   0.924   2.620   2.530   1.125   4.033   2.294   0.606   2.666   2.951   2.772   1.554   3.912   3.073
Kernel d0: 0.49 sigma: 0.05 SUM:   360.40 maxCount:  11.06 PSEUDO 400+0.5
0.2776  -0.0575 0.2576  0.0403  -0.0427 0.0698  0.2546  0.0361  0.1837  0.0469  0.2625  0.2726  0.3153  0.2175  0.2571  0.1577  0.4167  0.1247  0.0568  0.4298  
0.2050  0.0754  0.0504  0.0381  -0.3479 0.1760  0.0494  0.2563  0.0307  -0.0952 -0.0702 0.0552  0.0709  0.0390  0.0502  0.1214  0.1272  0.0684  -0.2374 -0.3981 
0.2965  -0.2229 0.1563  0.1240  -1.3814 -0.0423 -0.6314 -0.9801 -0.0281 -0.6599 -0.5738 0.0405  0.2042  0.1263  -0.0385 0.2974  -0.8776 -0.4467 -0.4402 -0.4982 
-0.1197 -0.1451 0.1987  0.1608  -0.2312 0.4142  0.1960  -0.1563 0.1352  -0.2703 0.2264  0.2123  0.2524  0.1635  0.1982  0.2609  0.2054  -0.1508 0.2294  0.0377  
0.4418  -0.4661 0.2106  0.1714  -0.3619 0.3392  0.2078  0.2083  0.1231  0.2600  0.2390  -0.2635 0.2655  0.1742  0.2101  0.2933  -0.0214 0.1338  0.2421  0.3856  
-0.0078 0.0639  0.1222  0.0955  0.3061  0.3110  0.1202  -0.0262 0.0785  0.3924  0.1332  -0.0575 0.1634  -0.4015 0.1218  0.2421  0.1483  0.0212  0.1452  0.2735  
-0.0639 0.1011  0.1077  0.0836  -0.6796 0.0741  0.1059  -0.3405 0.0684  -0.5729 0.1266  0.1168  0.1455  0.0853  0.0526  0.0054  -0.0437 -0.5424 0.1287  0.1964  
0.4778  -0.1239 0.2359  0.1943  0.3090  0.4528  0.2330  0.5091  0.1654  0.5174  0.2656  0.2505  0.2927  0.1974  0.2354  0.3882  0.3074  0.3904  0.2687  0.4107  
0.1083  -0.3365 0.1842  0.1481  -0.7469 0.3804  0.1816  -0.6994 0.1240  -0.0543 0.1334  -0.3217 0.2363  -0.2740 0.1838  0.3092  0.1573  -0.5946 0.2139  -0.1467 
0.3829  0.0066  0.3515  0.2859  0.0321  0.1171  0.3484  0.1344  0.2070  0.1486  0.1615  0.3663  0.4063  0.3054  0.2786  0.2540  0.1730  0.2479  0.3765  0.3031  
0.3112  0.1497  0.1049  0.0813  -0.0749 -0.1202 0.1031  0.0357  0.0665  0.3878  -0.4292 0.1138  0.1420  0.0830  0.1046  0.2222  0.2305  -0.0846 0.1255  0.2454  
0.1534  -0.7024 0.1336  0.1050  -1.4772 0.0149  0.1315  -0.8345 0.0866  -0.8433 0.0342  0.1443  0.1774  -0.2994 0.1033  0.1593  -0.1824 -0.5678 -0.9098 -0.7509 
0.3000  0.1295  0.0895  0.0689  0.2671  0.2664  0.0880  0.3546  0.0561  0.3634  0.1059  0.0974  0.1225  0.0704  0.0892  0.1963  0.2042  0.3975  0.1077  0.2184  
-0.0347 0.0605  0.1543  0.0946  -0.0562 0.0780  0.0300  -0.6324 0.0814  -0.3764 -0.1890 0.1661  0.2019  0.1005  -0.3695 0.2724  -0.0935 -0.4931 -0.4749 -0.2153 
0.3793  -0.4533 0.1926  0.1693  -0.2764 0.1601  0.0040  -0.7345 0.1428  -0.3527 0.0247  0.2221  0.2630  0.1433  0.2078  0.3565  0.1442  -0.2661 0.2396  -0.2902 
-0.0976 0.2156  0.1638  0.1305  -0.7397 0.1714  0.1614  -0.1668 0.1086  -0.1184 -0.0953 0.1760  0.2130  0.1329  0.1634  0.2676  0.0992  -0.1003 -0.2933 0.1870  
0.3150  0.2223  0.1634  0.1301  -0.1612 -0.1666 0.1610  0.1078  0.1083  0.1841  0.1580  0.1756  0.2125  -0.0472 0.1630  0.3067  0.3102  0.0448  0.1760  -0.1381 
0.4692  0.2353  0.2245  0.1839  0.1586  0.2067  0.2216  0.5053  0.1559  0.4171  -0.0842 0.2388  0.2806  0.1869  0.2240  0.3767  0.3851  0.5296  0.2568  0.3459  
0.3328  -0.2797 0.1071  0.0832  0.0690  0.2989  0.1054  0.3860  0.0681  0.1465  0.1024  -0.4491 0.1448  0.0849  0.1068  0.0510  0.2343  0.3684  -0.7580 0.2493  
0.1548  -0.0000 0.1954  0.1579  -0.5936 0.3343  0.1927  0.1620  0.1327  -0.2071 0.0335  -0.2903 0.2488  0.1606  0.1949  0.1112  -0.1895 0.0430  0.2259  -0.1090 
H 0.430 E 0.162    2.056   1.207   0.483   2.922   2.379   0.575   3.772   2.534  -0.681   3.922   2.272   1.946   3.235   2.911   3.116
Kernel d0: 0.49 sigma: 0.05 SUM:  1082.84 maxCount:  46.05 PSEUDO 400+0.5
0.7345  -0.1162 0.7809  0.0416  0.2091  0.4548  0.7748  0.4585  0.6169  0.2440  -0.1087 0.8106  0.8901  0.6958  0.7799  0.4336  0.8612  0.3256  0.5394  0.9011  
0.4860  0.3039  0.2135  0.1659  -0.0925 0.5979  0.2099  0.7783  0.1358  -0.5399 -1.0188 0.2315  0.2884  0.1692  0.2129  0.4502  0.3995  0.1477  -0.2438 -0.2447 
0.1279  -0.8768 -0.0969 0.4579  -1.3070 -0.0955 -1.2039 -1.3132 -0.0716 -1.3554 -1.0700 0.0577  0.6655  0.4645  -0.9022 -0.0064 -1.1516 -0.7102 -0.2920 -0.4424 
-0.1219 -0.3669 0.6527  0.5592  -0.2732 0.2903  0.6463  -0.2549 0.4899  -0.2493 0.3617  0.6839  0.7704  0.5662  0.6516  0.2416  0.0869  -0.1744 0.1225  0.5605  
0.3584  -0.4243 0.6802  0.5863  0.1718  0.0165  0.6738  0.5455  0.2082  0.5211  0.7425  0.2873  0.7967  0.5934  0.6791  0.5265  0.1154  0.5144  0.7489  1.0063  
0.2217  0.0223  0.4524  0.3707  0.5707  0.4086  0.4466  -0.1174 0.3145  0.1547  -0.0804 0.1654  0.5659  -0.4124 0.4514  0.5223  -0.3141 0.2905  0.5175  0.8123  
0.0862  -0.6010 -0.3425 0.3318  -0.4615 0.1397  0.4034  -0.9313 0.2797  -1.0116 0.1601  0.4365  0.5183  0.3374  -0.9356 -0.6862 -0.4049 -0.6486 0.1530  0.1466  
0.8893  0.6107  0.7359  0.6424  0.7891  1.1034  0.7296  0.9554  0.5709  0.8189  0.7968  0.7664  0.8490  0.6496  0.7349  1.0103  0.5024  0.8743  0.8030  1.0440  
-0.1987 -0.4910 0.6182  -0.0703 -0.7968 0.5117  0.6118  -1.1593 0.4578  -0.8017 -0.6352 0.0633  0.7367  -0.1878 0.2663  0.1359  -0.6230 -0.8253 0.6876  0.2562  
0.5108  0.0498  0.9520  0.3512  0.4933  0.7014  0.9470  0.3572  0.1354  0.3410  0.5844  0.9761  1.0375  0.6288  0.4924  0.6976  0.2262  0.6549  0.5986  1.0927  
0.6447  0.5297  0.4002  0.3242  -0.0326 0.3134  0.3948  0.4882  0.2728  0.7051  -0.2992 0.4275  0.5086  0.3296  0.3993  0.7061  0.7242  0.0537  0.4620  0.7559  
-0.1945 -1.2132 0.4854  0.4007  -1.6485 0.1915  0.4795  -1.9418 0.3417  -1.3617 -0.8408 0.5151  0.6012  -1.0106 -0.7048 -0.4341 -0.8402 -1.3211 -1.1783 -0.9217 
0.8625  0.4735  0.3513  0.2815  0.7998  0.7984  0.3462  0.9570  0.2352  0.9714  0.4035  0.3767  0.4534  0.2864  0.3504  0.6471  0.6655  1.0244  0.4091  0.6977  
-0.0748 -0.1038 0.5421  -0.3036 -0.1152 0.5472  -0.1864 -1.0756 0.1313  -0.6489 -0.1916 0.5727  0.6603  0.3097  -0.7027 0.6393  -0.3596 -0.6528 -0.3327 -0.3909 
0.2655  -0.6796 0.0248  0.5811  -0.7121 0.4544  0.2750  -1.0937 0.5110  -0.5653 -0.2451 0.7060  0.7917  -0.4298 0.6738  0.9153  -0.8698 -0.5780 0.1870  0.0836  
0.0730  -0.1124 0.5670  0.4766  -0.6652 0.4282  0.5607  -0.3908 0.4117  -0.5259 0.0836  0.5980  0.6857  0.4833  0.5659  0.3538  0.0746  0.0209  -0.3221 0.7291  
0.4996  0.0812  0.5659  0.4755  0.1693  -0.2159 -0.0054 0.1202  0.4108  0.4702  0.3474  0.5635  0.6846  -0.2787 -0.2348 0.5788  0.0407  -0.0185 0.2416  0.0877  
0.8568  0.5376  0.7112  0.6174  0.5391  0.5392  0.7049  1.0643  0.5464  0.4442  0.1329  0.7421  0.8261  0.6246  0.7102  0.9925  1.0056  1.2010  0.7791  0.9718  
0.9206  -0.6015 0.4073  0.3304  0.2862  0.8606  0.4018  0.6500  0.2784  0.0306  0.0168  0.2475  0.5165  0.3360  0.4064  0.4563  0.3668  0.4252  -0.7085 0.7639  
0.2254  0.0861  0.5722  0.5516  -0.3402 0.3575  0.6385  0.3750  0.4827  -0.2465 0.4526  0.3761  0.7629  0.2700  0.6438  0.1677  -0.4391 0.2118  0.7142  0.1768  
H 0.430 E 0.162    2.129   1.166   0.243   2.983   2.345   0.350   4.314   2.125  -0.359   3.251   2.736   1.983   2.188   3.686   2.450
Kernel d0: 0.49 sigma: 0.05 SUM:   643.82 maxCount:  24.28 PSEUDO 400+0.5
0.4388  -0.0917 0.4901  -0.0741 0.0406  0.1525  0.4854  0.1875  0.3695  0.1764  0.3180  0.5131  0.5761  0.4263  0.4893  0.2467  0.6988  0.2098  0.2568  0.7268  
0.4055  0.1662  0.1136  0.0870  -0.2752 0.3562  0.1116  0.4881  0.0706  -0.2870 -0.6583 0.1239  0.1569  0.0888  0.1132  0.2570  0.2678  0.0361  -0.2939 -0.3811 
0.3056  -0.7212 0.3212  0.2619  -1.4946 -0.0012 -1.0582 -1.1829 -0.1570 -1.0327 -0.8223 -0.0617 0.4042  0.2662  -0.2586 0.5268  -1.1336 -0.6415 -0.4594 -0.4994 
-0.1600 -0.2276 0.3950  0.3294  -0.3042 0.6551  0.3904  -0.2796 0.2829  -0.3100 0.4282  0.4176  0.4821  0.3343  0.3942  0.1361  0.0767  -0.2574 0.4171  0.2553  
0.6535  -0.5584 0.4149  0.3481  -0.1801 0.4669  0.4102  0.3842  0.2001  0.4800  0.4610  -0.1436 0.5023  0.3531  0.4141  0.4141  0.1711  0.3360  0.4658  0.6728  
0.1973  -0.0195 0.2584  0.2067  0.5054  0.4751  0.2546  -0.1357 0.1725  0.5850  0.1991  0.0022  0.3340  -0.4944 0.2578  0.4497  -0.1302 0.0984  0.3012  0.5144  
-0.0447 0.0967  0.2095  0.1829  -0.5834 0.1338  0.2271  -0.7994 0.1518  -0.8603 0.2443  0.2481  0.3017  0.1863  -0.3468 -0.3815 -0.0689 -0.7010 0.2707  0.2491  
0.7879  0.0714  0.4561  0.3876  0.5767  0.7579  0.4514  0.7925  0.3375  0.8125  0.5024  0.4791  0.5432  0.3928  0.4553  0.6762  0.3792  0.6251  0.5071  0.7053  
-0.0170 -0.5032 0.3704  0.3066  -0.7772 0.5232  0.3659  -1.0143 0.2619  -0.2934 -0.1452 -0.2187 0.4567  -0.3442 0.3697  0.4503  -0.0943 -0.8012 0.4203  -0.0253 
0.5509  -0.1063 0.6269  0.3859  0.2241  0.2972  0.6227  0.1715  0.1944  0.2135  0.2990  0.6471  0.6997  0.5451  0.2792  0.4385  0.1298  0.4645  0.5872  0.6063  
0.5461  0.3094  0.2251  0.1783  -0.2071 0.0477  0.2217  0.2488  0.1478  0.6531  -0.4234 0.2424  0.2953  0.1816  0.2245  0.4339  0.4473  -0.1262 0.2646  0.4711  
-0.0239 -0.9288 0.2799  0.2254  -1.7182 0.1764  0.2760  -1.6295 0.1889  -1.2407 -0.3864 0.2996  0.3585  -0.6302 0.0461  0.0107  -0.5195 -1.0787 -1.1645 -0.9593 
0.5539  0.2721  0.1948  0.1528  0.5047  0.5036  0.1917  0.6311  0.1259  0.6431  0.2272  0.2104  0.2590  0.1558  0.1942  0.3910  0.4042  0.6884  0.2307  0.4277  
-0.1364 0.1406  0.3178  0.0275  0.0149  0.2636  -0.2292 -0.9720 0.0488  -0.5492 -0.2974 0.3387  0.4004  0.1688  -0.7067 0.4198  -0.3780 -0.5791 -0.4352 -0.3968 
0.4605  -0.6464 0.2885  0.3445  -0.4327 0.3969  0.1439  -0.9816 0.2969  -0.4177 -0.0957 0.4338  0.4984  0.0508  0.4102  0.6191  -0.3569 -0.4768 0.4619  -0.1615 
-0.0333 0.3725  0.3348  0.2741  -0.6773 0.3677  0.3305  -0.2006 0.2324  -0.1590 0.0094  0.3562  0.4189  0.2785  0.3341  0.3351  0.1225  -0.0367 -0.2765 0.4243  
0.5394  0.3358  0.3340  0.2734  0.0022  -0.1174 0.3297  0.2873  0.2317  0.2847  0.2241  0.3555  0.4181  -0.3033 0.2607  0.5637  0.4591  0.0265  0.2854  -0.0631 
0.7311  0.2973  0.4377  0.3699  0.3984  0.4274  0.4330  0.8167  0.3207  0.5483  -0.0721 0.4607  0.5251  0.3749  0.4369  0.6610  0.6722  0.8476  0.4888  0.6302  
0.6009  -0.5221 0.2296  0.1821  0.0337  0.5524  0.2261  0.6621  0.1511  0.0169  0.1151  -0.4426 0.3006  0.1854  0.2290  0.2152  0.4534  0.4315  -0.8038 0.4772  
0.3179  0.1053  0.3894  0.3242  -0.4156 0.5408  0.3849  0.2095  0.2781  -0.2401 0.2008  -0.1859 0.4764  0.3290  0.3887  0.2242  -0.2990 0.1698  0.4398  -0.0085 
H 0.430 E 0.162    1.950   1.249   0.707   2.764   2.446   0.901   4.068   2.356   0.117   3.092   2.678   2.553   2.017   3.529   3.162
Kernel d0: 0.49 sigma: 0.05 SUM:   668.76 maxCount:  24.07 PSEUDO 400+0.5
0.4464  -0.0795 0.5088  -0.0740 0.0341  0.1633  0.5040  0.1935  0.3850  0.1750  0.2715  0.5323  0.5966  0.4434  0.5080  0.2238  0.7137  0.2033  0.2747  0.7480  
0.4220  0.1742  0.1193  0.0915  -0.2652 0.3712  0.1172  0.5067  0.0743  -0.3328 -0.6411 0.1301  0.1646  0.0934  0.1190  0.2686  0.2799  0.0546  -0.2953 -0.3753 
0.2424  -0.7379 0.3211  0.2738  -1.4989 0.0172  -1.0557 -1.2051 -0.1478 -1.1023 -0.8329 -0.0518 0.4207  0.2783  -0.3267 0.5226  -1.0810 -0.6492 -0.4495 -0.4885 
-0.1460 -0.2168 0.4112  0.3436  -0.3314 0.6321  0.4065  -0.2777 0.2955  -0.3162 0.4342  0.4344  0.5006  0.3486  0.4104  0.2055  0.1467  -0.2537 0.4250  0.2757  
0.6015  -0.5278 0.4316  0.3629  -0.1628 0.4213  0.4269  0.4038  0.1512  0.4788  0.4790  -0.1220 0.5213  0.3680  0.4308  0.3773  0.1661  0.3513  0.4839  0.6949  
0.1940  -0.0147 0.2701  0.2165  0.5081  0.4627  0.2662  -0.1170 0.1808  0.5101  0.1922  0.0106  0.3484  -0.4891 0.2695  0.4209  -0.0957 0.1074  0.3145  0.5336  
-0.0482 -0.0418 0.1926  0.1917  -0.5737 0.0743  0.2376  -0.7891 0.1592  -0.8801 0.2564  0.2595  0.3150  0.1952  -0.2532 -0.4520 -0.1144 -0.7331 0.2829  0.2401  
0.8055  0.0921  0.4739  0.4036  0.5721  0.7810  0.4691  0.8114  0.3519  0.8281  0.5213  0.4975  0.5630  0.4089  0.4731  0.6983  0.3945  0.6379  0.5262  0.7278  
0.0053  -0.4878 0.3859  0.3201  -0.7903 0.4920  0.3813  -1.0433 0.2738  -0.3543 -0.1201 -0.2065 0.4745  -0.3239 0.3782  0.4385  -0.0753 -0.8306 0.4372  -0.0079 
0.5108  -0.0865 0.6483  0.3826  0.2322  0.3337  0.6440  0.1890  0.1512  0.2144  0.3093  0.6688  0.7221  0.5474  0.3087  0.4800  0.1444  0.4755  0.6038  0.6328  
0.5156  0.3229  0.2356  0.1869  -0.2107 0.0638  0.2320  0.2675  0.1551  0.6505  -0.4182 0.2535  0.3084  0.1903  0.2350  0.4512  0.4650  -0.1347 0.2766  0.4893  
-0.0811 -0.9189 0.2925  0.2359  -1.7081 0.1943  0.2884  -1.6043 0.1979  -1.2197 -0.3566 0.3128  0.3736  -0.6159 -0.0687 -0.0919 -0.5029 -1.0715 -1.1708 -0.9588 
0.5740  0.2844  0.2040  0.1603  0.5237  0.5226  0.2008  0.6526  0.1322  0.6648  0.2377  0.2203  0.2708  0.1634  0.2035  0.4071  0.4207  0.7107  0.2414  0.4448  
-0.1449 0.1418  0.3316  -0.0020 0.0111  0.2697  -0.1753 -1.0042 0.0884  -0.5769 -0.2665 0.3532  0.4168  0.1647  -0.7040 0.4304  -0.3970 -0.5649 -0.4256 -0.4401 
0.4635  -0.6833 0.2319  0.3592  -0.4343 0.4167  0.1577  -0.9728 0.3100  -0.4257 -0.0873 0.4511  0.5173  0.0896  0.4269  0.6346  -0.3429 -0.4593 0.4650  -0.1279 
-0.0662 0.3472  0.3492  0.2864  -0.6687 0.3056  0.3447  -0.2183 0.2431  -0.2193 0.0126  0.3713  0.4357  0.2910  0.3484  0.2985  0.1465  -0.0414 -0.3102 0.4441  
0.5384  0.3486  0.3484  0.2857  0.0222  -0.1301 0.3439  0.2732  0.2425  0.2971  0.2097  0.3705  0.4349  -0.3082 0.2078  0.5840  0.4702  0.0201  0.2541  -0.0932 
0.7523  0.3247  0.4551  0.3853  0.3710  0.4444  0.4502  0.8368  0.3346  0.5414  -0.0679 0.4786  0.5446  0.3906  0.4542  0.6829  0.6942  0.8714  0.5074  0.6523  
0.6219  -0.5799 0.2402  0.1908  0.0705  0.5724  0.2366  0.6845  0.1585  -0.0371 0.0718  -0.4099 0.3138  0.1943  0.2396  0.2245  0.4712  0.3876  -0.8040 0.4955  
0.3340  0.0596  0.4055  0.3383  -0.4035 0.5133  0.4008  0.2051  0.2906  -0.2478 0.2164  -0.1594 0.4947  0.3432  0.4047  0.2422  -0.2846 0.1862  0.4573  -0.0075 
H 0.430 E 0.162    2.158   1.133   0.025   3.040   2.277  -0.191   3.652   2.754   1.122   2.191   3.549  -0.934   2.296   3.416  -2.424
Kernel d0: 0.49 sigma: 0.05 SUM:    13.75 maxCount:   4.03 PSEUDO 400+0.5
0.0000  0.0000  0.0000  0.0000  0.0000  0.0000  0.0000  0.0000  0.0000  0.0000  0.0000  0.0000  0.0000  0.0000  0.0000  0.0000  0.0000  0.0000  0.0000  0.0000  
0.0000  0.0000  0.0000  0.0000  0.0000  0.0000  0.0000  0.0000  0.0000  0.0000  0.0000  0.0000  0.0000  0.0000  0.0000  0.0000  0.0000  0.0000  0.0000  0.0000  
0.0000  0.0000  0.0000  0.0000  0.0000  0.0000  0.0000  0.0000  0.0000  0.0000  0.0000  0.0000  0.0000  0.0000  0.0000  0.0000  0.0000  0.0000  0.0000  0.0000  
0.0000  0.0000  0.0000  0.0000  0.0000  0.0000  0.0000  0.0000  0.0000  0.0000  0.0000  0.0000  0.0000  0.0000  0.0000  0.0000  0.0000  0.0000  0.0000  0.0000  
0.0000  0.0000  0.0000  0.0000  0.0000  0.0000  0.0000  0.0000  0.0000  0.0000  0.0000  0.0000  0.0000  0.0000  0.0000  0.0000  0.0000  0.0000  0.0000  0.0000  
0.0000  0.0000  0.0000  0.0000  0.0000  0.0000  0.0000  0.0000  0.0000  0.0000  0.0000  0.0000  0.0000  0.0000  0.0000  0.0000  0.0000  0.0000  0.0000  0.0000  
0.0000  0.0000  0.0000  0.0000  0.0000  0.0000  0.0000  0.0000  0.0000  0.0000  0.0000  0.0000  0.0000  0.0000  0.0000  0.0000  0.0000  0.0000  0.0000  0.0000  
0.0000  0.0000  0.0000  0.0000  0.0000  0.0000  0.0000  0.0000  0.0000  0.0000  0.0000  0.0000  0.0000  0.0000  0.0000  0.0000  0.0000  0.0000  0.0000  0.0000  
0.0000  0.0000  0.0000  0.0000  0.0000  0.0000  0.0000  0.0000  0.0000  0.0000  0.0000  0.0000  0.0000  0.0000  0.0000  0.0000  0.0000  0.0000  0.0000  0.0000  
0.0000  0.0000  0.0000  0.0000  0.0000  0.0000  0.0000  0.0000  0.0000  0.0000  0.0000  0.0000  0.0000  0.0000  0.0000  0.0000  0.0000  0.0000  0.0000  0.0000  
0.0000  0.0000  0.0000  0.0000  0.0000  0.0000  0.0000  0.0000  0.0000  0.0000  0.0000  0.0000  0.0000  0.0000  0.0000  0.0000  0.0000  0.0000  0.0000  0.0000  
0.0000  0.0000  0.0000  0.0000  0.0000  0.0000  0.0000  0.0000  0.0000  0.0000  0.0000  0.0000  0.0000  0.0000  0.0000  0.0000  0.0000  0.0000  0.0000  0.0000  
0.0000  0.0000  0.0000  0.0000  0.0000  0.0000  0.0000  0.0000  0.0000  0.0000  0.0000  0.0000  0.0000  0.0000  0.0000  0.0000  0.0000  0.0000  0.0000  0.0000  
0.0000  0.0000  0.0000  0.0000  0.0000  0.0000  0.0000  0.0000  0.0000  0.0000  0.0000  0.0000  0.0000  0.0000  0.0000  0.0000  0.0000  0.0000  0.0000  0.0000  
0.0000  0.0000  0.0000  0.0000  0.0000  0.0000  0.0000  0.0000  0.0000  0.0000  0.0000  0.0000  0.0000  0.0000  0.0000  0.0000  0.0000  0.0000  0.0000  0.0000  
0.0000  0.0000  0.0000  0.0000  0.0000  0.0000  0.0000  0.0000  0.0000  0.0000  0.0000  0.0000  0.0000  0.0000  0.0000  0.0000  0.0000  0.0000  0.0000  0.0000  
0.0000  0.0000  0.0000  0.0000  0.0000  0.0000  0.0000  0.0000  0.0000  0.0000  0.0000  0.0000  0.0000  0.0000  0.0000  0.0000  0.0000  0.0000  0.0000  0.0000  
0.0000  0.0000  0.0000  0.0000  0.0000  0.0000  0.0000  0.0000  0.0000  0.0000  0.0000  0.0000  0.0000  0.0000  0.0000  0.0000  0.0000  0.0000  0.0000  0.0000  
0.0000  0.0000  0.0000  0.0000  0.0000  0.0000  0.0000  0.0000  0.0000  0.0000  0.0000  0.0000  0.0000  0.0000  0.0000  0.0000  0.0000  0.0000  0.0000  0.0000  
0.0000  0.0000  0.0000  0.0000  0.0000  0.0000  0.0000  0.0000  0.0000  0.0000  0.0000  0.0000  0.0000  0.0000  0.0000  0.0000  0.0000  0.0000  0.0000  0.0000  
H 0.430 E 0.162    2.115   1.141   0.257   3.011   2.294   0.231   4.012   2.238   1.379   2.120   3.740   0.305   1.787   4.194  -1.085
Kernel d0: 0.49 sigma: 0.05 SUM:     6.54 maxCount:   1.85 PSEUDO 400+0.5
0.0000  0.0000  0.0000  0.0000  0.0000  0.0000  0.0000  0.0000  0.0000  0.0000  0.0000  0.0000  0.0000  0.0000  0.0000  0.0000  0.0000  0.0000  0.0000  0.0000  
0.0000  0.0000  0.0000  0.0000  0.0000  0.0000  0.0000  0.0000  0.0000  0.0000  0.0000  0.0000  0.0000  0.0000  0.0000  0.0000  0.0000  0.0000  0.0000  0.0000  
0.0000  0.0000  0.0000  0.0000  0.0000  0.0000  0.0000  0.0000  0.0000  0.0000  0.0000  0.0000  0.0000  0.0000  0.0000  0.0000  0.0000  0.0000  0.0000  0.0000  
0.0000  0.0000  0.0000  0.0000  0.0000  0.0000  0.0000  0.0000  0.0000  0.0000  0.0000  0.0000  0.0000  0.0000  0.0000  0.0000  0.0000  0.0000  0.0000  0.0000  
0.0000  0.0000  0.0000  0.0000  0.0000  0.0000  0.0000  0.0000  0.0000  0.0000  0.0000  0.0000  0.0000  0.0000  0.0000  0.0000  0.0000  0.0000  0.0000  0.0000  
0.0000  0.0000  0.0000  0.0000  0.0000  0.0000  0.0000  0.0000  0.0000  0.0000  0.0000  0.0000  0.0000  0.0000  0.0000  0.0000  0.0000  0.0000  0.0000  0.0000  
0.0000  0.0000  0.0000  0.0000  0.0000  0.0000  0.0000  0.0000  0.0000  0.0000  0.0000  0.0000  0.0000  0.0000  0.0000  0.0000  0.0000  0.0000  0.0000  0.0000  
0.0000  0.0000  0.0000  0.0000  0.0000  0.0000  0.0000  0.0000  0.0000  0.0000  0.0000  0.0000  0.0000  0.0000  0.0000  0.0000  0.0000  0.0000  0.0000  0.0000  
0.0000  0.0000  0.0000  0.0000  0.0000  0.0000  0.0000  0.0000  0.0000  0.0000  0.0000  0.0000  0.0000  0.0000  0.0000  0.0000  0.0000  0.0000  0.0000  0.0000  
0.0000  0.0000  0.0000  0.0000  0.0000  0.0000  0.0000  0.0000  0.0000  0.0000  0.0000  0.0000  0.0000  0.0000  0.0000  0.0000  0.0000  0.0000  0.0000  0.0000  
0.0000  0.0000  0.0000  0.0000  0.0000  0.0000  0.0000  0.0000  0.0000  0.0000  0.0000  0.0000  0.0000  0.0000  0.0000  0.0000  0.0000  0.0000  0.0000  0.0000  
0.0000  0.0000  0.0000  0.0000  0.0000  0.0000  0.0000  0.0000  0.0000  0.0000  0.0000  0.0000  0.0000  0.0000  0.0000  0.0000  0.0000  0.0000  0.0000  0.0000  
0.0000  0.0000  0.0000  0.0000  0.0000  0.0000  0.0000  0.0000  0.0000  0.0000  0.0000  0.0000  0.0000  0.0000  0.0000  0.0000  0.0000  0.0000  0.0000  0.0000  
0.0000  0.0000  0.0000  0.0000  0.0000  0.0000  0.0000  0.0000  0.0000  0.0000  0.0000  0.0000  0.0000  0.0000  0.0000  0.0000  0.0000  0.0000  0.0000  0.0000  
0.0000  0.0000  0.0000  0.0000  0.0000  0.0000  0.0000  0.0000  0.0000  0.0000  0.0000  0.0000  0.0000  0.0000  0.0000  0.0000  0.0000  0.0000  0.0000  0.0000  
0.0000  0.0000  0.0000  0.0000  0.0000  0.0000  0.0000  0.0000  0.0000  0.0000  0.0000  0.0000  0.0000  0.0000  0.0000  0.0000  0.0000  0.0000  0.0000  0.0000  
0.0000  0.0000  0.0000  0.0000  0.0000  0.0000  0.0000  0.0000  0.0000  0.0000  0.0000  0.0000  0.0000  0.0000  0.0000  0.0000  0.0000  0.0000  0.0000  0.0000  
0.0000  0.0000  0.0000  0.0000  0.0000  0.0000  0.0000  0.0000  0.0000  0.0000  0.0000  0.0000  0.0000  0.0000  0.0000  0.0000  0.0000  0.0000  0.0000  0.0000  
0.0000  0.0000  0.0000  0.0000  0.0000  0.0000  0.0000  0.0000  0.0000  0.0000  0.0000  0.0000  0.0000  0.0000  0.0000  0.0000  0.0000  0.0000  0.0000  0.0000  
0.0000  0.0000  0.0000  0.0000  0.0000  0.0000  0.0000  0.0000  0.0000  0.0000  0.0000  0.0000  0.0000  0.0000  0.0000  0.0000  0.0000  0.0000  0.0000  0.0000  
H 0.430 E 0.162    2.008   1.162  -0.622   2.902   2.301  -0.804   2.983   2.706  -2.272   4.455   1.938  -0.214   4.544   2.329   1.231
Kernel d0: 0.49 sigma: 0.05 SUM:   971.77 maxCount:  45.31 PSEUDO 400+0.5
0.7125  -0.3168 0.7143  0.0090  0.3256  0.4818  0.7084  0.5753  0.5590  0.3151  -0.1757 0.7426  0.8189  0.6334  0.7133  0.4310  0.7833  0.3576  0.7414  0.6480  
0.2309  0.2701  0.1886  0.1460  -0.0865 0.5412  0.1854  0.7117  0.1193  -0.5684 -1.0207 0.2048  0.2560  0.1490  0.1880  0.4039  -0.3008 0.1132  -0.1196 0.0872  
-0.0475 -0.9685 -0.2121 0.4110  -0.9457 -0.1460 -1.1352 -1.2302 -0.0821 -1.3894 -1.0397 0.0246  0.6048  0.4171  -1.1316 -0.2172 -1.0546 -0.6202 -0.0459 -0.1196 
-0.1910 -0.3501 0.5927  0.5050  -0.2620 0.0752  0.5867  -0.2079 0.4406  -0.1753 0.2936  0.6222  0.7042  0.5116  0.5916  -0.0034 0.0377  -0.1424 0.0395  0.7680  
0.1947  -0.2087 0.6186  0.5304  0.6249  -0.1940 0.6126  0.4967  0.1690  0.5669  0.6777  0.6481  0.7294  0.5370  0.6176  0.4680  0.2172  0.6292  0.6837  0.9315  
0.4350  -0.0047 0.4059  0.3309  0.5037  0.3407  0.4006  -0.1534 0.2797  0.0652  -0.1727 0.2102  0.5112  -0.2235 0.4050  0.4714  -0.3620 0.3051  0.4662  0.7443  
-0.1015 -0.6744 -0.3947 0.2954  0.0560  -0.2734 0.3608  -0.9563 0.2481  -0.9544 0.1052  0.3912  0.4669  0.3005  -0.9843 -0.7252 -0.3533 -0.4521 -0.3157 -0.1984 
0.6009  0.7983  0.6714  0.5830  0.7318  1.0264  0.6655  0.8752  0.5160  0.7131  0.7294  0.7005  0.7794  0.5897  0.6704  0.9354  0.4202  0.8670  0.7353  0.9682  
-0.3424 -0.4356 0.5602  -0.2312 -0.5755 0.4434  0.5542  -1.1018 0.4109  -0.8692 -0.7931 -0.0457 0.6722  0.0813  0.1694  -0.1979 -0.8328 -0.7743 0.6256  0.5627  
0.3805  0.0718  0.8788  0.2860  0.6763  0.6500  0.8739  0.4241  0.0783  0.3625  0.5911  0.9021  0.9619  0.2038  0.4344  0.7811  0.2170  0.7174  0.5234  1.0862  
0.5914  0.4775  0.3579  0.2885  -0.0428 0.5315  0.3529  0.7515  0.2420  0.6312  0.3068  0.3830  0.4580  0.2934  0.3571  0.6432  0.6603  0.0907  0.4148  0.6904  
-0.2466 -1.0551 0.4364  0.3584  -1.3831 0.1517  0.4309  -1.9926 0.3044  -1.3508 -1.2562 0.4640  0.5443  -1.0076 -0.8638 -0.6700 -0.8775 -1.3409 -1.0496 -0.7456 
0.7924  0.4254  0.3132  0.2498  0.7323  0.7309  0.3086  0.8837  0.2080  0.8975  0.3609  0.3364  0.4068  0.2543  0.3124  0.5875  0.6047  0.9492  0.3661  0.6352  
-0.0024 -0.1306 0.4890  -0.3390 0.0077  0.6089  -0.2144 -1.0511 0.0971  -0.5558 -0.2416 0.5177  0.5998  0.2767  -0.8582 0.5749  -0.3747 -0.5570 -0.0107 -0.3623 
0.1760  -0.6032 -0.0253 0.5254  -0.7043 0.4537  0.3420  -1.0497 0.4602  -0.5133 -0.2866 0.6431  0.7245  -0.5602 0.6126  0.8428  -1.0078 -0.5423 0.0731  0.4570  
-0.0740 -0.1910 0.5123  0.4282  -0.3505 0.5098  0.5064  -0.3815 0.3685  -0.6292 0.2320  0.5413  0.6238  0.4345  0.5113  0.2927  -0.2359 0.0411  -0.1793 0.7867  
0.1096  0.0159  0.5113  0.4273  0.0572  -0.4707 -0.1961 0.0465  0.3676  0.2920  0.2996  -0.1241 0.6228  -0.4049 -0.3036 0.2899  -0.0872 0.0085  0.1905  0.0289  
0.7765  0.4840  0.6480  0.5595  0.6966  0.4624  0.6420  0.9835  0.4930  0.3615  0.1574  0.6773  0.7574  0.5662  0.6470  0.9181  0.9308  1.1226  0.7126  0.9523  
0.8484  -0.5689 0.3644  0.2942  0.3168  0.7905  0.3594  0.5287  0.2470  -0.0996 -0.0196 0.3897  0.4653  0.2992  0.3636  0.2895  0.0650  0.3592  -0.2452 0.6981  
0.1429  0.0852  0.4867  0.4979  0.1416  -0.1819 0.5794  0.4238  0.4339  -0.1142 0.6266  0.6149  0.6971  -0.5553 0.5844  0.2364  -0.5087 0.3110  0.6508  0.1865  
H 0.430 E 0.162    2.107   1.176   0.383   3.067   2.262   0.201   3.487   2.385  -1.259   4.433   2.017   1.182   4.216   2.672   2.514
Kernel d0: 0.49 sigma: 0.05 SUM:  1080.29 maxCount:  46.55 PSEUDO 400+0.5
0.7400  -0.2397 0.7793  0.0407  0.2560  0.4724  0.7732  0.5204  0.6155  0.2959  -0.1209 0.8090  0.8884  0.6943  0.7783  0.4359  0.8560  0.3542  0.6627  0.7274  
0.2993  0.3031  0.2128  0.1654  0.0520  0.5965  0.2093  0.7767  0.1354  -0.5427 -1.0149 0.2308  0.2875  0.1687  0.2122  0.4490  -0.1714 0.1483  -0.2346 -0.2157 
0.0289  -0.9584 -0.1721 0.4567  -1.1772 -0.1466 -1.1991 -1.2952 -0.0684 -1.3710 -1.1018 0.0575  0.6640  0.4633  -1.0979 -0.1602 -1.1702 -0.6708 -0.2538 -0.3000 
-0.1777 -0.3679 0.6512  0.5578  -0.2708 0.1511  0.6448  -0.2362 0.4887  -0.2368 0.3493  0.6824  0.7688  0.5649  0.6501  0.0718  0.0879  -0.1668 0.0928  0.6173  
0.3052  -0.2812 0.6787  0.5849  0.4717  -0.1223 0.6723  0.4680  0.2070  0.5720  0.7409  0.6573  0.7951  0.5921  0.6776  0.5241  0.1150  0.5228  0.7473  1.0046  
0.4232  0.0237  0.4513  0.3697  0.5658  0.4047  0.4455  -0.1635 0.3136  0.1302  -0.1320 0.1696  0.5645  -0.3845 0.4503  0.5204  -0.3121 0.2862  0.5163  0.8107  
-0.0428 -0.6461 -0.3687 0.3309  -0.1661 -0.0517 0.4023  -0.9392 0.2788  -0.9968 0.1464  0.4353  0.5170  0.3364  -0.9586 -0.6888 -0.3841 -0.5763 -0.2615 -0.1382 
0.7323  0.8422  0.7344  0.6409  0.8024  1.1016  0.7281  0.9504  0.5696  0.7886  0.7952  0.7648  0.8473  0.6481  0.7333  1.0085  0.4825  0.8792  0.8014  1.0422  
-0.2451 -0.4844 0.6168  -0.1943 -0.7343 0.5098  0.6104  -1.1409 0.4567  -0.8259 -0.7368 0.0663  0.7352  -0.0774 0.2158  -0.0884 -0.7494 -0.8170 0.6861  0.4194  
0.4607  0.1085  0.9503  0.3480  0.5425  0.7002  0.9452  0.4027  0.1307  0.3539  0.5908  0.9743  1.0358  0.3069  0.4951  0.7181  0.2260  0.7194  0.5928  1.1593  
0.6372  0.5284  0.3991  0.3233  -0.0302 0.3338  0.3937  0.6780  0.2721  0.6986  -0.0464 0.4264  0.5074  0.3287  0.3982  0.7046  0.7227  0.0620  0.4609  0.7543  
-0.1981 -1.1751 0.4842  0.3996  -1.5108 0.1439  0.4782  -1.9537 0.3408  -1.3775 -1.0125 0.5139  0.5998  -1.0306 -0.8364 -0.5900 -0.8540 -1.3282 -1.1550 -0.8779 
0.8608  0.4723  0.3503  0.2807  0.7982  0.7968  0.3453  0.9553  0.2345  0.9696  0.4024  0.3757  0.4522  0.2856  0.3495  0.6457  0.6640  1.0227  0.4081  0.6961  
-0.0640 -0.1136 0.5407  -0.3077 -0.0066 0.5510  -0.1870 -1.0704 0.1311  -0.6185 -0.3194 0.5714  0.6588  0.3103  -0.7691 0.6379  -0.3577 -0.6047 -0.3055 -0.3840 
0.2411  -0.6769 0.0225  0.5797  -0.6605 0.4211  0.3911  -1.0744 0.5098  -0.5394 -0.2566 0.7045  0.7901  -0.5161 0.6723  0.9136  -0.9432 -0.5531 0.1303  0.3170  
-0.0442 -0.1398 0.5656  0.4754  -0.5979 0.4644  0.5594  -0.3910 0.4106  -0.5867 0.0984  0.5966  0.6842  0.4821  0.5646  0.3519  -0.0872 -0.0162 -0.3355 0.7480  
0.2788  0.0708  0.5645  0.4743  0.0829  -0.4135 -0.1474 0.0195  0.4097  0.3925  0.3468  0.0360  0.6830  -0.3655 -0.2647 0.3703  -0.0219 0.0008  0.2391  -0.0329 
0.8517  0.5409  0.7097  0.6160  0.6455  0.5289  0.7034  1.0586  0.5450  0.4268  0.1365  0.7405  0.8244  0.6231  0.7086  0.9907  1.0038  1.1992  0.7775  1.0153  
0.9189  -0.5943 0.4062  0.3295  0.3203  0.8589  0.4007  0.6007  0.2776  0.0254  0.0151  0.4337  0.5152  0.3350  0.4053  0.4435  0.1178  0.4231  -0.6910 0.7623  
0.2036  0.0984  0.5436  0.5502  -0.2085 0.1170  0.6371  0.4324  0.4814  -0.1751 0.5917  0.6511  0.7613  -0.3059 0.6424  0.2463  -0.4870 0.2448  0.7126  0.2261  
