H 0.144 E 0.129    2.151   1.143  -0.050   3.044   2.299  -0.025   3.357   2.780  -1.437   4.484   1.919   0.794   4.328   2.235   2.252
Kernel d0: 0.49 sigma: 0.05 SUM:   288.11 maxCount:  12.59 PSEUDO 400+0.5
0.1191  0.0602  0.2784  -0.1564 0.0149  0.0437  0.2756  0.1947  0.2063  0.3461  -0.3897 0.1604  0.3283  -0.1468 0.2733  0.2625  0.4004  0.1419  0.1345  0.1053  
0.2398  0.1009  0.0669  0.0499  -0.2192 0.2117  0.0656  -0.0572 0.0401  -0.2281 0.0810  0.0736  0.0941  0.0518  0.0646  0.1529  -0.2430 -0.2676 0.0807  -0.6049 
-0.3234 0.0784  0.0511  -0.2809 -0.8588 -0.2762 -0.4927 -0.5018 -0.5379 0.2522  -0.2464 0.0564  0.0729  0.0392  0.0492  0.1223  -0.0653 -0.7925 0.0621  -0.3517 
0.2007  0.0779  0.0507  0.0374  -0.2700 -0.2685 0.0497  -0.0826 0.0300  -0.3949 0.0619  0.0560  0.0724  0.0389  -0.1721 0.1216  -0.7576 -0.2449 0.0616  0.1340  
-0.1506 0.2078  0.1511  0.1184  -0.0944 -0.3162 0.1488  0.1729  0.0981  0.1372  0.1760  0.1632  0.1974  -0.3761 0.1469  -0.2359 0.0885  0.0838  0.1754  0.2941  
-0.4288 0.1995  0.1439  0.1123  -0.3817 0.3314  0.1417  -0.2900 0.0928  -0.1096 0.1682  -0.1730 0.1892  0.1160  -0.0594 0.1787  0.0042  0.0302  0.1677  -0.0962 
-0.2604 0.0688  -0.5137 0.0327  -0.2483 0.1580  0.0436  -0.7188 0.0261  -0.9945 0.0544  0.0492  0.0639  0.0340  0.0428  -0.4006 -0.3230 -0.6929 0.0542  -0.4262 
0.0837  0.2714  0.2093  0.1700  0.0414  0.3916  0.2066  0.4364  0.1441  0.4090  0.2374  0.2232  0.2605  0.1747  0.2043  0.1908  -0.2250 0.4542  0.2368  0.3536  
-0.6807 -0.1760 0.0292  0.0213  0.1109  -0.3922 0.0286  -0.7512 0.0169  0.0039  0.0360  -0.5337 0.0426  0.0222  0.0281  0.0750  0.0788  0.2072  0.0359  0.0837  
-0.0345 -0.0266 0.2895  -0.4106 0.3094  0.4404  0.2868  0.0407  0.2173  0.3172  0.0157  0.3034  0.3386  0.2527  0.2845  0.0080  0.2352  0.2328  0.3167  0.4138  
0.2726  -0.1559 0.0832  0.0627  0.1148  0.2440  0.0817  0.3159  0.0507  0.2850  0.1001  0.0913  0.1154  0.0650  0.0805  0.1816  -0.2521 0.0899  0.0997  0.1972  
-0.8645 -0.9524 0.0599  0.0445  -0.9055 -0.3958 -0.4892 -1.5989 0.0357  -1.2864 -0.6355 0.0660  0.0849  0.0462  0.0578  -0.3376 -0.7983 -1.2937 -0.4618 0.1533  
0.2227  0.0903  0.0594  0.0441  0.1917  0.1951  0.0582  0.2668  0.0354  0.2738  0.0722  0.0655  0.0842  0.0458  0.0573  0.1387  0.1447  0.3050  0.0719  0.1523  
-0.3753 0.0808  0.0527  -0.5230 0.1760  0.1792  0.0517  -0.5254 -0.7605 -0.5143 0.0643  0.0582  0.0752  0.0405  0.0508  -0.0681 -0.3578 -0.0109 0.0640  -0.5699 
0.2031  -0.4350 0.0516  0.0381  0.1732  0.1764  0.0505  -0.4681 0.0305  -0.5741 -0.3821 -0.4867 0.0736  0.0396  0.0497  0.1233  -0.5402 -0.6670 0.0627  0.1359  
-0.2260 -0.8599 -0.0854 0.0964  -0.1110 0.3084  -0.3738 -0.2033 0.0792  -0.4474 -0.0384 0.1358  0.1670  -0.6005 0.0485  -0.1410 0.2519  -0.1749 0.1468  0.2612  
0.1239  -0.2891 0.1182  0.0908  0.2959  -0.0127 0.1162  0.1191  0.0744  0.2869  0.1398  0.1286  0.1589  0.0940  0.1146  0.0855  -0.4228 0.1650  0.1393  0.2518  
0.4142  0.2764  0.2142  0.1745  0.3401  0.1945  -0.2075 0.4390  0.1482  0.1902  -0.1405 0.2281  0.2656  0.1792  0.2092  0.3434  0.3500  0.3872  0.2419  0.3564  
0.2117  0.0840  0.0549  0.0407  0.1814  0.1846  -0.4971 0.2556  0.0326  -0.1037 -0.1479 0.0606  0.0782  0.0423  0.0530  0.1301  0.1358  0.2240  -0.4350 -0.3321 
0.2089  0.1618  0.1130  0.0866  -0.0475 -0.3854 0.1111  0.2904  0.0707  -0.2089 -0.0692 0.1231  0.1525  0.0896  0.1095  0.0805  0.2351  -0.0599 0.1335  0.2443  
H 0.144 E 0.129    2.147   1.155  -0.127   3.011   2.330  -0.190   2.750   3.135  -1.458   4.646   1.869  -0.118   5.094   1.840   1.313
Kernel d0: 0.49 sigma: 0.05 SUM:   163.92 maxCount:   8.45 PSEUDO 400+0.5
-0.0427 -0.0335 0.1317  -0.0331 0.1119  -0.0232 0.1301  0.1932  0.0916  0.1917  -0.3565 0.1401  0.1627  -0.0762 0.1287  0.1974  0.2129  0.1226  0.0119  0.1788  
0.1096  0.0410  0.0264  0.0195  0.0366  0.0944  0.0259  0.0062  0.0155  -0.1172 0.0324  0.0293  0.0380  0.0202  0.0255  0.0648  -0.1273 -0.0787 0.0323  -0.2212 
-0.2497 0.0313  0.0199  -0.0598 -0.1078 -0.2700 -0.0407 -0.0887 -0.4009 0.1166  -0.1956 0.0221  0.0290  0.0152  0.0192  0.0506  -0.0839 -0.1882 0.0245  0.0337  
0.0886  0.0311  0.0198  0.0145  0.0465  -0.2715 0.0194  0.0441  0.0115  -0.0652 0.0244  0.0220  0.0288  0.0150  -0.1254 0.0502  -0.2876 0.1090  0.0243  0.0560  
-0.2953 0.0923  0.0640  0.0488  -0.1754 -0.3917 0.0629  0.1769  0.0398  0.1153  0.0761  0.0698  0.0869  -0.2933 0.0620  -0.2902 -0.0007 0.1601  0.0758  0.1412  
-0.3754 0.0880  0.0606  0.0461  -0.1525 0.1647  0.0595  -0.2058 0.0375  -0.2160 0.0722  0.0314  0.0827  0.0477  -0.3263 -0.0263 -0.0026 0.0441  0.0720  -0.1470 
-0.0716 0.0273  -0.3878 0.0126  -0.1304 0.0673  0.0169  -0.2663 0.0100  -0.3860 0.0213  0.0192  0.0252  0.0131  0.0166  -0.3348 -0.2754 -0.3124 0.0212  -0.3249 
-0.0624 0.1276  0.0931  0.0731  -0.0752 0.2064  0.0917  0.2408  0.0607  0.2427  0.1083  0.1005  0.1213  0.0755  0.0905  0.0582  -0.2116 0.2553  0.1080  0.1795  
-0.4522 -0.1318 0.0112  0.0081  0.0454  -0.2363 0.0110  -0.4256 0.0064  -0.0082 0.0139  -0.4000 0.0165  0.0085  0.0108  0.0298  0.0314  0.0920  0.0138  0.0335  
-0.1011 0.1012  0.1384  -0.3046 0.2335  0.2440  0.1367  0.0851  0.0974  0.2452  0.0580  0.1469  0.1694  0.1168  0.1354  -0.0026 0.2068  0.2496  0.1552  0.2231  
0.1283  -0.0840 0.0334  0.0247  0.1074  0.1119  0.0327  0.1547  0.0198  0.1590  0.0406  0.0368  0.0475  0.0257  0.0322  0.0789  -0.2210 0.0375  0.0405  0.0868  
-0.6063 -0.2390 0.0236  0.0173  -0.3341 -0.2671 -0.3553 -1.2113 0.0138  -0.7590 -0.3795 0.0261  0.0340  0.0180  0.0227  -0.3063 -0.6161 -0.6910 -0.0841 0.0651  
0.1002  0.0364  0.0233  0.0171  0.0840  0.0857  0.0229  0.1249  0.0136  0.1290  0.0287  0.0259  0.0337  0.0178  0.0225  0.0581  0.0609  0.1479  0.0285  0.0645  
-0.1980 0.0323  0.0206  -0.3317 0.0761  0.0777  0.0202  -0.1924 -0.4069 -0.3837 0.0254  0.0229  0.0299  0.0157  0.0198  -0.0410 -0.0766 0.1229  0.0253  -0.1724 
0.0899  -0.0048 0.0201  0.0147  0.0747  0.0763  0.0197  0.0668  0.0117  -0.1916 -0.3190 -0.0591 0.0293  0.0153  0.0194  0.0510  -0.3843 -0.3488 0.0247  0.0568  
-0.3021 -0.0530 -0.3077 0.0391  0.0093  0.1500  -0.1365 -0.2009 0.0316  -0.4139 -0.0669 0.0568  0.0717  -0.3962 0.0501  -0.1409 0.1164  -0.0349 0.0620  0.1217  
-0.0782 -0.1018 0.0487  0.0366  0.1423  -0.1174 0.0478  0.0014  0.0296  0.1214  0.0586  0.0535  0.0677  0.0380  0.0471  -0.0068 -0.3248 0.0304  0.0584  0.1163  
0.2234  0.1306  0.0957  0.0753  0.2072  0.0412  -0.2201 0.2428  0.0626  0.0994  0.0568  0.1032  0.1242  0.0777  0.0931  0.1727  0.1771  0.2569  0.1107  0.1825  
0.0944  0.0337  0.0215  0.0158  0.0788  0.0804  -0.3068 0.1185  0.0125  -0.1212 -0.1203 0.0239  0.0312  0.0164  0.0207  0.0541  0.0568  0.1412  0.0118  -0.3031 
0.0966  0.0691  0.0464  0.0348  0.1378  -0.3872 0.0455  0.1273  0.0281  -0.1427 -0.0211 0.0509  0.0647  0.0361  0.0448  0.0834  0.1070  -0.1411 0.0557  0.1121  
H 0.144 E 0.129    2.158   1.129  -0.013   3.062   2.274   0.049   3.970   2.323  -1.174   3.998   2.216   1.467   3.286   2.947   2.566
Kernel d0: 0.49 sigma: 0.05 SUM:   290.52 maxCount:  12.19 PSEUDO 400+0.5
0.2237  0.0645  0.2814  -0.1565 -0.0238 0.0416  0.2278  0.1664  0.2088  0.3455  -0.3761 -0.1253 0.3316  -0.1458 0.2763  0.1181  0.4039  0.0880  0.1637  0.0197  
0.2426  0.1023  0.0678  0.0506  -0.3718 0.2142  0.0666  -0.0565 0.0407  -0.2895 0.0822  0.0747  0.0955  0.0525  0.0655  0.1549  -0.2420 -0.3327 0.0819  -0.6074 
0.0047  0.0796  0.0518  -0.2842 -0.9143 -0.0209 -0.5063 -0.5116 -0.4051 0.2551  -0.0755 0.0572  0.0740  0.0398  0.0500  0.1240  -0.0566 -0.8338 0.0630  -0.3731 
0.2032  0.0790  0.0514  0.0380  -0.2856 0.1457  0.0504  -0.0854 0.0304  -0.4007 0.0628  0.0568  0.0735  0.0395  -0.1698 0.1232  -0.7661 -0.2775 0.0625  0.1358  
0.0851  0.2103  0.1531  0.1200  0.1232  -0.0923 0.1507  0.0805  0.0995  0.0215  0.1782  0.1653  0.1998  -0.3643 0.1488  -0.0021 0.0924  0.0572  0.1777  0.2973  
-0.3143 0.2019  0.1458  0.1139  -0.4907 0.3347  0.1436  -0.2106 0.0942  -0.0859 0.1703  -0.1806 0.1916  0.1176  0.1417  0.2720  -0.0220 0.0334  0.1698  -0.0537 
-0.2610 0.0698  -0.4522 0.0332  -0.2478 0.1601  0.0442  -0.7273 0.0265  -1.0030 0.0552  0.0499  0.0648  0.0345  0.0435  -0.2613 -0.2439 -0.7794 0.0550  -0.4245 
0.1500  0.0685  0.2118  0.1721  0.0302  0.3951  0.2091  0.4401  0.1460  0.4089  0.2402  0.2258  0.2635  0.1769  0.2068  0.1953  -0.1904 0.4578  0.2396  0.3570  
-0.6809 -0.1686 0.0296  0.0216  0.1124  -0.3917 0.0290  -0.7382 0.0172  0.0053  0.0366  -0.2686 0.0432  0.0225  0.0285  0.0760  0.0799  0.2098  0.0364  0.0849  
-0.0627 -0.1185 0.2926  -0.4088 0.2447  0.4441  0.2899  0.0444  0.2199  0.3184  0.0181  0.3066  0.3419  0.2556  0.2876  0.0106  0.2296  0.1234  0.3199  0.3432  
0.2756  -0.1546 0.0844  0.0636  0.0954  0.2468  0.0829  0.3191  0.0515  0.0881  0.1015  0.0926  0.1170  0.0659  0.0816  0.1839  -0.2487 0.0926  0.1011  0.1996  
-0.7783 -0.9848 0.0608  0.0452  -0.9384 -0.2729 -0.4856 -1.5719 0.0362  -1.2897 -0.6360 0.0670  0.0861  0.0469  0.0587  0.0730  -0.6131 -1.3235 -0.4666 -0.0733 
0.2253  0.0916  0.0602  0.0447  0.1941  0.1975  0.0591  0.2698  0.0359  0.2768  0.0732  0.0664  0.0854  0.0465  0.0581  0.1406  0.1466  0.3082  0.0729  0.1543  
-0.3757 0.0820  0.0535  -0.5242 0.1782  0.1815  0.0524  -0.5350 -0.7635 -0.5111 0.0652  0.0591  0.0763  0.0411  0.0516  -0.0674 -0.3603 -0.0478 0.0650  -0.5758 
0.2055  -0.4548 0.0523  0.0387  0.1754  0.1786  -0.1322 -0.6725 0.0310  -0.6063 0.0493  -0.4943 0.0747  0.0402  0.0505  0.1250  -0.3637 -0.6711 0.0636  0.1378  
0.0822  -0.8902 0.1267  0.0978  -0.2066 0.3116  -0.3753 -0.1940 0.0803  -0.3384 -0.0346 0.1376  0.1692  -0.5989 -0.1574 -0.1387 0.2548  -0.2479 0.1488  0.2641  
0.3298  -0.2902 0.1198  0.0921  0.1599  0.2767  0.1178  0.0620  0.0755  0.3453  0.1416  0.1304  0.1609  0.0953  0.1162  0.1241  -0.3760 0.1885  0.1412  0.2547  
0.4178  0.2795  0.2167  0.1767  0.1927  0.2036  -0.1993 0.4426  0.1502  0.2230  -0.1440 0.2308  0.2685  0.1815  0.2117  0.3468  0.3534  0.2623  0.2447  0.3238  
0.2143  0.0852  0.0557  0.0413  0.1837  0.1870  -0.4964 0.2585  0.0331  -0.1010 -0.1359 0.0615  0.0793  0.0429  0.0538  0.1318  0.1376  -0.0332 -0.4772 0.0865  
0.2120  0.0357  0.1145  0.0878  -0.2990 -0.2539 0.1126  0.2979  0.0718  -0.3926 -0.1779 0.1247  0.1545  0.0908  0.1110  0.0774  0.2379  0.0142  0.1352  0.2471  
H 0.144 E 0.129    2.094   1.186   0.339   2.980   2.346   0.380   4.405   1.961  -0.001   2.960   3.053   1.926   1.886   4.097   1.985
Kernel d0: 0.49 sigma: 0.05 SUM:   106.12 maxCount:   5.32 PSEUDO 400+0.5
0.1290  0.0839  0.0661  -0.0107 -0.1386 -0.0518 -0.1524 0.0068  0.0438  0.1366  0.0614  -0.1978 0.0848  0.0240  0.0643  -0.0701 0.1183  0.0292  0.0760  -0.0546 
0.0536  0.0185  0.0118  0.0086  -0.2240 0.0453  0.0115  0.0085  0.0068  -0.1276 0.0145  0.0131  0.0171  0.0089  0.0113  0.0301  -0.0087 -0.1106 0.0145  -0.0590 
-0.0187 0.0140  0.0088  -0.0409 -0.4638 0.0356  -0.1817 -0.1820 0.0051  0.0574  0.0109  0.0098  0.0129  0.0067  0.0085  0.0231  0.0243  -0.3561 0.0109  -0.1886 
0.0423  0.0139  0.0087  0.0064  -0.1712 0.0353  0.0086  -0.0446 0.0050  -0.1175 0.0108  0.0097  0.0128  0.0066  0.0084  0.0229  -0.1964 -0.2278 0.0108  0.0257  
-0.0657 0.0442  0.0297  0.0223  0.0819  0.0894  0.0291  -0.0552 0.0180  -0.0493 0.0358  0.0326  0.0414  0.0231  0.0287  0.0659  0.0669  -0.0135 0.0356  0.0717  
0.0576  0.0419  0.0280  0.0210  -0.2428 0.0861  0.0275  0.0052  0.0169  0.1133  0.0338  -0.0844 0.0392  0.0217  0.0270  0.0629  -0.0511 0.0313  0.0337  -0.0810 
0.0158  0.0121  0.0076  0.0055  0.0052  0.0313  0.0075  -0.1238 0.0044  -0.3206 0.0094  0.0085  0.0112  0.0058  0.0073  0.0202  0.0213  -0.2469 0.0094  -0.2511 
0.1241  -0.1558 0.0446  0.0343  0.0345  0.1137  0.0439  0.1389  0.0280  0.1195  0.0528  0.0486  0.0601  0.0355  0.0433  0.0876  0.0524  0.1502  0.0527  0.0956  
-0.0022 0.0079  0.0049  0.0035  0.0206  0.0104  0.0048  -0.0567 0.0028  0.0260  0.0061  0.0055  0.0073  0.0037  0.0047  0.0133  0.0141  0.0441  0.0061  0.0150  
-0.0448 -0.0997 0.0700  0.0129  -0.0140 0.1414  0.0690  0.0528  0.0469  0.1043  0.0752  0.0751  0.0891  0.0576  0.0682  0.0885  0.0268  -0.0777 0.0801  0.0609  
0.0641  0.0184  0.0150  0.0110  -0.0200 0.0549  0.0147  0.0798  0.0087  -0.0800 0.0184  0.0166  0.0216  0.0114  0.0144  0.0372  0.0338  0.0785  0.0183  0.0413  
-0.1499 -0.3333 0.0105  0.0076  -0.4861 0.0008  0.0102  -0.4067 0.0060  -0.2619 -0.0169 0.0116  0.0153  0.0079  0.0101  0.0270  -0.0130 -0.5512 -0.0449 -0.1110 
0.0485  0.0164  0.0104  0.0075  0.0399  0.0408  0.0101  0.0622  0.0060  0.0645  0.0128  0.0115  0.0151  0.0079  0.0100  0.0268  0.0282  0.0757  0.0127  0.0300  
0.0030  0.0145  0.0091  -0.0103 0.0358  0.0366  0.0089  -0.0705 -0.0490 -0.0068 0.0113  0.0101  0.0134  0.0069  0.0088  0.0138  -0.0263 -0.0933 0.0112  -0.1191 
0.0429  -0.1874 0.0089  0.0065  0.0351  0.0359  -0.0984 -0.3906 0.0051  -0.1861 0.0110  -0.1425 0.0131  0.0067  0.0086  0.0233  0.0104  -0.1187 0.0110  0.0262  
0.0820  -0.4207 0.0237  0.0176  -0.1759 0.0770  -0.0043 0.0049  0.0142  -0.1634 0.0288  0.0261  0.0335  -0.0054 -0.1201 0.0435  0.0573  -0.0484 0.0287  0.0603  
0.0841  -0.0183 0.0222  0.0165  -0.1349 0.0736  0.0218  0.0394  0.0132  0.1036  0.0270  0.0245  0.0315  0.0171  0.0214  0.0522  0.0359  0.0650  0.0269  0.0573  
0.1259  0.0654  0.0460  0.0354  -0.0291 0.1156  0.0453  0.1405  0.0290  0.0982  -0.0569 0.0501  0.0618  0.0366  0.0446  0.0911  0.0940  -0.0039 0.0542  0.0713  
0.0453  0.0151  0.0095  0.0069  0.0372  0.0380  -0.0140 0.0585  0.0055  0.0522  0.0118  0.0106  0.0140  0.0072  0.0092  0.0248  0.0261  -0.1352 -0.2456 0.0278  
0.0769  -0.1075 0.0211  0.0156  -0.3075 0.0568  0.0207  0.0981  0.0125  -0.1780 -0.0729 0.0233  0.0300  0.0162  0.0203  0.0150  0.0522  0.0964  0.0256  0.0550  
H 0.144 E 0.129    2.132   1.148   0.251   3.000   2.313   0.403   3.690   2.658  -0.911   4.159   2.035   1.616   3.617   2.491   2.939
Kernel d0: 0.49 sigma: 0.05 SUM:   298.48 maxCount:  12.59 PSEUDO 400+0.5
0.1619  0.0715  0.2902  -0.1518 0.0077  0.0495  0.2873  0.1690  0.2159  0.3562  -0.3827 -0.0722 0.3413  -0.1410 0.2849  0.2376  0.4147  0.1058  0.1474  0.0276  
0.2505  0.1061  0.0705  0.0526  -0.3623 0.2214  0.0692  -0.0500 0.0424  -0.2847 0.0853  0.0776  0.0991  0.0546  0.0681  0.1604  -0.2411 -0.3237 0.0850  -0.6076 
-0.1598 0.0826  0.0539  -0.2860 -0.9121 -0.2375 -0.5085 -0.5085 -0.5270 0.2633  -0.2265 0.0595  0.0769  0.0414  0.0520  0.1286  -0.0613 -0.8297 0.0655  -0.3717 
0.2101  0.0821  0.0535  0.0395  -0.2825 -0.0616 0.0524  -0.0797 0.0316  -0.3964 0.0652  0.0591  0.0763  0.0411  -0.1727 0.1278  -0.7685 -0.2708 0.0650  0.1408  
0.1049  0.2174  0.1586  0.1245  0.0596  -0.2277 0.1561  0.1056  0.1033  0.0419  0.1844  0.1712  0.2066  -0.3767 0.1541  -0.1205 0.0984  0.0683  0.1839  0.3063  
-0.3914 0.2088  0.1511  0.1181  -0.4760 0.3445  0.1488  -0.2651 0.0977  -0.0969 0.1763  -0.1778 0.1982  0.1220  0.1468  0.2767  -0.0135 0.0386  0.1758  -0.0464 
-0.2588 0.0725  -0.5162 0.0346  -0.2490 0.1658  0.0460  -0.7248 0.0276  -1.0017 0.0574  0.0519  0.0674  0.0359  0.0452  -0.3923 -0.3067 -0.7811 0.0572  -0.5397 
0.1046  0.2433  0.2189  0.1782  0.0517  0.4058  0.2161  0.4513  0.1513  0.4201  0.2480  0.2333  0.2718  0.1831  0.2138  0.2028  -0.2132 0.4692  0.2474  0.3671  
-0.6836 -0.1771 0.0308  0.0225  0.1166  -0.3938 0.0302  -0.7597 0.0179  0.0097  0.0380  -0.5113 0.0450  0.0234  0.0297  0.0790  0.0830  0.2168  0.0379  0.0881  
-0.0289 -0.0607 0.3016  -0.4064 0.3113  0.4553  0.2988  0.0514  0.2272  0.3295  0.0238  0.3159  0.3518  0.2638  0.2964  0.0197  0.2399  0.1441  0.3294  0.4091  
0.2842  -0.1544 0.0877  0.0661  0.1026  0.2548  0.0861  0.3286  0.0535  0.1892  0.1053  0.0961  0.1214  0.0685  0.0848  0.1903  -0.2483 0.1009  0.1049  0.2064  
-0.7834 -0.9888 0.0632  0.0470  -0.9540 -0.3866 -0.4933 -1.5979 0.0377  -1.2879 -0.6418 0.0696  0.0894  0.0488  0.0610  -0.1479 -0.7752 -1.3235 -0.4692 0.0978  
0.2328  0.0951  0.0626  0.0465  0.2008  0.2042  0.0614  0.2783  0.0374  0.2855  0.0761  0.0690  0.0886  0.0483  0.0604  0.1457  0.1519  0.3174  0.0758  0.1598  
-0.3732 0.0851  0.0556  -0.5295 0.1845  0.1878  0.0545  -0.5323 -0.7704 -0.5121 0.0678  0.0614  0.0792  0.0428  0.0536  -0.0650 -0.3601 -0.0392 0.0675  -0.5763 
0.2125  -0.4566 0.0544  0.0402  0.1816  0.1849  0.0015  -0.6211 0.0322  -0.6036 -0.0645 -0.4974 0.0776  0.0418  0.0525  0.1296  -0.4893 -0.6678 0.0661  0.1428  
-0.0514 -0.8889 0.1200  0.1015  -0.2156 0.3210  -0.3757 -0.2130 0.0834  -0.4306 -0.0336 0.1426  0.1751  -0.6046 -0.1238 -0.1346 0.2630  -0.2227 0.1541  0.2725  
0.3246  -0.2880 0.1243  0.0957  0.2861  0.1670  0.1222  0.0907  0.0784  0.3074  0.1468  0.1351  0.1667  0.0989  0.1205  0.0966  -0.4111 0.1783  0.1463  0.2628  
0.4288  0.2882  0.2240  0.1829  0.2175  0.2081  -0.2021 0.4538  0.1556  0.2003  -0.1390 0.2384  0.2770  0.1878  0.2188  0.3568  0.3634  0.2951  0.2526  0.3521  
0.2215  0.0885  0.0579  0.0430  0.1900  0.1934  -0.5021 0.2668  0.0344  -0.0963 -0.1462 0.0639  0.0824  0.0446  0.0559  0.1367  0.1426  0.0125  -0.4786 -0.1739 
0.2204  0.1567  0.1188  0.0912  -0.2796 -0.3671 0.1168  0.3039  0.0746  -0.3009 -0.1680 0.1294  0.1601  0.0943  0.1152  0.0854  0.2457  -0.0403 0.1402  0.2551  
H 0.144 E 0.129    2.072   1.184   0.430   2.930   2.359   0.555   2.634   3.120   1.842   2.732   3.383  -0.788   3.713   3.003  -1.856
Kernel d0: 0.49 sigma: 0.05 SUM:    11.82 maxCount:   2.45 PSEUDO 400+0.5
0.0000  0.0000  0.0000  0.0000  0.0000  0.0000  0.0000  0.0000  0.0000  0.0000  0.0000  0.0000  0.0000  0.0000  0.0000  0.0000  0.0000  0.0000  0.0000  0.0000  
0.0000  0.0000  0.0000  0.0000  0.0000  0.0000  0.0000  0.0000  0.0000  0.0000  0.0000  0.0000  0.0000  0.0000  0.0000  0.0000  0.0000  0.0000  0.0000  0.0000  
0.0000  0.0000  0.0000  0.0000  0.0000  0.0000  0.0000  0.0000  0.0000  0.0000  0.0000  0.0000  0.0000  0.0000  0.0000  0.0000  0.0000  0.0000  0.0000  0.0000  
0.0000  0.0000  0.0000  0.0000  0.0000  0.0000  0.0000  0.0000  0.0000  0.0000  0.0000  0.0000  0.0000  0.0000  0.0000  0.0000  0.0000  0.0000  0.0000  0.0000  
0.0000  0.0000  0.0000  0.0000  0.0000  0.0000  0.0000  0.0000  0.0000  0.0000  0.0000  0.0000  0.0000  0.0000  0.0000  0.0000  0.0000  0.0000  0.0000  0.0000  
0.0000  0.0000  0.0000  0.0000  0.0000  0.0000  0.0000  0.0000  0.0000  0.0000  0.0000  0.0000  0.0000  0.0000  0.0000  0.0000  0.0000  0.0000  0.0000  0.0000  
0.0000  0.0000  0.0000  0.0000  0.0000  0.0000  0.0000  0.0000  0.0000  0.0000  0.0000  0.0000  0.0000  0.0000  0.0000  0.0000  0.0000  0.0000  0.0000  0.0000  
0.0000  0.0000  0.0000  0.0000  0.0000  0.0000  0.0000  0.0000  0.0000  0.0000  0.0000  0.0000  0.0000  0.0000  0.0000  0.0000  0.0000  0.0000  0.0000  0.0000  
0.0000  0.0000  0.0000  0.0000  0.0000  0.0000  0.0000  0.0000  0.0000  0.0000  0.0000  0.0000  0.0000  0.0000  0.0000  0.0000  0.0000  0.0000  0.0000  0.0000  
0.0000  0.0000  0.0000  0.0000  0.0000  0.0000  0.0000  0.0000  0.0000  0.0000  0.0000  0.0000  0.0000  0.0000  0.0000  0.0000  0.0000  0.0000  0.0000  0.0000  
0.0000  0.0000  0.0000  0.0000  0.0000  0.0000  0.0000  0.0000  0.0000  0.0000  0.0000  0.0000  0.0000  0.0000  0.0000  0.0000  0.0000  0.0000  0.0000  0.0000  
0.0000  0.0000  0.0000  0.0000  0.0000  0.0000  0.0000  0.0000  0.0000  0.0000  0.0000  0.0000  0.0000  0.0000  0.0000  0.0000  0.0000  0.0000  0.0000  0.0000  
0.0000  0.0000  0.0000  0.0000  0.0000  0.0000  0.0000  0.0000  0.0000  0.0000  0.0000  0.0000  0.0000  0.0000  0.0000  0.0000  0.0000  0.0000  0.0000  0.0000  
0.0000  0.0000  0.0000  0.0000  0.0000  0.0000  0.0000  0.0000  0.0000  0.0000  0.0000  0.0000  0.0000  0.0000  0.0000  0.0000  0.0000  0.0000  0.0000  0.0000  
0.0000  0.0000  0.0000  0.0000  0.0000  0.0000  0.0000  0.0000  0.0000  0.0000  0.0000  0.0000  0.0000  0.0000  0.0000  0.0000  0.0000  0.0000  0.0000  0.0000  
0.0000  0.0000  0.0000  0.0000  0.0000  0.0000  0.0000  0.0000  0.0000  0.0000  0.0000  0.0000  0.0000  0.0000  0.0000  0.0000  0.0000  0.0000  0.0000  0.0000  
0.0000  0.0000  0.0000  0.0000  0.0000  0.0000  0.0000  0.0000  0.0000  0.0000  0.0000  0.0000  0.0000  0.0000  0.0000  0.0000  0.0000  0.0000  0.0000  0.0000  
0.0000  0.0000  0.0000  0.0000  0.0000  0.0000  0.0000  0.0000  0.0000  0.0000  0.0000  0.0000  0.0000  0.0000  0.0000  0.0000  0.0000  0.0000  0.0000  0.0000  
0.0000  0.0000  0.0000  0.0000  0.0000  0.0000  0.0000  0.0000  0.0000  0.0000  0.0000  0.0000  0.0000  0.0000  0.0000  0.0000  0.0000  0.0000  0.0000  0.0000  
0.0000  0.0000  0.0000  0.0000  0.0000  0.0000  0.0000  0.0000  0.0000  0.0000  0.0000  0.0000  0.0000  0.0000  0.0000  0.0000  0.0000  0.0000  0.0000  0.0000  
H 0.144 E 0.129    2.090   1.168  -0.430   2.991   2.315  -0.498   2.466   3.369  -1.465   4.548   1.818  -0.966   5.355   1.485   0.254
Kernel d0: 0.49 sigma: 0.05 SUM:    68.74 maxCount:   2.72 PSEUDO 400+0.5
-0.0811 0.0193  0.0296  0.0203  0.0466  -0.0648 0.0292  0.0649  0.0189  0.0776  -0.0321 0.0322  0.0394  0.0180  0.0288  0.0571  0.0588  0.0771  -0.0238 0.0497  
0.0235  0.0076  0.0048  0.0035  0.0191  0.0196  0.0047  0.0279  0.0028  -0.0143 0.0059  0.0053  0.0070  0.0036  0.0046  0.0126  -0.0034 0.0246  0.0059  0.0112  
-0.1509 0.0057  0.0036  0.0026  0.0147  -0.1432 0.0035  0.0209  -0.1730 0.0253  -0.0909 0.0040  0.0053  0.0027  0.0034  0.0096  -0.0225 0.0242  0.0044  0.0108  
0.0182  0.0057  0.0035  0.0026  0.0146  -0.1590 0.0035  0.0241  0.0020  0.0212  0.0044  0.0039  0.0052  0.0027  -0.0147 0.0095  -0.0030 0.0304  0.0044  0.0107  
-0.2286 0.0191  0.0125  0.0092  -0.1042 -0.2273 0.0122  0.0573  0.0074  0.0542  0.0152  0.0138  0.0177  -0.0204 0.0120  -0.1397 0.0177  0.0629  0.0151  0.0325  
-0.2212 0.0180  0.0117  0.0087  -0.0587 0.0401  0.0115  -0.0761 0.0069  -0.0652 0.0143  0.0129  0.0167  0.0090  -0.1920 -0.0522 -0.0251 0.0287  0.0142  -0.1191 
0.0125  0.0049  -0.1291 0.0022  -0.0062 0.0132  0.0030  0.0083  0.0018  0.0045  0.0038  0.0034  0.0046  0.0023  0.0030  -0.1512 -0.1252 -0.0146 0.0038  -0.1721 
-0.0693 0.0284  0.0192  0.0145  0.0023  0.0560  0.0189  0.0721  0.0117  0.0735  0.0231  0.0211  0.0267  0.0150  0.0186  0.0291  -0.0969 0.0799  0.0230  0.0453  
-0.0188 -0.0205 0.0020  0.0014  0.0085  -0.0029 0.0019  -0.0733 0.0011  0.0127  0.0025  -0.1826 0.0029  0.0015  0.0019  0.0054  0.0057  0.0190  0.0025  0.0062  
-0.0353 0.0440  0.0316  -0.0025 0.0730  0.0737  0.0311  0.0503  0.0203  0.0885  0.0341  0.0342  0.0417  0.0254  0.0307  0.0490  0.0613  0.0928  0.0369  0.0634  
0.0286  0.0056  0.0061  0.0045  0.0236  0.0241  0.0060  0.0367  0.0035  0.0381  0.0076  0.0068  0.0090  0.0046  0.0059  0.0158  -0.0147 0.0400  0.0075  0.0177  
-0.1673 -0.0076 0.0042  0.0031  -0.1091 -0.1344 -0.0496 -0.3355 0.0024  -0.0216 -0.0115 0.0047  0.0063  0.0032  0.0041  -0.1679 -0.2123 -0.0744 0.0052  0.0127  
0.0210  0.0067  0.0042  0.0030  0.0170  0.0175  0.0041  0.0277  0.0024  0.0289  0.0052  0.0047  0.0062  0.0032  0.0040  0.0112  0.0118  0.0345  0.0052  0.0126  
0.0092  0.0059  0.0037  -0.0171 0.0152  0.0156  0.0036  0.0138  -0.0209 -0.0379 0.0046  0.0041  0.0055  0.0028  0.0036  0.0072  0.0104  0.0314  0.0046  0.0060  
0.0185  0.0058  0.0036  0.0026  0.0149  0.0152  0.0035  0.0245  0.0021  -0.0098 -0.1566 0.0040  0.0053  0.0027  0.0035  0.0097  -0.1635 -0.0006 0.0045  0.0109  
-0.1909 0.0153  -0.1718 0.0072  -0.0126 0.0352  0.0051  -0.0302 0.0058  -0.2359 -0.0077 0.0109  0.0142  -0.0355 0.0095  0.0096  0.0253  0.0371  0.0120  0.0268  
-0.0980 0.0106  0.0092  0.0068  0.0328  -0.1107 0.0090  0.0298  0.0054  0.0111  0.0113  0.0102  0.0133  0.0070  0.0089  -0.0232 -0.1162 -0.0323 0.0113  0.0253  
0.0635  0.0293  0.0199  0.0150  0.0563  0.0044  -0.0448 0.0731  0.0122  0.0109  0.0239  0.0218  0.0275  0.0156  0.0192  0.0429  0.0444  0.0808  0.0238  0.0464  
0.0196  0.0062  0.0039  0.0028  0.0158  0.0162  -0.0164 0.0259  0.0022  0.0109  -0.0310 0.0043  0.0057  0.0029  0.0037  0.0103  0.0109  0.0325  0.0048  -0.1673 
0.0356  0.0136  0.0087  0.0064  0.0314  -0.2148 0.0085  0.0255  0.0051  0.0224  0.0080  0.0097  0.0126  0.0067  0.0084  0.0217  0.0228  -0.0654 0.0107  0.0241  
H 0.144 E 0.129    2.145   1.128  -0.207   3.067   2.260  -0.229   3.665   2.453  -1.618   4.306   2.039   0.914   3.888   2.636   2.225
Kernel d0: 0.49 sigma: 0.05 SUM:   299.64 maxCount:  12.61 PSEUDO 400+0.5
0.1609  0.0722  0.2919  -0.1514 0.0127  0.0474  0.2890  0.1707  0.2173  0.3580  -0.3815 -0.0683 0.3431  -0.1406 0.2866  0.2461  0.4166  0.1139  0.1481  0.0358  
0.2521  0.1070  0.0711  0.0531  -0.3555 0.2229  0.0698  -0.0494 0.0427  -0.2823 0.0860  0.0782  0.0999  0.0551  0.0687  0.1616  -0.2417 -0.3146 0.0857  -0.6083 
-0.2232 0.0833  0.0543  -0.2874 -0.9139 -0.2414 -0.5111 -0.5089 -0.5391 0.2649  -0.2309 0.0600  0.0775  0.0418  0.0524  0.1296  -0.0612 -0.8266 0.0660  -0.3723 
0.2115  0.0827  0.0539  0.0399  -0.2829 -0.0902 0.0529  -0.0791 0.0319  -0.3967 0.0658  0.0596  0.0770  0.0414  -0.1739 0.1287  -0.7700 -0.2695 0.0655  0.1418  
0.0444  0.2189  0.1597  0.1255  0.0049  -0.2343 0.1573  0.1045  0.1041  0.0560  0.1857  0.1724  0.2080  -0.3760 0.1553  -0.1399 0.0995  0.0708  0.1852  0.3081  
-0.3969 0.2102  0.1522  0.1191  -0.4703 0.3463  0.1499  -0.2783 0.0985  -0.0959 0.1776  -0.1776 0.1995  0.1229  0.1278  0.2727  -0.0113 0.0396  0.1771  -0.0456 
-0.2587 0.0731  -0.5168 0.0349  -0.2485 0.1670  0.0464  -0.7268 0.0279  -1.0031 0.0579  0.0523  0.0679  0.0362  0.0456  -0.3923 -0.3209 -0.7725 0.0577  -0.5664 
0.1016  0.2555  0.2204  0.1795  0.0535  0.4076  0.2176  0.4531  0.1524  0.4222  0.2496  0.2348  0.2735  0.1844  0.2153  0.2043  -0.2140 0.4710  0.2490  0.3689  
-0.6855 -0.1774 0.0311  0.0227  0.1175  -0.3945 0.0305  -0.7621 0.0181  0.0103  0.0384  -0.5190 0.0453  0.0236  0.0300  0.0796  0.0837  0.2183  0.0382  0.0889  
-0.0196 -0.0592 0.3034  -0.4067 0.3155  0.4572  0.3005  0.0523  0.2287  0.3313  0.0252  0.3176  0.3536  0.2654  0.2981  0.0204  0.2422  0.1532  0.3312  0.4159  
0.2859  -0.1541 0.0884  0.0667  0.1058  0.2564  0.0868  0.3304  0.0540  0.2024  0.1061  0.0969  0.1223  0.0691  0.0855  0.1916  -0.2488 0.1023  0.1058  0.2078  
-0.7888 -0.9910 0.0637  0.0474  -0.9676 -0.3856 -0.4957 -1.6001 0.0380  -1.2894 -0.6434 0.0702  0.0901  0.0492  0.0615  -0.2481 -0.7775 -1.3252 -0.4704 0.1037  
0.2343  0.0959  0.0631  0.0469  0.2022  0.2056  0.0619  0.2800  0.0377  0.2872  0.0767  0.0696  0.0894  0.0487  0.0609  0.1468  0.1530  0.3192  0.0764  0.1610  
-0.3744 0.0858  0.0561  -0.5316 0.1858  0.1891  0.0550  -0.5319 -0.7737 -0.5123 0.0683  0.0619  0.0799  0.0431  0.0541  -0.0648 -0.3606 -0.0378 0.0681  -0.5777 
0.2139  -0.4560 0.0549  0.0406  0.1829  0.1862  0.0186  -0.6058 0.0325  -0.6034 -0.1380 -0.4987 0.0782  0.0422  0.0529  0.1306  -0.5333 -0.6686 0.0666  0.1439  
-0.0757 -0.8909 0.0996  0.1023  -0.2150 0.3227  -0.3764 -0.2102 0.0841  -0.4366 -0.0334 0.1437  0.1764  -0.6063 -0.1266 -0.1341 0.2646  -0.2117 0.1553  0.2741  
0.3133  -0.2887 0.1252  0.0964  0.3005  0.1041  0.1232  0.1011  0.0790  0.3099  0.1479  0.1362  0.1679  0.0997  0.1214  0.0979  -0.4172 0.1799  0.1474  0.2645  
0.4306  0.2899  0.2255  0.1842  0.2314  0.2092  -0.2023 0.4557  0.1567  0.2031  -0.1380 0.2400  0.2787  0.1891  0.2203  0.3586  0.3653  0.3072  0.2542  0.3570  
0.2230  0.0892  0.0584  0.0433  0.1914  0.1948  -0.5045 0.2684  0.0347  -0.0957 -0.1479 0.0645  0.0831  0.0450  0.0564  0.1377  0.1437  0.0185  -0.4785 -0.2155 
0.2220  0.1577  0.1197  0.0919  -0.2689 -0.3693 0.1177  0.3053  0.0752  -0.3046 -0.1624 0.1303  0.1612  0.0951  0.1161  0.0846  0.2472  -0.0420 0.1412  0.2567  
H 0.144 E 0.129    2.145   1.149   0.178   3.006   2.318   0.340   4.183   2.271  -0.627   3.569   2.423   1.941   2.611   3.239   2.756
Kernel d0: 0.49 sigma: 0.05 SUM:   255.92 maxCount:  10.49 PSEUDO 400+0.5
0.2333  0.0714  0.2409  -0.1668 -0.0885 0.0924  -0.0107 0.1309  0.1762  0.3086  -0.2555 -0.1542 0.2867  -0.1545 0.2362  0.0445  0.3544  0.0576  0.2371  -0.0065 
0.2061  0.0845  0.0556  0.0414  -0.3776 0.1809  0.0546  -0.0761 0.0332  -0.2447 0.0676  0.0613  0.0787  0.0430  0.0537  0.1292  -0.2097 -0.3402 0.0673  -0.5906 
0.0185  0.0654  0.0424  -0.2656 -0.8969 0.1342  -0.4796 -0.5031 -0.0428 0.2172  0.0425  0.0468  0.0608  0.0324  0.0408  0.1028  0.0213  -0.8344 0.0516  -0.3685 
0.1712  0.0649  0.0420  0.0310  -0.2897 0.1479  0.0412  -0.1047 0.0248  -0.4065 0.0514  0.0465  0.0603  0.0322  -0.1043 0.1022  -0.7271 -0.2971 0.0512  0.1129  
0.0402  0.1775  0.1277  0.0995  0.1268  0.1554  0.1257  0.0405  0.0821  -0.0103 0.1494  0.1383  0.1683  -0.2230 0.1240  0.1822  0.0909  0.0219  0.1490  0.2553  
-0.1421 0.1701  0.1215  0.0943  -0.4154 0.2896  0.1195  -0.1749 0.0776  0.0525  0.1426  -0.1870 0.1611  0.0974  0.1179  0.2324  -0.0434 0.0377  0.1422  -0.0807 
-0.2569 0.0573  -0.1014 0.0271  -0.2010 0.1337  0.0361  -0.6985 0.0216  -0.9734 0.0452  0.0408  0.0531  0.0281  0.0355  0.0411  0.0374  -0.7390 0.0450  -0.3740 
0.2767  -0.0850 0.1788  0.1442  0.0331  0.3460  0.1764  0.3889  0.1216  0.3584  0.2039  0.1912  0.2247  0.1483  0.1744  0.1851  -0.0349 0.4060  0.2034  0.3102  
-0.6169 -0.0760 0.0241  0.0176  0.0930  -0.3513 0.0236  -0.6252 0.0140  -0.0071 0.0298  0.0034  0.0353  0.0183  0.0232  0.0625  0.0657  0.1770  0.0297  0.0699  
-0.0705 -0.1535 0.2511  -0.3757 0.1489  0.3927  0.2485  0.0385  0.1859  0.2694  0.0105  0.2638  0.2963  0.2177  0.2465  -0.0104 0.1850  0.0769  0.2760  0.2801  
0.2356  -0.1396 0.0695  0.0521  0.0663  0.2098  0.0682  0.2753  0.0421  0.0373  0.0838  0.0763  0.0969  0.0541  0.0671  0.1544  -0.1901 0.0633  0.0835  0.1681  
-0.7323 -0.9258 0.0498  0.0369  -0.8492 -0.0843 -0.3475 -1.4452 0.0295  -1.2515 -0.5698 0.0549  0.0708  0.0383  0.0480  0.1179  -0.4050 -1.2572 -0.4435 -0.1182 
0.1907  0.0755  0.0493  0.0365  0.1633  0.1662  0.0484  0.2304  0.0293  0.2368  0.0601  0.0545  0.0703  0.0379  0.0476  0.1170  0.1221  0.2652  0.0599  0.1287  
-0.3550 0.0674  0.0437  -0.4573 0.1495  0.1523  0.0429  -0.5250 -0.6825 -0.4303 0.0535  0.0483  0.0626  0.0335  0.0422  -0.0702 -0.3510 -0.0751 0.0532  -0.5533 
0.1733  -0.4368 0.0428  0.0315  0.1470  0.1498  -0.1630 -0.6801 0.0252  -0.5627 0.0523  -0.4704 0.0613  0.0328  0.0412  0.1037  -0.1614 -0.6431 0.0521  0.1146  
0.1404  -0.8751 0.1051  0.0807  -0.1874 0.2684  -0.3573 -0.1209 0.0660  -0.2367 0.0028  0.1145  0.1416  -0.5082 -0.1630 -0.1312 0.2170  -0.2541 0.1240  0.2253  
0.2851  -0.2826 0.0993  0.0759  -0.0449 0.2601  0.0976  0.0643  0.0620  0.3248  0.1179  0.1083  0.1345  0.0786  0.0962  0.1849  -0.1866 0.2343  0.1175  0.2168  
0.3676  0.2391  0.1832  0.1481  0.1481  0.2454  -0.0841 0.3913  0.1252  0.2451  -0.1620 0.1956  0.2293  0.1523  0.1787  0.3008  0.3069  0.2121  0.2079  0.2756  
0.1810  0.0701  0.0456  0.0337  0.1542  0.1570  -0.4082 0.2203  0.0269  -0.0937 -0.0224 0.0504  0.0652  0.0350  0.0440  0.1095  0.1144  -0.0640 -0.4572 0.1208  
0.1779  -0.0921 0.0948  0.0723  -0.3202 0.0860  0.0932  0.2926  0.0589  -0.3935 -0.1728 0.1035  0.1290  0.0748  0.0918  0.0556  0.2019  0.0875  0.1124  0.2101  
H 0.144 E 0.129    1.939   1.260   0.761   2.795   2.438   0.879   2.186   3.466   1.825   3.056   3.135  -0.650   4.280   2.531  -1.272
Kernel d0: 0.49 sigma: 0.05 SUM:     7.16 maxCount:   1.23 PSEUDO 400+0.5
0.0000  0.0000  0.0000  0.0000  0.0000  0.0000  0.0000  0.0000  0.0000  0.0000  0.0000  0.0000  0.0000  0.0000  0.0000  0.0000  0.0000  0.0000  0.0000  0.0000  
0.0000  0.0000  0.0000  0.0000  0.0000  0.0000  0.0000  0.0000  0.0000  0.0000  0.0000  0.0000  0.0000  0.0000  0.0000  0.0000  0.0000  0.0000  0.0000  0.0000  
0.0000  0.0000  0.0000  0.0000  0.0000  0.0000  0.0000  0.0000  0.0000  0.0000  0.0000  0.0000  0.0000  0.0000  0.0000  0.0000  0.0000  0.0000  0.0000  0.0000  
0.0000  0.0000  0.0000  0.0000  0.0000  0.0000  0.0000  0.0000  0.0000  0.0000  0.0000  0.0000  0.0000  0.0000  0.0000  0.0000  0.0000  0.0000  0.0000  0.0000  
0.0000  0.0000  0.0000  0.0000  0.0000  0.0000  0.0000  0.0000  0.0000  0.0000  0.0000  0.0000  0.0000  0.0000  0.0000  0.0000  0.0000  0.0000  0.0000  0.0000  
0.0000  0.0000  0.0000  0.0000  0.0000  0.0000  0.0000  0.0000  0.0000  0.0000  0.0000  0.0000  0.0000  0.0000  0.0000  0.0000  0.0000  0.0000  0.0000  0.0000  
0.0000  0.0000  0.0000  0.0000  0.0000  0.0000  0.0000  0.0000  0.0000  0.0000  0.0000  0.0000  0.0000  0.0000  0.0000  0.0000  0.0000  0.0000  0.0000  0.0000  
0.0000  0.0000  0.0000  0.0000  0.0000  0.0000  0.0000  0.0000  0.0000  0.0000  0.0000  0.0000  0.0000  0.0000  0.0000  0.0000  0.0000  0.0000  0.0000  0.0000  
0.0000  0.0000  0.0000  0.0000  0.0000  0.0000  0.0000  0.0000  0.0000  0.0000  0.0000  0.0000  0.0000  0.0000  0.0000  0.0000  0.0000  0.0000  0.0000  0.0000  
0.0000  0.0000  0.0000  0.0000  0.0000  0.0000  0.0000  0.0000  0.0000  0.0000  0.0000  0.0000  0.0000  0.0000  0.0000  0.0000  0.0000  0.0000  0.0000  0.0000  
0.0000  0.0000  0.0000  0.0000  0.0000  0.0000  0.0000  0.0000  0.0000  0.0000  0.0000  0.0000  0.0000  0.0000  0.0000  0.0000  0.0000  0.0000  0.0000  0.0000  
0.0000  0.0000  0.0000  0.0000  0.0000  0.0000  0.0000  0.0000  0.0000  0.0000  0.0000  0.0000  0.0000  0.0000  0.0000  0.0000  0.0000  0.0000  0.0000  0.0000  
0.0000  0.0000  0.0000  0.0000  0.0000  0.0000  0.0000  0.0000  0.0000  0.0000  0.0000  0.0000  0.0000  0.0000  0.0000  0.0000  0.0000  0.0000  0.0000  0.0000  
0.0000  0.0000  0.0000  0.0000  0.0000  0.0000  0.0000  0.0000  0.0000  0.0000  0.0000  0.0000  0.0000  0.0000  0.0000  0.0000  0.0000  0.0000  0.0000  0.0000  
0.0000  0.0000  0.0000  0.0000  0.0000  0.0000  0.0000  0.0000  0.0000  0.0000  0.0000  0.0000  0.0000  0.0000  0.0000  0.0000  0.0000  0.0000  0.0000  0.0000  
0.0000  0.0000  0.0000  0.0000  0.0000  0.0000  0.0000  0.0000  0.0000  0.0000  0.0000  0.0000  0.0000  0.0000  0.0000  0.0000  0.0000  0.0000  0.0000  0.0000  
0.0000  0.0000  0.0000  0.0000  0.0000  0.0000  0.0000  0.0000  0.0000  0.0000  0.0000  0.0000  0.0000  0.0000  0.0000  0.0000  0.0000  0.0000  0.0000  0.0000  
0.0000  0.0000  0.0000  0.0000  0.0000  0.0000  0.0000  0.0000  0.0000  0.0000  0.0000  0.0000  0.0000  0.0000  0.0000  0.0000  0.0000  0.0000  0.0000  0.0000  
0.0000  0.0000  0.0000  0.0000  0.0000  0.0000  0.0000  0.0000  0.0000  0.0000  0.0000  0.0000  0.0000  0.0000  0.0000  0.0000  0.0000  0.0000  0.0000  0.0000  
0.0000  0.0000  0.0000  0.0000  0.0000  0.0000  0.0000  0.0000  0.0000  0.0000  0.0000  0.0000  0.0000  0.0000  0.0000  0.0000  0.0000  0.0000  0.0000  0.0000  
H 0.144 E 0.129    2.152   1.146   0.156   3.023   2.318   0.156   3.060   2.974  -1.220   4.595   1.890   0.640   4.713   2.025   2.129
Kernel d0: 0.49 sigma: 0.05 SUM:   246.15 maxCount:  11.93 PSEUDO 400+0.5
0.0259  0.0200  0.2293  -0.1555 0.0787  0.0523  0.2268  0.2074  0.1669  0.3024  -0.4075 0.2285  0.2737  -0.1551 0.2248  0.2545  0.3399  0.1331  0.0910  0.1935  
0.1957  0.0795  0.0523  0.0388  -0.0463 0.1715  0.0513  -0.0700 0.0311  -0.1069 0.0635  0.0576  0.0741  0.0403  0.0504  0.1220  -0.2313 -0.2141 0.0633  -0.5584 
-0.2974 0.0615  0.0397  -0.2261 -0.5751 -0.2840 -0.3347 -0.3840 -0.5021 0.2064  -0.2358 0.0440  0.0571  0.0304  0.0383  0.0969  -0.0767 -0.5912 0.0485  -0.1418 
0.1621  0.0610  0.0394  0.0290  -0.1154 -0.2851 0.0387  -0.0611 0.0232  -0.3084 0.0483  0.0436  0.0567  0.0302  -0.1628 0.0963  -0.6474 -0.0242 0.0481  0.1065  
-0.2324 0.1682  0.1206  0.0937  -0.1364 -0.3612 0.1187  0.2053  0.0773  0.1324  0.1413  0.1306  0.1593  -0.3665 0.1171  -0.2699 0.0509  0.1593  0.1409  0.2432  
-0.4431 0.1611  0.1147  0.0888  -0.3176 0.2766  0.1128  -0.2731 0.0730  -0.1537 0.1348  -0.1009 0.1524  0.0918  -0.2721 0.0586  0.0268  0.0311  0.1344  -0.1569 
-0.2389 0.0538  -0.4823 0.0254  -0.2245 0.1263  0.0339  -0.5972 0.0202  -0.8679 0.0424  0.0383  0.0499  0.0264  0.0333  -0.3888 -0.3157 -0.5998 0.0422  -0.3705 
0.0325  0.2232  0.1694  0.1363  -0.0049 0.3317  0.1671  0.3739  0.1148  0.3640  0.1936  0.1813  0.2136  0.1402  0.1652  0.1428  -0.2460 0.3909  0.1931  0.2967  
-0.6466 -0.1669 0.0226  0.0165  0.0876  -0.3729 0.0221  -0.6717 0.0131  -0.0136 0.0279  -0.4992 0.0331  0.0171  0.0218  0.0587  0.0617  0.1677  0.0278  0.0657  
-0.0637 0.0002  0.2391  -0.4132 0.2931  0.3778  0.2367  0.0337  0.1763  0.2881  0.0073  0.2515  0.2831  0.2068  0.2347  -0.0222 0.2367  0.3009  0.2633  0.3526  
0.2242  -0.1545 0.0653  0.0489  0.1489  0.1993  0.0641  0.2626  0.0395  0.2643  0.0789  0.0718  0.0913  0.0508  0.0631  0.1461  -0.2579 0.0506  0.0786  0.1591  
-0.8818 -0.6773 0.0467  0.0346  -0.6457 -0.3742 -0.4593 -1.5475 0.0277  -1.2057 -0.5927 0.0516  0.0666  0.0359  0.0451  -0.3397 -0.7417 -1.1064 -0.3808 0.1224  
0.1809  0.0710  0.0463  0.0343  0.1546  0.1574  0.0454  0.2191  0.0274  0.2253  0.0565  0.0511  0.0661  0.0356  0.0447  0.1104  0.1153  0.2528  0.0563  0.1216  
-0.3598 0.0634  0.0410  -0.4840 0.1413  0.1440  0.0402  -0.4463 -0.6874 -0.4955 0.0502  0.0454  0.0589  0.0314  0.0396  -0.0743 -0.3133 0.1100  0.0500  -0.4757 
0.1641  -0.2852 0.0401  0.0296  0.1390  0.1417  0.0393  -0.2256 0.0236  -0.3968 -0.3855 -0.3837 0.0576  0.0307  0.0387  0.0978  -0.5137 -0.5922 0.0489  0.1081  
-0.2753 -0.5513 -0.2366 0.0759  0.0121  0.2559  -0.3386 -0.1959 0.0621  -0.4300 -0.0538 0.1080  0.1338  -0.5673 0.0960  -0.1610 0.2062  -0.0865 0.1171  0.2142  
0.0019  -0.2665 0.0936  0.0714  0.2448  -0.0569 0.0920  0.0756  0.0582  0.2318  0.1112  0.1021  0.1270  0.0739  0.0906  0.0513  -0.4273 0.1153  0.1109  0.2060  
0.3529  0.2276  0.1736  0.1400  0.3285  0.1419  -0.2221 0.3764  0.1182  0.1651  -0.1032 0.1856  0.2181  0.1440  0.1694  0.2875  0.2934  0.3845  0.1974  0.3006  
0.1715  0.0659  0.0428  0.0316  0.1458  0.1486  -0.4609 0.2094  0.0253  -0.1273 -0.1438 0.0473  0.0613  0.0328  0.0413  0.1033  0.1079  0.2432  -0.1664 -0.3352 
0.1627  0.1295  0.0893  0.0680  0.1935  -0.4030 0.0878  0.2361  0.0553  -0.1988 -0.0303 0.0975  0.1218  0.0704  0.0865  0.0873  0.1916  -0.1015 0.1060  0.1995  
H 0.144 E 0.129    2.127   1.157  -0.186   3.027   2.294  -0.350   3.734   2.245  -1.699   4.170   2.332   0.907   3.635   3.149   2.046
Kernel d0: 0.49 sigma: 0.05 SUM:   296.77 maxCount:  12.49 PSEUDO 400+0.5
0.1925  0.0696  0.2885  -0.1532 0.0074  0.0456  0.2730  0.1672  0.2146  0.3541  -0.3775 -0.1146 0.3394  -0.1422 0.2833  0.1924  0.4126  0.1016  0.1497  0.0296  
0.2490  0.1054  0.0700  0.0523  -0.3650 0.2201  0.0687  -0.0518 0.0421  -0.2858 0.0848  0.0771  0.0985  0.0543  0.0676  0.1594  -0.2421 -0.3215 0.0845  -0.6075 
-0.0954 0.0821  0.0535  -0.2863 -0.9153 -0.1886 -0.5098 -0.5101 -0.5082 0.2617  -0.1809 0.0591  0.0764  0.0411  0.0516  0.1278  -0.0600 -0.8280 0.0650  -0.3726 
0.2088  0.0815  0.0531  0.0393  -0.2840 0.0690  0.0521  -0.0813 0.0314  -0.3979 0.0648  0.0587  0.0758  0.0408  -0.1731 0.1269  -0.7687 -0.2725 0.0646  0.1399  
0.0764  0.2161  0.1576  0.1237  0.0849  -0.1766 0.1552  0.0879  0.1026  0.0366  0.1833  0.1701  0.2054  -0.3706 0.1532  -0.0663 0.0975  0.0669  0.1827  0.3046  
-0.3713 0.2075  0.1502  0.1174  -0.4955 0.3426  0.1478  -0.2611 0.0971  -0.0936 0.1752  -0.1787 0.1969  0.1212  0.1459  0.2789  -0.0161 0.0371  0.1747  -0.0482 
-0.2583 0.0721  -0.4990 0.0343  -0.2475 0.1647  0.0457  -0.7267 0.0274  -1.0032 0.0570  0.0516  0.0669  0.0357  0.0449  -0.3550 -0.3081 -0.7774 0.0568  -0.5251 
0.1098  0.1628  0.2176  0.1771  0.0468  0.4036  0.2148  0.4490  0.1503  0.4179  0.2465  0.2319  0.2703  0.1820  0.2125  0.2013  -0.2079 0.4668  0.2460  0.3651  
-0.6838 -0.1739 0.0306  0.0224  0.1159  -0.3924 0.0300  -0.7575 0.0178  0.0087  0.0378  -0.4408 0.0446  0.0233  0.0295  0.0785  0.0824  0.2155  0.0376  0.0876  
-0.0257 -0.0976 0.2999  -0.4076 0.2951  0.4530  0.2971  0.0491  0.2259  0.3273  0.0268  0.3141  0.3499  0.2623  0.2947  0.0173  0.2377  0.1372  0.3276  0.3855  
0.2826  -0.1528 0.0871  0.0657  0.1013  0.2533  0.0855  0.3268  0.0531  0.1364  0.1046  0.0955  0.1206  0.0681  0.0842  0.1891  -0.2486 0.0994  0.1042  0.2051  
-0.7781 -0.9888 0.0627  0.0466  -0.9699 -0.3501 -0.4928 -1.5919 0.0374  -1.2895 -0.6399 0.0692  0.0888  0.0484  0.0606  -0.0855 -0.7155 -1.3264 -0.4684 0.0103  
0.2314  0.0945  0.0622  0.0462  0.1996  0.2030  0.0610  0.2767  0.0371  0.2838  0.0756  0.0686  0.0881  0.0480  0.0600  0.1448  0.1509  0.3157  0.0753  0.1588  
-0.3750 0.0846  0.0552  -0.5293 0.1833  0.1866  0.0541  -0.5314 -0.7705 -0.5114 0.0673  0.0610  0.0787  0.0425  0.0533  -0.0656 -0.3600 -0.0416 0.0671  -0.5770 
0.2112  -0.4563 0.0540  0.0400  0.1805  0.1837  -0.0403 -0.6556 0.0320  -0.6041 0.0018  -0.4972 0.0771  0.0415  0.0521  0.1288  -0.4950 -0.6695 0.0657  0.1419  
0.0081  -0.8906 0.1305  0.1009  -0.2187 0.3192  -0.3753 -0.2035 0.0829  -0.3977 -0.0340 0.1417  0.1740  -0.6039 -0.1478 -0.1354 0.2614  -0.2281 0.1532  0.2709  
0.3309  -0.2893 0.1235  0.0950  0.2759  0.2407  0.1214  0.0759  0.0779  0.3263  0.1458  0.1343  0.1656  0.0983  0.1197  0.1041  -0.4100 0.1839  0.1454  0.2613  
0.4265  0.2865  0.2227  0.1817  0.2075  0.2067  -0.2018 0.4515  0.1546  0.2073  -0.1398 0.2370  0.2754  0.1867  0.2175  0.3548  0.3615  0.2777  0.2511  0.3379  
0.2202  0.0879  0.0576  0.0427  0.1889  0.1922  -0.5027 0.2652  0.0342  -0.0972 -0.1438 0.0635  0.0818  0.0443  0.0555  0.1358  0.1417  -0.0144 -0.4791 -0.0312 
0.2189  0.1103  0.1180  0.0906  -0.2878 -0.3297 0.1160  0.3023  0.0741  -0.3626 -0.1705 0.1285  0.1591  0.0937  0.1144  0.0818  0.2442  -0.0287 0.1393  0.2536  
H 0.144 E 0.129    2.021   1.192  -0.706   2.723   2.444  -0.972   1.787   3.479  -1.584   4.048   2.174  -2.002   5.267   1.874  -1.182
Kernel d0: 0.49 sigma: 0.05 SUM:    19.22 maxCount:   1.72 PSEUDO 400+0.5
0.0000  0.0000  0.0000  0.0000  0.0000  0.0000  0.0000  0.0000  0.0000  0.0000  0.0000  0.0000  0.0000  0.0000  0.0000  0.0000  0.0000  0.0000  0.0000  0.0000  
0.0000  0.0000  0.0000  0.0000  0.0000  0.0000  0.0000  0.0000  0.0000  0.0000  0.0000  0.0000  0.0000  0.0000  0.0000  0.0000  0.0000  0.0000  0.0000  0.0000  
0.0000  0.0000  0.0000  0.0000  0.0000  0.0000  0.0000  0.0000  0.0000  0.0000  0.0000  0.0000  0.0000  0.0000  0.0000  0.0000  0.0000  0.0000  0.0000  0.0000  
0.0000  0.0000  0.0000  0.0000  0.0000  0.0000  0.0000  0.0000  0.0000  0.0000  0.0000  0.0000  0.0000  0.0000  0.0000  0.0000  0.0000  0.0000  0.0000  0.0000  
0.0000  0.0000  0.0000  0.0000  0.0000  0.0000  0.0000  0.0000  0.0000  0.0000  0.0000  0.0000  0.0000  0.0000  0.0000  0.0000  0.0000  0.0000  0.0000  0.0000  
0.0000  0.0000  0.0000  0.0000  0.0000  0.0000  0.0000  0.0000  0.0000  0.0000  0.0000  0.0000  0.0000  0.0000  0.0000  0.0000  0.0000  0.0000  0.0000  0.0000  
0.0000  0.0000  0.0000  0.0000  0.0000  0.0000  0.0000  0.0000  0.0000  0.0000  0.0000  0.0000  0.0000  0.0000  0.0000  0.0000  0.0000  0.0000  0.0000  0.0000  
0.0000  0.0000  0.0000  0.0000  0.0000  0.0000  0.0000  0.0000  0.0000  0.0000  0.0000  0.0000  0.0000  0.0000  0.0000  0.0000  0.0000  0.0000  0.0000  0.0000  
0.0000  0.0000  0.0000  0.0000  0.0000  0.0000  0.0000  0.0000  0.0000  0.0000  0.0000  0.0000  0.0000  0.0000  0.0000  0.0000  0.0000  0.0000  0.0000  0.0000  
0.0000  0.0000  0.0000  0.0000  0.0000  0.0000  0.0000  0.0000  0.0000  0.0000  0.0000  0.0000  0.0000  0.0000  0.0000  0.0000  0.0000  0.0000  0.0000  0.0000  
0.0000  0.0000  0.0000  0.0000  0.0000  0.0000  0.0000  0.0000  0.0000  0.0000  0.0000  0.0000  0.0000  0.0000  0.0000  0.0000  0.0000  0.0000  0.0000  0.0000  
0.0000  0.0000  0.0000  0.0000  0.0000  0.0000  0.0000  0.0000  0.0000  0.0000  0.0000  0.0000  0.0000  0.0000  0.0000  0.0000  0.0000  0.0000  0.0000  0.0000  
0.0000  0.0000  0.0000  0.0000  0.0000  0.0000  0.0000  0.0000  0.0000  0.0000  0.0000  0.0000  0.0000  0.0000  0.0000  0.0000  0.0000  0.0000  0.0000  0.0000  
0.0000  0.0000  0.0000  0.0000  0.0000  0.0000  0.0000  0.0000  0.0000  0.0000  0.0000  0.0000  0.0000  0.0000  0.0000  0.0000  0.0000  0.0000  0.0000  0.0000  
0.0000  0.0000  0.0000  0.0000  0.0000  0.0000  0.0000  0.0000  0.0000  0.0000  0.0000  0.0000  0.0000  0.0000  0.0000  0.0000  0.0000  0.0000  0.0000  0.0000  
0.0000  0.0000  0.0000  0.0000  0.0000  0.0000  0.0000  0.0000  0.0000  0.0000  0.0000  0.0000  0.0000  0.0000  0.0000  0.0000  0.0000  0.0000  0.0000  0.0000  
0.0000  0.0000  0.0000  0.0000  0.0000  0.0000  0.0000  0.0000  0.0000  0.0000  0.0000  0.0000  0.0000  0.0000  0.0000  0.0000  0.0000  0.0000  0.0000  0.0000  
0.0000  0.0000  0.0000  0.0000  0.0000  0.0000  0.0000  0.0000  0.0000  0.0000  0.0000  0.0000  0.0000  0.0000  0.0000  0.0000  0.0000  0.0000  0.0000  0.0000  
0.0000  0.0000  0.0000  0.0000  0.0000  0.0000  0.0000  0.0000  0.0000  0.0000  0.0000  0.0000  0.0000  0.0000  0.0000  0.0000  0.0000  0.0000  0.0000  0.0000  
0.0000  0.0000  0.0000  0.0000  0.0000  0.0000  0.0000  0.0000  0.0000  0.0000  0.0000  0.0000  0.0000  0.0000  0.0000  0.0000  0.0000  0.0000  0.0000  0.0000  
H 0.144 E 0.129    1.978   1.264   0.692   2.962   2.342   0.659   2.302   3.696   0.895   3.787   2.347  -0.827   5.006   1.480  -0.725
Kernel d0: 0.49 sigma: 0.05 SUM:     2.56 maxCount:   0.89 PSEUDO 400+0.5
0.0000  0.0000  0.0000  0.0000  0.0000  0.0000  0.0000  0.0000  0.0000  0.0000  0.0000  0.0000  0.0000  0.0000  0.0000  0.0000  0.0000  0.0000  0.0000  0.0000  
0.0000  0.0000  0.0000  0.0000  0.0000  0.0000  0.0000  0.0000  0.0000  0.0000  0.0000  0.0000  0.0000  0.0000  0.0000  0.0000  0.0000  0.0000  0.0000  0.0000  
0.0000  0.0000  0.0000  0.0000  0.0000  0.0000  0.0000  0.0000  0.0000  0.0000  0.0000  0.0000  0.0000  0.0000  0.0000  0.0000  0.0000  0.0000  0.0000  0.0000  
0.0000  0.0000  0.0000  0.0000  0.0000  0.0000  0.0000  0.0000  0.0000  0.0000  0.0000  0.0000  0.0000  0.0000  0.0000  0.0000  0.0000  0.0000  0.0000  0.0000  
0.0000  0.0000  0.0000  0.0000  0.0000  0.0000  0.0000  0.0000  0.0000  0.0000  0.0000  0.0000  0.0000  0.0000  0.0000  0.0000  0.0000  0.0000  0.0000  0.0000  
0.0000  0.0000  0.0000  0.0000  0.0000  0.0000  0.0000  0.0000  0.0000  0.0000  0.0000  0.0000  0.0000  0.0000  0.0000  0.0000  0.0000  0.0000  0.0000  0.0000  
0.0000  0.0000  0.0000  0.0000  0.0000  0.0000  0.0000  0.0000  0.0000  0.0000  0.0000  0.0000  0.0000  0.0000  0.0000  0.0000  0.0000  0.0000  0.0000  0.0000  
0.0000  0.0000  0.0000  0.0000  0.0000  0.0000  0.0000  0.0000  0.0000  0.0000  0.0000  0.0000  0.0000  0.0000  0.0000  0.0000  0.0000  0.0000  0.0000  0.0000  
0.0000  0.0000  0.0000  0.0000  0.0000  0.0000  0.0000  0.0000  0.0000  0.0000  0.0000  0.0000  0.0000  0.0000  0.0000  0.0000  0.0000  0.0000  0.0000  0.0000  
0.0000  0.0000  0.0000  0.0000  0.0000  0.0000  0.0000  0.0000  0.0000  0.0000  0.0000  0.0000  0.0000  0.0000  0.0000  0.0000  0.0000  0.0000  0.0000  0.0000  
0.0000  0.0000  0.0000  0.0000  0.0000  0.0000  0.0000  0.0000  0.0000  0.0000  0.0000  0.0000  0.0000  0.0000  0.0000  0.0000  0.0000  0.0000  0.0000  0.0000  
0.0000  0.0000  0.0000  0.0000  0.0000  0.0000  0.0000  0.0000  0.0000  0.0000  0.0000  0.0000  0.0000  0.0000  0.0000  0.0000  0.0000  0.0000  0.0000  0.0000  
0.0000  0.0000  0.0000  0.0000  0.0000  0.0000  0.0000  0.0000  0.0000  0.0000  0.0000  0.0000  0.0000  0.0000  0.0000  0.0000  0.0000  0.0000  0.0000  0.0000  
0.0000  0.0000  0.0000  0.0000  0.0000  0.0000  0.0000  0.0000  0.0000  0.0000  0.0000  0.0000  0.0000  0.0000  0.0000  0.0000  0.0000  0.0000  0.0000  0.0000  
0.0000  0.0000  0.0000  0.0000  0.0000  0.0000  0.0000  0.0000  0.0000  0.0000  0.0000  0.0000  0.0000  0.0000  0.0000  0.0000  0.0000  0.0000  0.0000  0.0000  
0.0000  0.0000  0.0000  0.0000  0.0000  0.0000  0.0000  0.0000  0.0000  0.0000  0.0000  0.0000  0.0000  0.0000  0.0000  0.0000  0.0000  0.0000  0.0000  0.0000  
0.0000  0.0000  0.0000  0.0000  0.0000  0.0000  0.0000  0.0000  0.0000  0.0000  0.0000  0.0000  0.0000  0.0000  0.0000  0.0000  0.0000  0.0000  0.0000  0.0000  
0.0000  0.0000  0.0000  0.0000  0.0000  0.0000  0.0000  0.0000  0.0000  0.0000  0.0000  0.0000  0.0000  0.0000  0.0000  0.0000  0.0000  0.0000  0.0000  0.0000  
0.0000  0.0000  0.0000  0.0000  0.0000  0.0000  0.0000  0.0000  0.0000  0.0000  0.0000  0.0000  0.0000  0.0000  0.0000  0.0000  0.0000  0.0000  0.0000  0.0000  
0.0000  0.0000  0.0000  0.0000  0.0000  0.0000  0.0000  0.0000  0.0000  0.0000  0.0000  0.0000  0.0000  0.0000  0.0000  0.0000  0.0000  0.0000  0.0000  0.0000  
H 0.144 E 0.129    2.136   1.150  -0.190   3.031   2.286  -0.390   3.388   2.451  -1.862   4.445   2.096   0.535   4.247   2.719   1.885
Kernel d0: 0.49 sigma: 0.05 SUM:   292.03 maxCount:  12.60 PSEUDO 400+0.5
0.1353  0.0643  0.2829  -0.1555 0.0138  0.0431  0.2801  0.1793  0.2100  0.3500  -0.3859 0.0322  0.3333  -0.1448 0.2778  0.2618  0.4059  0.1397  0.1387  0.0883  
0.2440  0.1029  0.0683  0.0509  -0.2681 0.2155  0.0670  -0.0553 0.0410  -0.2497 0.0827  0.0752  0.0961  0.0529  0.0659  0.1558  -0.2429 -0.2708 0.0824  -0.6053 
-0.3163 0.0801  0.0521  -0.2838 -0.8946 -0.2732 -0.5040 -0.5059 -0.5400 0.2565  -0.2450 0.0576  0.0745  0.0401  0.0503  0.1248  -0.0639 -0.7949 0.0634  -0.3618 
0.2043  0.0795  0.0518  0.0383  -0.2795 -0.2364 0.0507  -0.0831 0.0306  -0.3971 0.0632  0.0572  0.0739  0.0397  -0.1728 0.1240  -0.7636 -0.2577 0.0629  0.1367  
-0.0970 0.2115  0.1540  0.1208  -0.0780 -0.2959 0.1516  0.1160  0.1001  0.1195  0.1792  0.1663  0.2010  -0.3753 0.1497  -0.2187 0.0924  0.0767  0.1787  0.2988  
-0.4145 0.2031  0.1467  0.1146  -0.4044 0.3364  0.1444  -0.2919 0.0947  -0.1050 0.1714  -0.1762 0.1927  0.1183  0.0541  0.2273  -0.0046 0.0327  0.1708  -0.0683 
-0.2580 0.0703  -0.5154 0.0334  -0.2461 0.1610  0.0445  -0.7204 0.0267  -0.9991 0.0556  0.0502  0.0653  0.0348  0.0438  -0.3995 -0.3232 -0.7105 0.0554  -0.4666 
0.0888  0.2678  0.2130  0.1732  0.0460  0.3970  0.2103  0.4421  0.1469  0.4131  0.2415  0.2271  0.2649  0.1779  0.2080  0.1954  -0.2214 0.4599  0.2409  0.3588  
-0.6822 -0.1762 0.0298  0.0218  0.1131  -0.3920 0.0292  -0.7503 0.0173  0.0060  0.0368  -0.5331 0.0435  0.0227  0.0287  0.0765  0.0804  0.2110  0.0366  0.0854  
-0.0208 -0.0316 0.2942  -0.4096 0.3141  0.4461  0.2914  0.0447  0.2211  0.3220  0.0240  0.3082  0.3437  0.2570  0.2891  0.0120  0.2352  0.2026  0.3216  0.4172  
0.2771  -0.1539 0.0850  0.0640  0.1074  0.2482  0.0834  0.3208  0.0518  0.2567  0.1021  0.0932  0.1178  0.0664  0.0822  0.1850  -0.2509 0.0943  0.1017  0.2007  
-0.8225 -0.9629 0.0612  0.0454  -0.9362 -0.3922 -0.4913 -1.5997 0.0365  -1.2880 -0.6375 0.0674  0.0866  0.0472  0.0590  -0.3260 -0.7967 -1.3082 -0.4627 0.1465  
0.2266  0.0922  0.0606  0.0450  0.1953  0.1986  0.0595  0.2713  0.0361  0.2783  0.0737  0.0669  0.0859  0.0468  0.0585  0.1414  0.1475  0.3098  0.0734  0.1552  
-0.3759 0.0825  0.0538  -0.5260 0.1793  0.1825  0.0528  -0.5256 -0.7654 -0.5137 0.0656  0.0594  0.0767  0.0414  0.0519  -0.0670 -0.3576 -0.0255 0.0654  -0.5730 
0.2067  -0.4453 0.0527  0.0389  0.1765  0.1797  0.0466  -0.5038 0.0312  -0.5786 -0.3287 -0.4913 0.0752  0.0405  0.0508  0.1258  -0.5401 -0.6689 0.0640  0.1386  
-0.1842 -0.8750 0.0320  0.0984  -0.1501 0.3132  -0.3737 -0.2114 0.0808  -0.4463 -0.0367 0.1384  0.1702  -0.6024 -0.0052 -0.1386 0.2562  -0.1669 0.1497  0.2656  
0.2081  -0.2898 0.1206  0.0927  0.3006  0.0325  0.1185  0.1171  0.0759  0.2934  0.1425  0.1312  0.1619  0.0959  0.1169  0.0892  -0.4206 0.1715  0.1420  0.2561  
0.4198  0.2810  0.2180  0.1777  0.3045  0.1995  -0.2057 0.4447  0.1511  0.1953  -0.1394 0.2321  0.2700  0.1826  0.2129  0.3486  0.3551  0.3508  0.2460  0.3585  
0.2155  0.0857  0.0561  0.0416  0.1848  0.1880  -0.5000 0.2600  0.0333  -0.1009 -0.1477 0.0619  0.0798  0.0432  0.0541  0.1326  0.1384  0.1696  -0.4586 -0.3114 
0.2135  0.1649  0.1152  0.0883  -0.1367 -0.3797 0.1133  0.2954  0.0722  -0.2412 -0.0914 0.1255  0.1555  0.0914  0.1117  0.0787  0.2392  -0.0552 0.1361  0.2485  
H 0.144 E 0.129    2.118   1.165   0.199   2.992   2.335   0.198   3.263   2.818   1.618   2.307   3.588  -0.724   2.764   3.468  -2.148
Kernel d0: 0.49 sigma: 0.05 SUM:    11.38 maxCount:   2.50 PSEUDO 400+0.5
0.0000  0.0000  0.0000  0.0000  0.0000  0.0000  0.0000  0.0000  0.0000  0.0000  0.0000  0.0000  0.0000  0.0000  0.0000  0.0000  0.0000  0.0000  0.0000  0.0000  
0.0000  0.0000  0.0000  0.0000  0.0000  0.0000  0.0000  0.0000  0.0000  0.0000  0.0000  0.0000  0.0000  0.0000  0.0000  0.0000  0.0000  0.0000  0.0000  0.0000  
0.0000  0.0000  0.0000  0.0000  0.0000  0.0000  0.0000  0.0000  0.0000  0.0000  0.0000  0.0000  0.0000  0.0000  0.0000  0.0000  0.0000  0.0000  0.0000  0.0000  
0.0000  0.0000  0.0000  0.0000  0.0000  0.0000  0.0000  0.0000  0.0000  0.0000  0.0000  0.0000  0.0000  0.0000  0.0000  0.0000  0.0000  0.0000  0.0000  0.0000  
0.0000  0.0000  0.0000  0.0000  0.0000  0.0000  0.0000  0.0000  0.0000  0.0000  0.0000  0.0000  0.0000  0.0000  0.0000  0.0000  0.0000  0.0000  0.0000  0.0000  
0.0000  0.0000  0.0000  0.0000  0.0000  0.0000  0.0000  0.0000  0.0000  0.0000  0.0000  0.0000  0.0000  0.0000  0.0000  0.0000  0.0000  0.0000  0.0000  0.0000  
0.0000  0.0000  0.0000  0.0000  0.0000  0.0000  0.0000  0.0000  0.0000  0.0000  0.0000  0.0000  0.0000  0.0000  0.0000  0.0000  0.0000  0.0000  0.0000  0.0000  
0.0000  0.0000  0.0000  0.0000  0.0000  0.0000  0.0000  0.0000  0.0000  0.0000  0.0000  0.0000  0.0000  0.0000  0.0000  0.0000  0.0000  0.0000  0.0000  0.0000  
0.0000  0.0000  0.0000  0.0000  0.0000  0.0000  0.0000  0.0000  0.0000  0.0000  0.0000  0.0000  0.0000  0.0000  0.0000  0.0000  0.0000  0.0000  0.0000  0.0000  
0.0000  0.0000  0.0000  0.0000  0.0000  0.0000  0.0000  0.0000  0.0000  0.0000  0.0000  0.0000  0.0000  0.0000  0.0000  0.0000  0.0000  0.0000  0.0000  0.0000  
0.0000  0.0000  0.0000  0.0000  0.0000  0.0000  0.0000  0.0000  0.0000  0.0000  0.0000  0.0000  0.0000  0.0000  0.0000  0.0000  0.0000  0.0000  0.0000  0.0000  
0.0000  0.0000  0.0000  0.0000  0.0000  0.0000  0.0000  0.0000  0.0000  0.0000  0.0000  0.0000  0.0000  0.0000  0.0000  0.0000  0.0000  0.0000  0.0000  0.0000  
0.0000  0.0000  0.0000  0.0000  0.0000  0.0000  0.0000  0.0000  0.0000  0.0000  0.0000  0.0000  0.0000  0.0000  0.0000  0.0000  0.0000  0.0000  0.0000  0.0000  
0.0000  0.0000  0.0000  0.0000  0.0000  0.0000  0.0000  0.0000  0.0000  0.0000  0.0000  0.0000  0.0000  0.0000  0.0000  0.0000  0.0000  0.0000  0.0000  0.0000  
0.0000  0.0000  0.0000  0.0000  0.0000  0.0000  0.0000  0.0000  0.0000  0.0000  0.0000  0.0000  0.0000  0.0000  0.0000  0.0000  0.0000  0.0000  0.0000  0.0000  
0.0000  0.0000  0.0000  0.0000  0.0000  0.0000  0.0000  0.0000  0.0000  0.0000  0.0000  0.0000  0.0000  0.0000  0.0000  0.0000  0.0000  0.0000  0.0000  0.0000  
0.0000  0.0000  0.0000  0.0000  0.0000  0.0000  0.0000  0.0000  0.0000  0.0000  0.0000  0.0000  0.0000  0.0000  0.0000  0.0000  0.0000  0.0000  0.0000  0.0000  
0.0000  0.0000  0.0000  0.0000  0.0000  0.0000  0.0000  0.0000  0.0000  0.0000  0.0000  0.0000  0.0000  0.0000  0.0000  0.0000  0.0000  0.0000  0.0000  0.0000  
0.0000  0.0000  0.0000  0.0000  0.0000  0.0000  0.0000  0.0000  0.0000  0.0000  0.0000  0.0000  0.0000  0.0000  0.0000  0.0000  0.0000  0.0000  0.0000  0.0000  
0.0000  0.0000  0.0000  0.0000  0.0000  0.0000  0.0000  0.0000  0.0000  0.0000  0.0000  0.0000  0.0000  0.0000  0.0000  0.0000  0.0000  0.0000  0.0000  0.0000  
H 0.144 E 0.129    2.112   1.180   0.260   3.040   2.301   0.142   4.151   1.991  -0.854   3.707   2.681   1.659   2.845   3.700   2.343
Kernel d0: 0.49 sigma: 0.05 SUM:   256.29 maxCount:  10.97 PSEUDO 400+0.5
0.2313  0.0706  0.2412  -0.1713 -0.0716 0.0996  -0.0188 0.1310  0.1764  0.3099  -0.2506 -0.1547 0.2870  -0.1523 0.2365  0.0464  0.3548  0.0556  0.2246  -0.0015 
0.2063  0.0845  0.0557  0.0414  -0.3760 0.1811  0.0546  -0.0806 0.0332  -0.2411 0.0677  0.0614  0.0788  0.0430  0.0538  0.1294  -0.2202 -0.3380 0.0674  -0.5833 
0.0168  0.0655  0.0424  -0.2656 -0.8976 0.1175  -0.4812 -0.5138 -0.0597 0.2175  0.0381  0.0469  0.0608  0.0325  0.0409  0.1030  0.0194  -0.8283 0.0517  -0.3673 
0.1714  0.0650  0.0421  0.0310  -0.2896 0.1480  0.0412  -0.1055 0.0248  -0.4027 0.0515  0.0465  0.0604  0.0322  -0.1134 0.1023  -0.7179 -0.2962 0.0513  0.1130  
0.0271  0.1777  0.1278  0.0996  0.1229  0.1598  0.1258  0.0400  0.0822  -0.0080 0.1496  0.1384  0.1685  -0.2058 0.1242  0.1837  0.1040  0.0267  0.1491  0.2556  
-0.1154 0.1703  0.1216  0.0944  -0.4172 0.2899  0.1197  -0.1744 0.0777  0.0384  0.1428  -0.1865 0.1612  0.0975  0.1181  0.2326  -0.0418 0.0342  0.1423  -0.0791 
-0.2303 0.0573  -0.1333 0.0271  -0.1898 0.1339  0.0361  -0.7033 0.0216  -0.9766 0.0452  0.0408  0.0532  0.0282  0.0355  0.0287  0.0202  -0.7279 0.0450  -0.3731 
0.2493  -0.1031 0.1790  0.1443  0.0179  0.3464  0.1766  0.3893  0.1218  0.3589  0.2041  0.1914  0.2250  0.1485  0.1746  0.1837  -0.0270 0.4065  0.2036  0.3106  
-0.5996 -0.0680 0.0241  0.0176  0.0931  -0.3179 0.0236  -0.6174 0.0140  -0.0076 0.0298  -0.0037 0.0353  0.0183  0.0232  0.0625  0.0657  0.1772  0.0297  0.0699  
-0.0665 -0.1524 0.2514  -0.3830 0.1503  0.3932  0.2488  0.0336  0.1861  0.2706  0.0804  0.2641  0.2966  0.2179  0.2467  -0.0066 0.1849  0.0808  0.2763  0.2810  
0.2359  -0.1134 0.0696  0.0522  0.0663  0.2101  0.0683  0.2756  0.0421  0.0378  0.0839  0.0764  0.0970  0.0541  0.0672  0.1546  -0.1693 0.0684  0.0836  0.1683  
-0.7083 -0.9324 0.0498  0.0369  -0.8721 -0.0862 -0.3457 -1.4810 0.0296  -1.2544 -0.5621 0.0550  0.0709  0.0383  0.0481  0.1180  -0.4309 -1.2781 -0.4312 -0.1172 
0.1909  0.0756  0.0494  0.0366  0.1635  0.1664  0.0484  0.2307  0.0293  0.2370  0.0602  0.0545  0.0703  0.0380  0.0476  0.1171  0.1223  0.2655  0.0599  0.1289  
-0.3571 0.0675  0.0438  -0.4643 0.1496  0.1524  0.0429  -0.5109 -0.6890 -0.4101 0.0535  0.0484  0.0627  0.0336  0.0422  -0.0694 -0.3415 -0.0741 0.0533  -0.5563 
0.1735  -0.4374 0.0428  0.0316  0.1472  0.1500  -0.1608 -0.6739 0.0252  -0.5765 0.0524  -0.4697 0.0614  0.0328  0.0413  0.1038  -0.1550 -0.6431 0.0522  0.1147  
0.1327  -0.8719 0.1052  0.0808  -0.1874 0.2687  -0.3379 -0.1231 0.0661  -0.2658 0.0022  0.1146  0.1417  -0.5059 -0.1615 -0.1296 0.2172  -0.2351 0.1242  0.2255  
0.2854  -0.2874 0.0994  0.0760  -0.0298 0.2603  0.0977  0.0510  0.0620  0.3247  0.1180  0.1084  0.1346  0.0787  0.0963  0.1800  -0.1913 0.2365  0.1176  0.2171  
0.3680  0.2394  0.1833  0.1483  0.1486  0.2356  -0.0850 0.3918  0.1253  0.2412  -0.1608 0.1958  0.2295  0.1525  0.1789  0.3011  0.3072  0.2124  0.2081  0.2758  
0.1812  0.0702  0.0456  0.0337  0.1543  0.1572  -0.4441 0.2205  0.0270  -0.0836 -0.0053 0.0504  0.0653  0.0350  0.0440  0.1096  0.1146  -0.0629 -0.4570 0.1209  
0.1799  -0.0988 0.0949  0.0724  -0.3193 0.0871  0.0933  0.2876  0.0590  -0.3726 -0.1633 0.1036  0.1291  0.0749  0.0919  0.0508  0.2021  0.0758  0.1126  0.2103  
H 0.144 E 0.129    1.782   1.352   0.924   2.620   2.530   1.125   4.033   2.294   0.606   2.666   2.951   2.772   1.554   3.912   3.073
Kernel d0: 0.49 sigma: 0.05 SUM:   113.48 maxCount:   5.26 PSEUDO 400+0.5
0.1115  0.0937  0.0739  -0.0185 -0.1448 -0.0301 -0.1472 -0.0108 0.0493  0.1471  0.0543  -0.1974 0.0942  0.0282  0.0719  -0.0722 0.1302  0.0062  0.0847  -0.1095 
0.0601  0.0210  0.0134  0.0098  -0.2326 0.0510  0.0131  0.0063  0.0078  -0.1317 0.0165  0.0148  0.0194  0.0102  0.0129  0.0340  -0.0076 -0.1622 0.0164  -0.1187 
-0.0030 0.0159  0.0100  -0.0319 -0.4823 0.0401  -0.1617 -0.1973 0.0058  0.0644  0.0124  0.0111  0.0147  0.0076  0.0096  0.0262  0.0275  -0.4369 0.0123  -0.1930 
0.0476  0.0158  0.0099  0.0072  -0.1674 0.0398  0.0097  -0.0533 0.0057  -0.1011 0.0123  0.0111  0.0146  0.0075  0.0096  0.0260  -0.2342 -0.2263 0.0122  0.0291  
-0.0597 0.0498  0.0335  0.0252  0.0916  0.0965  0.0329  -0.0609 0.0204  -0.0586 0.0403  0.0368  0.0466  0.0175  0.0324  0.0736  0.0724  -0.0403 0.0402  0.0800  
0.0839  0.0472  0.0316  0.0237  -0.2403 0.0956  0.0311  0.0224  0.0192  0.1175  0.0382  -0.0997 0.0442  0.0246  0.0306  0.0704  -0.0470 0.0325  0.0380  -0.0701 
0.0097  0.0138  0.0087  0.0063  -0.0250 0.0354  0.0085  -0.1055 0.0050  -0.3604 0.0107  0.0096  0.0127  0.0065  0.0083  0.0229  0.0241  -0.3065 0.0107  -0.2622 
0.1364  -0.1572 0.0502  0.0387  0.0397  0.1253  0.0494  0.1520  0.0317  0.1291  0.0593  0.0546  0.0673  0.0400  0.0487  0.0962  0.0549  0.1639  0.0591  0.1059  
-0.0002 0.0090  0.0056  0.0040  0.0234  0.0028  0.0055  -0.0813 0.0032  0.0293  0.0069  0.0062  0.0083  0.0042  0.0054  0.0151  0.0160  0.0496  0.0069  0.0171  
-0.0576 -0.0880 0.0782  0.0071  -0.0233 0.1546  0.0771  0.0390  0.0527  0.1048  0.0815  0.0837  0.0989  0.0645  0.0762  0.1069  0.0161  -0.0656 0.0892  0.0715  
0.0717  0.0136  0.0170  0.0125  -0.0246 0.0615  0.0166  0.0889  0.0099  -0.0769 0.0208  0.0188  0.0245  0.0130  0.0164  0.0420  0.0376  0.0751  0.0207  0.0465  
-0.2002 -0.3465 0.0119  0.0087  -0.4637 -0.0435 0.0063  -0.4059 0.0069  -0.2584 -0.0270 0.0132  0.0173  0.0090  0.0114  0.0306  -0.0161 -0.5500 -0.0703 -0.1129 
0.0544  0.0186  0.0118  0.0086  0.0449  0.0459  0.0115  0.0696  0.0068  0.0722  0.0145  0.0131  0.0172  0.0089  0.0113  0.0303  0.0318  0.0843  0.0145  0.0338  
0.0018  0.0164  0.0104  -0.0143 0.0404  0.0413  0.0101  -0.1078 -0.0454 -0.0077 0.0128  0.0115  0.0152  0.0079  0.0100  0.0133  -0.0504 -0.0838 0.0128  -0.1235 
0.0483  -0.2498 0.0101  0.0074  0.0396  0.0405  -0.1033 -0.4464 0.0058  -0.2291 0.0125  -0.1904 0.0148  0.0077  0.0097  0.0264  0.0093  -0.0954 0.0125  0.0296  
0.0837  -0.3790 0.0268  0.0200  -0.1760 0.0857  -0.0111 -0.0051 0.0161  -0.1709 0.0325  0.0295  0.0378  -0.0123 -0.1114 0.0409  0.0643  -0.0699 0.0324  0.0675  
0.0935  -0.0089 0.0252  0.0187  -0.1355 0.0820  0.0247  0.0427  0.0150  0.1145  0.0306  0.0277  0.0356  0.0194  0.0243  0.0585  0.0041  0.0718  0.0304  0.0642  
0.1382  0.0731  0.0517  0.0399  -0.0223 0.1273  0.0509  0.1537  0.0328  0.0922  -0.1026 0.0562  0.0691  0.0413  0.0502  0.1011  0.1042  0.0064  0.0608  0.0808  
0.0510  0.0171  0.0108  0.0079  0.0419  0.0428  -0.0194 0.0656  0.0063  0.0554  0.0134  0.0120  0.0158  0.0082  0.0104  0.0281  0.0295  -0.1305 -0.2696 0.0314  
0.0795  -0.1072 0.0239  0.0177  -0.3149 0.0456  0.0234  0.1086  0.0142  -0.1924 -0.0775 0.0264  0.0339  0.0184  0.0230  0.0343  0.0585  0.1033  0.0290  0.0616  
H 0.144 E 0.129    2.056   1.207   0.483   2.922   2.379   0.575   3.772   2.534  -0.681   3.922   2.272   1.946   3.235   2.911   3.116
Kernel d0: 0.49 sigma: 0.05 SUM:   292.52 maxCount:  12.19 PSEUDO 400+0.5
0.1996  0.0685  0.2837  -0.1553 -0.0140 0.0644  0.2613  0.1656  0.2107  0.3483  -0.3828 -0.1179 0.3341  -0.1439 0.2785  0.1670  0.4067  0.0920  0.1518  0.0177  
0.2447  0.1033  0.0686  0.0512  -0.3696 0.2161  0.0673  -0.0548 0.0412  -0.2874 0.0830  0.0755  0.0964  0.0531  0.0662  0.1563  -0.2408 -0.3306 0.0827  -0.6075 
-0.0189 0.0804  0.0524  -0.2840 -0.9137 -0.1554 -0.5066 -0.5110 -0.4366 0.2573  -0.1503 0.0578  0.0748  0.0402  0.0505  0.1252  -0.0596 -0.8326 0.0637  -0.3725 
0.2050  0.0798  0.0520  0.0384  -0.2847 0.1054  0.0510  -0.0840 0.0307  -0.3988 0.0634  0.0574  0.0742  0.0399  -0.1681 0.1244  -0.7661 -0.2755 0.0632  0.1372  
0.1246  0.2122  0.1545  0.1212  0.1217  -0.1675 0.1522  0.0845  0.1005  0.0258  0.1799  0.1669  0.2016  -0.3742 0.1502  -0.0668 0.0946  0.0600  0.1793  0.2996  
-0.3385 0.2037  0.1473  0.1150  -0.5019 0.3373  0.1450  -0.2218 0.0951  -0.0930 0.1719  -0.1799 0.1933  0.1188  0.1431  0.2742  -0.0177 0.0356  0.1714  -0.0514 
-0.2595 0.0706  -0.4964 0.0336  -0.2492 0.1616  0.0447  -0.7228 0.0268  -1.0005 0.0558  0.0505  0.0655  0.0349  0.0440  -0.3452 -0.2297 -0.7841 0.0556  -0.4500 
0.1304  0.1091  0.2137  0.1737  0.0387  0.3979  0.2110  0.4429  0.1474  0.4118  0.2423  0.2278  0.2657  0.1785  0.2087  0.1971  -0.1954 0.4607  0.2417  0.3596  
-0.6787 -0.1739 0.0300  0.0219  0.1135  -0.3921 0.0293  -0.7457 0.0174  0.0067  0.0370  -0.3854 0.0437  0.0228  0.0288  0.0768  0.0807  0.2116  0.0368  0.0858  
-0.0550 -0.1008 0.2950  -0.4077 0.2769  0.4470  0.2922  0.0475  0.2218  0.3213  0.0229  0.3090  0.3445  0.2578  0.2899  0.0151  0.2320  0.1278  0.3224  0.3674  
0.2779  -0.1549 0.0853  0.0643  0.0969  0.2489  0.0838  0.3216  0.0520  0.1231  0.1025  0.0935  0.1182  0.0666  0.0825  0.1856  -0.2457 0.0947  0.1021  0.2014  
-0.7780 -0.9836 0.0614  0.0456  -0.9312 -0.3413 -0.4835 -1.5722 0.0366  -1.2867 -0.6377 0.0677  0.0870  0.0474  0.0593  0.0601  -0.6944 -1.3191 -0.4670 0.0004  
0.2273  0.0925  0.0609  0.0452  0.1959  0.1993  0.0597  0.2720  0.0363  0.2791  0.0740  0.0671  0.0862  0.0470  0.0588  0.1419  0.1480  0.3106  0.0737  0.1557  
-0.3745 0.0828  0.0540  -0.5249 0.1799  0.1832  0.0530  -0.5343 -0.7633 -0.5107 0.0659  0.0597  0.0770  0.0415  0.0521  -0.0667 -0.3601 -0.0452 0.0656  -0.5754 
0.2074  -0.4559 0.0529  0.0391  0.1771  0.1803  -0.0848 -0.6645 0.0313  -0.6035 0.0399  -0.4954 0.0755  0.0406  0.0510  0.1263  -0.3272 -0.6685 0.0643  0.1391  
0.0273  -0.8885 0.1279  0.0988  -0.1980 0.3141  -0.3744 -0.2113 0.0811  -0.3747 -0.0337 0.1390  0.1707  -0.6001 -0.1437 -0.1377 0.2570  -0.2439 0.1502  0.2663  
0.3324  -0.2889 0.1210  0.0931  0.1980  0.2787  0.1190  0.0649  0.0762  0.3245  0.1430  0.1316  0.1625  0.0963  0.1173  0.1035  -0.3687 0.1844  0.1425  0.2568  
0.4206  0.2818  0.2187  0.1783  0.1969  0.2056  -0.1990 0.4455  0.1516  0.2023  -0.1428 0.2328  0.2708  0.1832  0.2136  0.3494  0.3560  0.2672  0.2468  0.3294  
0.2162  0.0861  0.0563  0.0417  0.1854  0.1887  -0.4977 0.2607  0.0335  -0.0992 -0.1308 0.0622  0.0801  0.0434  0.0543  0.1331  0.1389  -0.0195 -0.4780 0.0390  
0.2140  0.1100  0.1157  0.0887  -0.2948 -0.3000 0.1137  0.2998  0.0725  -0.3639 -0.1753 0.1260  0.1560  0.0918  0.1121  0.0804  0.2399  -0.0141 0.1366  0.2493  
H 0.144 E 0.129    2.129   1.166   0.243   2.983   2.345   0.350   4.314   2.125  -0.359   3.251   2.736   1.983   2.188   3.686   2.450
Kernel d0: 0.49 sigma: 0.05 SUM:   193.27 maxCount:   7.79 PSEUDO 400+0.5
0.1928  0.1414  0.1663  -0.1366 -0.1293 0.0441  -0.1323 0.0645  0.1178  0.2622  -0.0031 -0.1923 0.2026  -0.0922 0.1628  -0.0251 0.2594  0.0434  0.1836  -0.0589 
0.1398  0.0540  0.0351  0.0259  -0.3572 0.1213  0.0344  -0.0708 0.0207  -0.1483 0.0429  0.0388  0.0502  0.0269  0.0338  0.0844  -0.1163 -0.2702 0.0427  -0.4482 
-0.0120 0.0414  0.0265  -0.1983 -0.8144 0.0981  -0.4039 -0.4347 0.0155  0.1482  0.0326  0.0294  0.0384  0.0202  0.0256  0.0663  0.0603  -0.7471 0.0325  -0.3398 
0.1142  0.0411  0.0263  0.0193  -0.2791 0.0975  0.0258  -0.1154 0.0154  -0.3502 0.0324  0.0292  0.0381  0.0201  -0.0021 0.0659  -0.5342 -0.3154 0.0322  0.0732  
0.0055  0.1188  0.0834  0.0641  0.1399  0.1957  0.0820  -0.0178 0.0525  -0.0330 0.0986  0.0907  0.1121  0.0117  0.0808  0.1659  0.1282  -0.0095 0.0983  0.1776  
-0.0375 0.1134  0.0791  0.0606  -0.3995 0.2050  0.0777  -0.1113 0.0495  0.1916  0.0938  -0.1800 0.1069  0.0627  0.0766  0.1598  -0.0551 0.0356  0.0935  -0.1175 
-0.1423 0.0362  0.0111  0.0168  -0.0764 0.0876  0.0225  -0.5310 0.0134  -0.7970 0.0284  0.0255  0.0335  0.0175  0.0222  0.0585  0.0614  -0.5642 0.0282  -0.3468 
0.2580  -0.1432 0.1197  0.0949  0.1010  0.2522  0.1180  0.2899  0.0792  0.2616  0.1382  0.1288  0.1539  0.0978  0.1165  0.1841  0.0134  0.3054  0.1378  0.2219  
-0.2744 0.0108  0.0150  0.0109  0.0597  -0.1203 0.0147  -0.3825 0.0086  0.0086  0.0186  0.0167  0.0220  0.0113  0.0144  0.0395  0.0416  0.1184  0.0185  0.0444  
-0.0122 -0.1833 0.1743  -0.1697 0.0630  0.2934  0.1723  0.0120  0.1249  0.1836  0.0977  0.1843  0.2104  0.1486  0.1707  0.0382  0.1060  0.0013  0.1940  0.1888  
0.1623  -0.0242 0.0441  0.0328  0.0185  0.1427  0.0433  0.1934  0.0264  -0.0233 0.0535  0.0486  0.0623  0.0341  0.0426  0.1021  0.0128  0.0731  0.0533  0.1119  
-0.5102 -0.7531 0.0313  0.0230  -0.7681 -0.0649 -0.0548 -1.1065 0.0184  -0.9816 -0.2797 0.0346  0.0450  0.0239  0.0302  0.0766  -0.1370 -1.0607 -0.3313 -0.1304 
0.1284  0.0481  0.0310  0.0228  0.1085  0.1106  0.0304  0.1583  0.0182  0.1632  0.0380  0.0343  0.0446  0.0237  0.0299  0.0760  0.0795  0.1854  0.0378  0.0841  
-0.1924 0.0427  0.0274  -0.1946 0.0986  0.1006  0.0269  -0.3759 -0.3933 -0.1689 0.0337  0.0304  0.0396  0.0209  0.0264  -0.0314 -0.2638 -0.1123 0.0335  -0.4358 
0.1157  -0.3794 0.0268  0.0197  0.0969  0.0989  -0.1466 -0.6489 0.0157  -0.4350 0.0329  -0.3939 0.0388  0.0204  0.0258  0.0669  -0.0799 -0.4543 0.0328  0.0743  
0.1425  -0.7983 0.0679  0.0515  -0.2038 0.1879  -0.2143 -0.0115 0.0418  -0.1892 0.0601  0.0742  0.0931  -0.2278 -0.1606 -0.0058 0.1480  -0.1829 0.0808  0.1544  
0.2013  -0.1999 0.0640  0.0484  -0.1055 0.1813  0.0628  0.1069  0.0392  0.2357  0.0766  0.0700  0.0881  0.0501  0.0619  0.1367  -0.0534 0.1788  0.0763  0.1479  
0.2709  0.1650  0.1229  0.0977  0.0688  0.2405  0.0782  0.2921  0.0817  0.1854  -0.1695 0.1320  0.1574  0.1006  0.1197  0.2141  0.2192  0.1211  0.1412  0.1900  
0.1213  0.0445  0.0286  0.0210  0.1020  0.1040  -0.1785 0.1506  0.0168  0.0300  0.0281  0.0317  0.0413  0.0219  0.0276  0.0709  0.0742  -0.1097 -0.4025 0.0786  
0.1455  -0.1212 0.0609  0.0459  -0.3441 0.1093  0.0598  0.2239  0.0372  -0.2741 -0.1179 0.0668  0.0843  0.0476  0.0589  0.0265  0.1367  0.1250  0.0729  0.1429  
H 0.144 E 0.129    1.950   1.249   0.707   2.764   2.446   0.901   4.068   2.356   0.117   3.092   2.678   2.553   2.017   3.529   3.162
Kernel d0: 0.49 sigma: 0.05 SUM:   199.29 maxCount:   7.67 PSEUDO 400+0.5
0.1689  0.1527  0.1735  -0.1424 -0.1266 0.0605  -0.1013 0.0652  0.1233  0.2636  -0.0660 -0.1883 0.2108  -0.0854 0.1698  -0.0185 0.2688  0.0319  0.1892  -0.0675 
0.1461  0.0568  0.0370  0.0273  -0.3571 0.1269  0.0362  -0.0717 0.0218  -0.1542 0.0451  0.0408  0.0528  0.0284  0.0356  0.0886  -0.1148 -0.2860 0.0449  -0.4904 
-0.0033 0.0436  0.0280  -0.1868 -0.8204 0.1028  -0.4005 -0.4423 0.0130  0.1548  0.0344  0.0310  0.0404  0.0213  0.0269  0.0697  0.0570  -0.7671 0.0342  -0.3408 
0.1196  0.0433  0.0278  0.0204  -0.2779 0.1022  0.0272  -0.1158 0.0162  -0.3396 0.0341  0.0308  0.0401  0.0212  -0.0003 0.0692  -0.5506 -0.3111 0.0340  0.0769  
0.0150  0.1243  0.0875  0.0673  0.1502  0.1747  0.0860  -0.0164 0.0552  -0.0331 0.1033  0.0952  0.1174  -0.0537 0.0848  0.1587  0.1243  -0.0174 0.1030  0.1851  
0.0198  0.1187  0.0830  0.0637  -0.3987 0.2132  0.0816  -0.0909 0.0520  0.1529  0.0983  -0.1822 0.1120  0.0659  0.0805  0.1667  -0.0314 0.0360  0.0980  -0.1108 
-0.1592 0.0381  -0.0036 0.0177  -0.1079 0.0919  0.0238  -0.4899 0.0141  -0.7794 0.0299  0.0269  0.0353  0.0185  0.0234  0.0532  0.0618  -0.6308 0.0297  -0.3503 
0.2571  -0.1377 0.1253  0.0995  0.0894  0.2614  0.1235  0.2998  0.0831  0.2710  0.1445  0.1347  0.1607  0.1025  0.1220  0.1824  0.0139  0.3155  0.1441  0.2306  
-0.2652 -0.0021 0.0158  0.0115  0.0628  -0.1711 0.0155  -0.3942 0.0091  0.0112  0.0196  0.0176  0.0232  0.0120  0.0152  0.0416  0.0438  0.1239  0.0195  0.0467  
-0.0673 -0.1721 0.1817  -0.1921 0.0704  0.3033  0.1796  0.0090  0.1307  0.1918  0.0916  0.1920  0.2188  0.1552  0.1780  0.0732  0.1110  0.0101  0.2019  0.1981  
0.1693  -0.0653 0.0464  0.0346  0.0218  0.1491  0.0455  0.2014  0.0278  -0.0172 0.0563  0.0511  0.0655  0.0359  0.0448  0.1070  0.0117  0.0543  0.0561  0.1172  
-0.5599 -0.7286 0.0330  0.0243  -0.7554 -0.0782 -0.0588 -1.0824 0.0194  -0.9675 -0.3204 0.0365  0.0474  0.0252  0.0318  0.0804  -0.1504 -1.0516 -0.3495 -0.1281 
0.1343  0.0506  0.0327  0.0241  0.1136  0.1158  0.0320  0.1652  0.0192  0.1702  0.0400  0.0361  0.0469  0.0250  0.0315  0.0798  0.0835  0.1931  0.0398  0.0882  
-0.2073 0.0450  0.0289  -0.2139 0.1034  0.1055  0.0283  -0.4227 -0.3797 -0.2026 0.0355  0.0320  0.0417  0.0221  0.0278  -0.0366 -0.2826 -0.1043 0.0353  -0.4332 
0.1211  -0.3933 0.0283  0.0207  0.1016  0.1036  -0.1483 -0.6548 0.0165  -0.4419 0.0347  -0.4074 0.0408  0.0216  0.0272  0.0703  -0.0838 -0.4460 0.0346  0.0781  
0.1229  -0.7876 0.0713  0.0542  -0.1999 0.1957  -0.2274 -0.0567 0.0440  -0.1978 0.0589  0.0780  0.0976  -0.2514 -0.1586 -0.0395 0.1546  -0.2176 0.0848  0.1612  
0.2095  -0.1848 0.0672  0.0509  -0.1013 0.1889  0.0660  0.0807  0.0413  0.2447  0.0804  0.0735  0.0924  0.0527  0.0650  0.1400  -0.1231 0.1753  0.0801  0.1545  
0.2805  0.1721  0.1286  0.1024  0.0764  0.2455  0.0700  0.3020  0.0857  0.1827  -0.1766 0.1381  0.1643  0.1055  0.1252  0.2226  0.2277  0.1302  0.1476  0.1984  
0.1269  0.0469  0.0302  0.0222  0.1069  0.1090  -0.1959 0.1572  0.0177  0.0155  0.0291  0.0334  0.0435  0.0230  0.0291  0.0744  0.0780  -0.1048 -0.4095 0.0825  
0.1346  -0.1119 0.0640  0.0483  -0.3424 0.1021  0.0629  0.2318  0.0392  -0.3194 -0.1373 0.0702  0.0884  0.0501  0.0619  0.0453  0.1429  0.1226  0.0765  0.1493  
H 0.144 E 0.129    2.158   1.133   0.025   3.040   2.277  -0.191   3.652   2.754   1.122   2.191   3.549  -0.934   2.296   3.416  -2.424
Kernel d0: 0.49 sigma: 0.05 SUM:    10.58 maxCount:   2.46 PSEUDO 400+0.5
0.0000  0.0000  0.0000  0.0000  0.0000  0.0000  0.0000  0.0000  0.0000  0.0000  0.0000  0.0000  0.0000  0.0000  0.0000  0.0000  0.0000  0.0000  0.0000  0.0000  
0.0000  0.0000  0.0000  0.0000  0.0000  0.0000  0.0000  0.0000  0.0000  0.0000  0.0000  0.0000  0.0000  0.0000  0.0000  0.0000  0.0000  0.0000  0.0000  0.0000  
0.0000  0.0000  0.0000  0.0000  0.0000  0.0000  0.0000  0.0000  0.0000  0.0000  0.0000  0.0000  0.0000  0.0000  0.0000  0.0000  0.0000  0.0000  0.0000  0.0000  
0.0000  0.0000  0.0000  0.0000  0.0000  0.0000  0.0000  0.0000  0.0000  0.0000  0.0000  0.0000  0.0000  0.0000  0.0000  0.0000  0.0000  0.0000  0.0000  0.0000  
0.0000  0.0000  0.0000  0.0000  0.0000  0.0000  0.0000  0.0000  0.0000  0.0000  0.0000  0.0000  0.0000  0.0000  0.0000  0.0000  0.0000  0.0000  0.0000  0.0000  
0.0000  0.0000  0.0000  0.0000  0.0000  0.0000  0.0000  0.0000  0.0000  0.0000  0.0000  0.0000  0.0000  0.0000  0.0000  0.0000  0.0000  0.0000  0.0000  0.0000  
0.0000  0.0000  0.0000  0.0000  0.0000  0.0000  0.0000  0.0000  0.0000  0.0000  0.0000  0.0000  0.0000  0.0000  0.0000  0.0000  0.0000  0.0000  0.0000  0.0000  
0.0000  0.0000  0.0000  0.0000  0.0000  0.0000  0.0000  0.0000  0.0000  0.0000  0.0000  0.0000  0.0000  0.0000  0.0000  0.0000  0.0000  0.0000  0.0000  0.0000  
0.0000  0.0000  0.0000  0.0000  0.0000  0.0000  0.0000  0.0000  0.0000  0.0000  0.0000  0.0000  0.0000  0.0000  0.0000  0.0000  0.0000  0.0000  0.0000  0.0000  
0.0000  0.0000  0.0000  0.0000  0.0000  0.0000  0.0000  0.0000  0.0000  0.0000  0.0000  0.0000  0.0000  0.0000  0.0000  0.0000  0.0000  0.0000  0.0000  0.0000  
0.0000  0.0000  0.0000  0.0000  0.0000  0.0000  0.0000  0.0000  0.0000  0.0000  0.0000  0.0000  0.0000  0.0000  0.0000  0.0000  0.0000  0.0000  0.0000  0.0000  
0.0000  0.0000  0.0000  0.0000  0.0000  0.0000  0.0000  0.0000  0.0000  0.0000  0.0000  0.0000  0.0000  0.0000  0.0000  0.0000  0.0000  0.0000  0.0000  0.0000  
0.0000  0.0000  0.0000  0.0000  0.0000  0.0000  0.0000  0.0000  0.0000  0.0000  0.0000  0.0000  0.0000  0.0000  0.0000  0.0000  0.0000  0.0000  0.0000  0.0000  
0.0000  0.0000  0.0000  0.0000  0.0000  0.0000  0.0000  0.0000  0.0000  0.0000  0.0000  0.0000  0.0000  0.0000  0.0000  0.0000  0.0000  0.0000  0.0000  0.0000  
0.0000  0.0000  0.0000  0.0000  0.0000  0.0000  0.0000  0.0000  0.0000  0.0000  0.0000  0.0000  0.0000  0.0000  0.0000  0.0000  0.0000  0.0000  0.0000  0.0000  
0.0000  0.0000  0.0000  0.0000  0.0000  0.0000  0.0000  0.0000  0.0000  0.0000  0.0000  0.0000  0.0000  0.0000  0.0000  0.0000  0.0000  0.0000  0.0000  0.0000  
0.0000  0.0000  0.0000  0.0000  0.0000  0.0000  0.0000  0.0000  0.0000  0.0000  0.0000  0.0000  0.0000  0.0000  0.0000  0.0000  0.0000  0.0000  0.0000  0.0000  
0.0000  0.0000  0.0000  0.0000  0.0000  0.0000  0.0000  0.0000  0.0000  0.0000  0.0000  0.0000  0.0000  0.0000  0.0000  0.0000  0.0000  0.0000  0.0000  0.0000  
0.0000  0.0000  0.0000  0.0000  0.0000  0.0000  0.0000  0.0000  0.0000  0.0000  0.0000  0.0000  0.0000  0.0000  0.0000  0.0000  0.0000  0.0000  0.0000  0.0000  
0.0000  0.0000  0.0000  0.0000  0.0000  0.0000  0.0000  0.0000  0.0000  0.0000  0.0000  0.0000  0.0000  0.0000  0.0000  0.0000  0.0000  0.0000  0.0000  0.0000  
H 0.144 E 0.129    2.115   1.141   0.257   3.011   2.294   0.231   4.012   2.238   1.379   2.120   3.740   0.305   1.787   4.194  -1.085
Kernel d0: 0.49 sigma: 0.05 SUM:     7.18 maxCount:   1.78 PSEUDO 400+0.5
0.0000  0.0000  0.0000  0.0000  0.0000  0.0000  0.0000  0.0000  0.0000  0.0000  0.0000  0.0000  0.0000  0.0000  0.0000  0.0000  0.0000  0.0000  0.0000  0.0000  
0.0000  0.0000  0.0000  0.0000  0.0000  0.0000  0.0000  0.0000  0.0000  0.0000  0.0000  0.0000  0.0000  0.0000  0.0000  0.0000  0.0000  0.0000  0.0000  0.0000  
0.0000  0.0000  0.0000  0.0000  0.0000  0.0000  0.0000  0.0000  0.0000  0.0000  0.0000  0.0000  0.0000  0.0000  0.0000  0.0000  0.0000  0.0000  0.0000  0.0000  
0.0000  0.0000  0.0000  0.0000  0.0000  0.0000  0.0000  0.0000  0.0000  0.0000  0.0000  0.0000  0.0000  0.0000  0.0000  0.0000  0.0000  0.0000  0.0000  0.0000  
0.0000  0.0000  0.0000  0.0000  0.0000  0.0000  0.0000  0.0000  0.0000  0.0000  0.0000  0.0000  0.0000  0.0000  0.0000  0.0000  0.0000  0.0000  0.0000  0.0000  
0.0000  0.0000  0.0000  0.0000  0.0000  0.0000  0.0000  0.0000  0.0000  0.0000  0.0000  0.0000  0.0000  0.0000  0.0000  0.0000  0.0000  0.0000  0.0000  0.0000  
0.0000  0.0000  0.0000  0.0000  0.0000  0.0000  0.0000  0.0000  0.0000  0.0000  0.0000  0.0000  0.0000  0.0000  0.0000  0.0000  0.0000  0.0000  0.0000  0.0000  
0.0000  0.0000  0.0000  0.0000  0.0000  0.0000  0.0000  0.0000  0.0000  0.0000  0.0000  0.0000  0.0000  0.0000  0.0000  0.0000  0.0000  0.0000  0.0000  0.0000  
0.0000  0.0000  0.0000  0.0000  0.0000  0.0000  0.0000  0.0000  0.0000  0.0000  0.0000  0.0000  0.0000  0.0000  0.0000  0.0000  0.0000  0.0000  0.0000  0.0000  
0.0000  0.0000  0.0000  0.0000  0.0000  0.0000  0.0000  0.0000  0.0000  0.0000  0.0000  0.0000  0.0000  0.0000  0.0000  0.0000  0.0000  0.0000  0.0000  0.0000  
0.0000  0.0000  0.0000  0.0000  0.0000  0.0000  0.0000  0.0000  0.0000  0.0000  0.0000  0.0000  0.0000  0.0000  0.0000  0.0000  0.0000  0.0000  0.0000  0.0000  
0.0000  0.0000  0.0000  0.0000  0.0000  0.0000  0.0000  0.0000  0.0000  0.0000  0.0000  0.0000  0.0000  0.0000  0.0000  0.0000  0.0000  0.0000  0.0000  0.0000  
0.0000  0.0000  0.0000  0.0000  0.0000  0.0000  0.0000  0.0000  0.0000  0.0000  0.0000  0.0000  0.0000  0.0000  0.0000  0.0000  0.0000  0.0000  0.0000  0.0000  
0.0000  0.0000  0.0000  0.0000  0.0000  0.0000  0.0000  0.0000  0.0000  0.0000  0.0000  0.0000  0.0000  0.0000  0.0000  0.0000  0.0000  0.0000  0.0000  0.0000  
0.0000  0.0000  0.0000  0.0000  0.0000  0.0000  0.0000  0.0000  0.0000  0.0000  0.0000  0.0000  0.0000  0.0000  0.0000  0.0000  0.0000  0.0000  0.0000  0.0000  
0.0000  0.0000  0.0000  0.0000  0.0000  0.0000  0.0000  0.0000  0.0000  0.0000  0.0000  0.0000  0.0000  0.0000  0.0000  0.0000  0.0000  0.0000  0.0000  0.0000  
0.0000  0.0000  0.0000  0.0000  0.0000  0.0000  0.0000  0.0000  0.0000  0.0000  0.0000  0.0000  0.0000  0.0000  0.0000  0.0000  0.0000  0.0000  0.0000  0.0000  
0.0000  0.0000  0.0000  0.0000  0.0000  0.0000  0.0000  0.0000  0.0000  0.0000  0.0000  0.0000  0.0000  0.0000  0.0000  0.0000  0.0000  0.0000  0.0000  0.0000  
0.0000  0.0000  0.0000  0.0000  0.0000  0.0000  0.0000  0.0000  0.0000  0.0000  0.0000  0.0000  0.0000  0.0000  0.0000  0.0000  0.0000  0.0000  0.0000  0.0000  
0.0000  0.0000  0.0000  0.0000  0.0000  0.0000  0.0000  0.0000  0.0000  0.0000  0.0000  0.0000  0.0000  0.0000  0.0000  0.0000  0.0000  0.0000  0.0000  0.0000  
H 0.144 E 0.129    2.008   1.162  -0.622   2.902   2.301  -0.804   2.983   2.706  -2.272   4.455   1.938  -0.214   4.544   2.329   1.231
Kernel d0: 0.49 sigma: 0.05 SUM:   260.47 maxCount:  12.38 PSEUDO 400+0.5
0.0736  0.0319  0.2460  -0.1591 0.0542  0.0415  0.2434  0.2222  0.1802  0.3206  -0.3951 0.2264  0.2924  -0.1587 0.2413  0.2546  0.3608  0.1522  0.1060  0.2363  
0.2106  0.0866  0.0571  0.0425  -0.0774 0.1851  0.0560  -0.0696 0.0341  -0.1271 0.0693  0.0629  0.0807  0.0441  0.0551  0.1324  -0.2417 -0.2077 0.0691  -0.5722 
-0.3196 0.0671  0.0435  -0.2628 -0.7026 -0.2782 -0.4352 -0.4484 -0.5147 0.2220  -0.2386 0.0481  0.0623  0.0333  0.0419  0.1054  -0.0728 -0.6295 0.0530  -0.2536 
0.1751  0.0666  0.0432  0.0318  -0.2064 -0.2748 0.0423  -0.0727 0.0254  -0.3762 0.0528  0.0477  0.0619  0.0331  -0.1670 0.1047  -0.6904 -0.1234 0.0526  0.1157  
-0.2112 0.1816  0.1308  0.1020  -0.1254 -0.3427 0.1287  0.2130  0.0842  0.1471  0.1529  0.1416  0.1722  -0.3630 0.1270  -0.2518 0.0633  0.1577  0.1525  0.2606  
-0.4706 0.1740  0.1245  0.0966  -0.3615 0.2953  0.1225  -0.2959 0.0796  -0.1369 0.1460  -0.1279 0.1648  0.0999  -0.2463 0.0797  0.0292  0.0204  0.1455  -0.1295 
-0.2529 0.0588  -0.4910 0.0278  -0.2156 0.1370  0.0371  -0.6821 0.0222  -0.9347 0.0464  0.0419  0.0545  0.0289  0.0364  -0.3914 -0.3193 -0.5892 0.0462  -0.3795 
0.0507  0.2396  0.1829  0.1476  0.0116  0.3524  0.1804  0.3956  0.1246  0.3861  0.2084  0.1955  0.2296  0.1518  0.1784  0.1592  -0.2432 0.4128  0.2079  0.3162  
-0.6661 -0.1690 0.0248  0.0181  0.0954  -0.3786 0.0243  -0.6954 0.0143  -0.0099 0.0306  -0.5100 0.0362  0.0188  0.0238  0.0641  0.0674  0.1810  0.0305  0.0717  
-0.0346 -0.0315 0.2563  -0.4147 0.3101  0.3995  0.2538  0.0324  0.1901  0.2953  0.0033  0.2692  0.3021  0.2224  0.2516  -0.0220 0.2606  0.2791  0.2816  0.3737  
0.2407  -0.1504 0.0713  0.0535  0.1678  0.2145  0.0700  0.2808  0.0432  0.2815  0.0859  0.0783  0.0994  0.0555  0.0689  0.1580  -0.2582 0.0651  0.0856  0.1720  
-0.8864 -0.8052 0.0511  0.0378  -0.7702 -0.3567 -0.4714 -1.5817 0.0303  -1.2666 -0.6055 0.0564  0.0727  0.0393  0.0493  -0.3414 -0.7648 -1.1975 -0.4172 0.1328  
0.1950  0.0774  0.0506  0.0375  0.1671  0.1701  0.0496  0.2353  0.0301  0.2418  0.0617  0.0559  0.0721  0.0390  0.0488  0.1199  0.1251  0.2706  0.0614  0.1318  
-0.3723 0.0691  0.0449  -0.4996 0.1530  0.1559  0.0440  -0.4745 -0.7257 -0.5089 0.0549  0.0496  0.0643  0.0344  0.0433  -0.0736 -0.3329 0.0639  0.0546  -0.5322 
0.1773  -0.2660 0.0439  0.0324  0.1505  0.1534  0.0431  -0.2870 0.0259  -0.4531 -0.3866 -0.4165 0.0629  0.0337  0.0423  0.1063  -0.5285 -0.6531 0.0535  0.1174  
-0.2566 -0.7590 -0.2864 0.0828  -0.0152 0.2738  -0.3588 -0.1895 0.0677  -0.4340 -0.0490 0.1173  0.1450  -0.5821 0.0850  -0.1539 0.2217  -0.1116 0.1270  0.2302  
0.0381  -0.2866 0.1018  0.0779  0.2622  -0.0454 0.1001  0.0937  0.0636  0.2515  0.1208  0.1109  0.1377  0.0806  0.0986  0.0634  -0.4135 0.1385  0.1204  0.2216  
0.3741  0.2442  0.1873  0.1516  0.3452  0.1598  -0.2177 0.3981  0.1283  0.1890  -0.1029 0.2000  0.2342  0.1559  0.1828  0.3067  0.3128  0.3980  0.2125  0.3203  
0.1851  0.0719  0.0468  0.0346  0.1578  0.1607  -0.4754 0.2251  0.0277  -0.1205 -0.1459 0.0517  0.0669  0.0359  0.0451  0.1122  0.1173  0.2453  -0.2289 -0.3329 
0.1805  0.1403  0.0972  0.0742  0.1736  -0.3897 0.0955  0.2547  0.0604  -0.1930 -0.0302 0.1061  0.1321  0.0768  0.0941  0.0657  0.2064  -0.0878 0.1152  0.2147  
H 0.144 E 0.129    2.107   1.176   0.383   3.067   2.262   0.201   3.487   2.385  -1.259   4.433   2.017   1.182   4.216   2.672   2.514
Kernel d0: 0.49 sigma: 0.05 SUM:   288.86 maxCount:  12.55 PSEUDO 400+0.5
0.1356  0.0620  0.2793  -0.1571 0.0142  0.0437  0.2765  0.1751  0.2071  0.3461  -0.3879 0.0051  0.3293  -0.1454 0.2742  0.2609  0.4015  0.1353  0.1356  0.0742  
0.2407  0.1013  0.0672  0.0501  -0.2648 0.2125  0.0659  -0.0578 0.0403  -0.2447 0.0814  0.0740  0.0946  0.0520  0.0649  0.1535  -0.2428 -0.2779 0.0811  -0.6035 
-0.2997 0.0788  0.0513  -0.2807 -0.8891 -0.2755 -0.4996 -0.5032 -0.5347 0.2532  -0.2440 0.0567  0.0733  0.0394  0.0495  0.1229  -0.0647 -0.7983 0.0624  -0.3546 
0.2015  0.0782  0.0509  0.0376  -0.2775 -0.2295 0.0499  -0.0853 0.0301  -0.3934 0.0622  0.0563  0.0728  0.0391  -0.1716 0.1221  -0.7610 -0.2582 0.0619  0.1346  
-0.0572 0.2086  0.1517  0.1189  -0.0473 -0.2888 0.1494  0.1037  0.0986  0.1082  0.1767  0.1639  0.1982  -0.3754 0.1475  -0.2129 0.0902  0.0714  0.1762  0.2951  
-0.3961 0.2002  0.1446  0.1128  -0.4029 0.3324  0.1423  -0.2879 0.0933  -0.1079 0.1689  -0.1767 0.1900  0.1165  0.1064  0.2511  -0.0054 0.0319  0.1684  -0.0553 
-0.2534 0.0691  -0.5140 0.0329  -0.2473 0.1587  0.0438  -0.7080 0.0263  -0.9955 0.0547  0.0494  0.0642  0.0342  0.0430  -0.3991 -0.3186 -0.7188 0.0545  -0.4744 
0.0855  0.2570  0.2101  0.1707  0.0426  0.3927  0.2074  0.4376  0.1447  0.4074  0.2383  0.2240  0.2615  0.1754  0.2051  0.1920  -0.2216 0.4553  0.2377  0.3546  
-0.6781 -0.1757 0.0293  0.0214  0.1114  -0.3900 0.0287  -0.7463 0.0170  0.0046  0.0362  -0.5288 0.0428  0.0223  0.0282  0.0753  0.0791  0.2080  0.0360  0.0841  
-0.0255 -0.0309 0.2905  -0.4103 0.3089  0.4416  0.2878  0.0421  0.2181  0.3182  0.0375  0.3044  0.3396  0.2536  0.2855  0.0108  0.2287  0.1954  0.3177  0.4126  
0.2736  -0.1538 0.0836  0.0630  0.0980  0.2449  0.0821  0.3169  0.0509  0.2372  0.1005  0.0917  0.1160  0.0653  0.0809  0.1824  -0.2498 0.0912  0.1001  0.1979  
-0.7991 -0.9502 0.0602  0.0447  -0.9280 -0.3943 -0.4882 -1.5965 0.0359  -1.2819 -0.6351 0.0663  0.0852  0.0464  0.0581  -0.2772 -0.7914 -1.2975 -0.4562 0.1453  
0.2235  0.0907  0.0596  0.0443  0.1925  0.1958  0.0585  0.2678  0.0355  0.2748  0.0725  0.0658  0.0845  0.0460  0.0576  0.1393  0.1453  0.3060  0.0722  0.1529  
-0.3756 0.0812  0.0529  -0.5234 0.1767  0.1799  0.0519  -0.5206 -0.7601 -0.5128 0.0646  0.0585  0.0755  0.0407  0.0511  -0.0676 -0.3549 -0.0215 0.0643  -0.5687 
0.2038  -0.4504 0.0518  0.0383  0.1739  0.1771  0.0448  -0.5080 0.0307  -0.5627 -0.2613 -0.4898 0.0740  0.0398  0.0500  0.1239  -0.5200 -0.6637 0.0630  0.1365  
-0.1528 -0.8558 0.0996  0.0969  -0.1448 0.3094  -0.3693 -0.2143 0.0795  -0.4441 -0.0376 0.1364  0.1677  -0.6000 0.0410  -0.1403 0.2529  -0.1667 0.1475  0.2621  
0.2480  -0.2889 0.1187  0.0913  0.2969  0.1200  0.1167  0.1087  0.0747  0.2895  0.1404  0.1292  0.1596  0.0944  0.1151  0.0866  -0.4196 0.1688  0.1399  0.2527  
0.4153  0.2774  0.2150  0.1752  0.2857  0.1959  -0.2064 0.4401  0.1488  0.1883  -0.1421 0.2290  0.2665  0.1800  0.2100  0.3445  0.3510  0.3320  0.2428  0.3524  
0.2126  0.0844  0.0552  0.0409  0.1821  0.1854  -0.4980 0.2566  0.0328  -0.1022 -0.1443 0.0609  0.0785  0.0425  0.0532  0.1306  0.1364  0.1943  -0.4620 -0.2920 
0.2099  0.1625  0.1135  0.0870  -0.1361 -0.3778 0.1115  0.2915  0.0711  -0.2420 -0.0833 0.1236  0.1532  0.0900  0.1100  0.0774  0.2360  -0.0581 0.1340  0.2452  
