0.0000
0.1028
0.1702
0.2247
0.2708
0.3102
0.3438
0.3730
0.3993
0.4233
0.4456
0.4663
0.4857
0.5040
0.5213
0.5375
0.5526
0.5667
0.5800
0.5927
0.6049
0.6168
0.6283
0.6392
0.6497
0.6598
0.6695
0.6791
0.6885
0.6977
0.7069
0.7161
0.7253
0.7344
0.7435
0.7524
0.7612
0.7698
0.7782
0.7863
0.7941
0.8017
0.8090
0.8160
0.8229
0.8295
0.8360
0.8422
0.8483
0.8543
0.8601
0.8657
0.8713
0.8767
0.8819
0.8871
0.8921
0.8971
0.9020
0.9068
0.9114
0.9159
0.9201
0.9242
0.9279
0.9315
0.9349
0.9382
0.9413
0.9444
0.9473
0.9501
0.9530
0.9559
0.9589
0.9619
0.9644
0.9664
0.9682
0.9698
0.9713
0.9728
0.9742
0.9755
0.9767
0.9778
0.9790
0.9802
0.9814
0.9827
0.9840
0.9851
0.9863
0.9874
0.9885
0.9895
0.9905
0.9915
0.9924
0.9932
0.9939
0.9943
0.9947
0.9950
0.9953
0.9956
0.9958
0.9961
0.9963
0.9965
0.9967
0.9969
0.9971
0.9973
0.9975
0.9977
0.9978
0.9980
0.9981
0.9983
0.9984
0.9985
0.9986
0.9988
0.9989
0.9990
0.9992
0.9993
0.9994
0.9995
0.9996
0.9997
0.9997
0.9998
0.9999
0.9999
0.9999
1.0000
