-0.24669 0.73241  0.63460 
0.66472  -0.26683 -0.69782
0.07354  0.16144  -0.98414
-0.34385 -0.89911 0.27086 
0.40447  0.82470  0.39532 
-0.32391 0.02262  -0.94582
-0.11006 0.04273  -0.99301
-0.32812 0.15720  0.93146 
-0.12814 0.97869  -0.16045
-0.94641 0.18195  0.26684 
-0.29478 0.95474  0.03969 
-0.80316 -0.58967 -0.08501
0.53184  -0.84485 0.05817 
-0.94290 -0.24706 0.22340 
-0.53358 0.65092  -0.54000
-0.34494 0.55595  0.75626 
0.69119  -0.58723 0.42120 
-0.64279 0.68956  -0.33366
0.06652  -0.37725 -0.92372
0.73542  0.47973  0.47855 
-0.72449 -0.26030 0.63825 
-0.55303 0.49475  0.67036 
-0.90823 0.41081  -0.07976
-0.65156 0.22764  -0.72364
-0.98825 -0.02520 0.15075 
-0.66185 -0.74963 -0.00300
-0.22377 -0.04499 0.97360 
0.87974  -0.44863 -0.15743
0.99628  -0.07669 0.03938 
0.16202  0.98129  0.10399 
-0.03554 -0.96238 0.26936 
0.66132  -0.64081 -0.38989
-0.50424 0.86342  0.01564 
0.11665  0.23378  0.96527 
0.29244  -0.82824 0.47802 
-0.24786 0.46143  -0.85185
0.21949  0.03628  0.97494 
-0.00142 -0.00488 0.99999 
-0.31176 0.75236  -0.58032
0.98351  0.11803  0.13705 
-0.07089 0.99514  0.06828 
-0.18043 -0.71970 -0.67043
-0.74611 0.34743  0.56799 
0.07821  -0.99375 0.07963 
-0.51302 -0.75994 -0.39912
-0.50227 0.12536  -0.85557
0.25942  -0.37832 0.88858 
-0.24920 -0.18581 -0.95046
-0.10881 0.19913  0.97391 
0.71102  0.70148  0.04876 
0.94050  0.32653  0.09399 
-0.11994 0.59437  0.79520 
-0.44829 0.86345  0.23126 
-0.86373 0.38281  -0.32777
-0.43765 -0.07782 0.89577 
-0.60364 -0.27742 -0.74743
0.47262  0.38058  0.79485 
0.37719  0.35370  -0.85593
0.81556  -0.26657 -0.51362
0.35709  0.21402  0.90922 
0.03621  -0.43322 0.90056 
-0.31082 -0.54951 -0.77551
0.51239  -0.45949 -0.72548
0.63048  -0.33016 0.70249 
-0.73310 0.12063  0.66934 
0.52303  -0.63269 -0.57109
0.74305  0.08788  0.66344 
-0.67406 -0.69529 -0.24942
0.70032  0.14717  -0.69849
0.60700  -0.05599 -0.79272
-0.47508 -0.12929 -0.87039
-0.17494 0.65472  -0.73535
0.30193  -0.16412 0.93910 
-0.89988 -0.40159 -0.17015
-0.59791 -0.45241 0.66168 
0.00575  0.93686  -0.34966
0.94711  -0.26782 0.17679 
-0.86308 0.15914  0.47935 
0.75604  -0.38847 0.52678 
-0.19106 -0.97539 0.11002 
-0.78606 -0.51699 -0.33887
0.56678  0.52712  0.63316 
-0.76415 -0.17975 -0.61948
0.13980  -0.56015 -0.81651
0.14886  -0.84624 -0.51158
-0.42289 0.34817  0.83663 
-0.95842 0.02099  -0.28457
-0.78872 0.07340  -0.61035
-0.18812 -0.46680 0.86412 
0.47706  -0.25411 0.84133 
0.11890  0.60569  0.78677 
0.07074  -0.72736 -0.68260
0.97890  -0.06262 -0.19450
0.53518  0.84469  -0.00890
-0.40774 -0.47799 0.77799 
-0.71780 -0.40283 -0.56787
0.39882  -0.04927 -0.91570
0.06533  -0.94644 -0.31621
-0.00249 0.95750  0.28842 
0.15222  0.36309  -0.91923
0.91764  -0.26261 -0.29829
0.29784  0.15669  -0.94167
0.19789  -0.93830 0.28360 
-0.97862 0.20171  0.04025 
0.26832  0.71146  -0.64949
-0.33419 -0.28243 0.89920 
-0.44501 -0.89299 0.06734 
-0.31668 -0.77408 0.54819 
0.41010  -0.90168 -0.13709
-0.08030 -0.57470 -0.81441
-0.08581 0.31291  -0.94590
-0.85961 -0.25891 0.44049 
0.22439  0.74914  0.62325 
-0.48331 -0.77681 0.40370 
-0.05774 -0.99305 -0.10252
-0.67948 0.55135  0.48407 
0.77748  -0.06418 -0.62563
-0.68762 0.72195  -0.07726
-0.65334 0.74130  0.15367 
-0.97348 -0.22870 -0.00535
-0.21320 0.39283  0.89456 
-0.15451 -0.93818 -0.30974
0.44929  -0.00282 0.89338 
-0.90527 0.39576  0.15445 
-0.61128 0.29349  0.73499 
0.47151  0.67640  -0.56583
0.84645  0.14092  -0.51347
-0.81239 0.58126  0.04651 
0.77299  -0.15732 0.61461 
0.34751  -0.76989 -0.53526
0.57680  0.78454  0.22758 
0.63100  0.52479  -0.57134
0.14183  -0.74907 0.64713 
0.46310  0.85492  -0.23378
0.81783  0.26163  0.51254 
0.04958  0.70301  -0.70945
-0.42264 -0.67288 -0.60713
0.13810  0.84606  -0.51488
0.87306  0.01846  0.48727 
-0.17657 -0.88982 0.42076 
0.98570  0.14589  -0.08434
0.66319  0.72786  -0.17435
-0.60453 0.45619  -0.65302
-0.22876 0.93747  0.26234 
0.74613  0.55072  -0.37415
-0.46779 0.67475  0.57087 
-0.16630 -0.38851 -0.90631
0.60406  0.67071  0.43042 
0.80655  -0.45902 -0.37253
-0.01498 0.75382  0.65691 
0.61274  -0.74923 0.25141 
0.29113  -0.89726 -0.33191
-0.01607 0.52133  -0.85320
0.84940  0.52345  0.06720 
0.41752  -0.86545 0.27688 
0.09363  0.98863  -0.11766
-0.02205 -0.17700 -0.98396
0.18675  -0.97457 -0.12385
0.32169  -0.63047 -0.70642
0.90475  -0.06301 -0.42126
-0.79615 0.56760  -0.20971
-0.89659 -0.43739 0.06938 
0.06157  -0.88103 0.46904 
0.85072  -0.41950 0.31669 
0.75571  0.34218  -0.55840
0.25012  -0.23793 -0.93853
0.49419  -0.79134 -0.35994
0.57562  -0.54465 0.60993 
0.32349  0.94381  -0.06759
0.95814  -0.05497 0.28099 
-0.84161 -0.45258 0.29472 
-0.28860 -0.95308 -0.09133
0.20421  -0.57832 0.78984 
-0.08844 0.82165  -0.56310
0.09242  -0.21181 0.97293 
-0.26317 -0.64168 0.72041 
0.31988  -0.42965 -0.84444
-0.12201 -0.25175 0.96007 
-0.73964 -0.45510 0.49580 
-0.35616 0.82537  0.43809 
0.47802  -0.25348 -0.84098
-0.57870 0.72601  0.37150 
0.68387  -0.46136 -0.56521
0.24322  0.41550  0.87647 
0.77317  -0.59788 0.21154 
-0.76900 0.57734  0.27444 
0.38943  0.90718  0.15931 
-0.43200 0.80914  -0.39834
0.86252  0.40946  0.29734 
0.00996  0.42729  0.90406 
0.88167  -0.21644 0.41931 
0.10116  0.86750  0.48703 
-0.50004 -0.63463 0.58924 
-0.40142 0.57234  -0.71504
-0.88721 0.17313  -0.42765
-0.52103 -0.84098 -0.14586
-0.66750 -0.63526 0.38846 
0.21585  0.55003  -0.80677
0.75934  -0.62348 -0.18624
-0.53034 -0.48898 -0.69256
0.43442  0.52985  -0.72838
0.43096  0.69804  0.57186 
-0.39792 -0.34981 -0.84811
0.74780  0.60916  0.26405 
-0.58852 -0.78097 0.20911 
-0.76543 -0.62247 0.16323 
0.50562  -0.72897 0.46146 
-0.85736 -0.30993 -0.41094
0.23237  0.92822  -0.29054
0.86319  0.35817  -0.35585
-0.36533 -0.88468 -0.28962
-0.46350 0.35886  -0.81018
-0.09165 -0.78099 0.61778 
0.16127  -0.04116 -0.98605
-0.29493 0.24055  -0.92474
0.51301  0.15373  -0.84451
-0.81885 -0.06350 0.57049 
-0.33946 0.92195  -0.18650
0.58627  0.35006  -0.73058
-0.02820 -0.62628 0.77909 
0.66888  0.32448  0.66882 
0.60219  -0.78179 -0.16179
-0.99753 -0.00487 -0.07001
0.58583  0.71458  -0.38233
0.22472  0.92158  0.31653 
0.96112  -0.26961 -0.05962
0.57284  0.16299  0.80330 
-0.13151 0.87016  0.47489 
-0.64803 -0.07318 0.75809 
0.81399  0.55917  -0.15731
-0.88334 -0.08363 -0.46122
-0.92882 -0.04293 0.36805 
0.36913  -0.66989 0.64420 
0.92358  0.19025  0.33288 
0.36010  0.82200  -0.44118
-0.95232 -0.19415 -0.23537
-0.21798 0.89616  -0.38649
-0.53459 0.11477  0.83728 
-0.07113 -0.85458 -0.51443
0.92269  0.36080  -0.13587
-0.95687 0.22028  -0.18942
0.72011  -0.69348 0.02295 
-0.53971 -0.27238 0.79657 
-0.84698 0.37967  0.37212 
-0.72336 0.52012  -0.45412
-0.77037 0.31895  -0.55209
-0.53266 0.82262  -0.19890
0.87900  -0.47262 0.06322 
0.42921  -0.47441 0.76858 
0.62712  -0.08495 0.77427 
0.94078  0.14896  -0.30454
-0.29357 -0.81982 -0.49164
0.34768  0.57184  0.74304 
0.31479  -0.94604 0.07689 
-0.64984 -0.02861 -0.75953
-0.63084 -0.59742 -0.49510
