#  Matrix made by matblas from blosum62.iij
#  * column uses minimum score
#  BLOSUM Clustered Scoring Matrix in 1/2 Bit Units
#  Blocks Database = /data/blocks_5.0/blocks.dat
#  Cluster Percentage: >= 62
#  Entropy =   0.6979, Expected =  -0.5209
     A      C      D      E      F      G      H      I      K      L      M      N      P      Q      R      S      T      V      W      Y
A  3.929 -0.409 -1.753 -0.864 -2.210  0.160 -1.625 -1.322 -0.734 -1.465 -0.935 -1.531 -0.814 -0.804 -1.414  1.116 -0.045 -0.189 -2.527 -1.764
C -0.409  8.582 -3.460 -3.612 -2.375 -2.500 -2.988 -1.228 -3.036 -1.277 -1.420 -2.660 -2.795 -2.902 -3.389 -0.875 -0.867 -0.808 -2.304 -2.407
D -1.753 -3.460  5.774  1.510 -3.484 -1.314 -1.119 -3.121 -0.702 -3.606 -3.059  1.272 -1.480 -0.313 -1.606 -0.261 -1.051 -3.143 -4.214 -3.065
E -0.864 -3.612  1.510  4.903 -3.192 -2.110 -0.118 -3.194  0.775 -2.846 -1.998 -0.268 -1.116  1.855 -0.115 -0.147 -0.863 -2.442 -2.835 -2.020
F -2.210 -2.375 -3.484 -3.192  6.046 -3.107 -1.234 -0.161 -3.079  0.415  0.013 -2.994 -3.597 -3.164 -2.786 -2.369 -2.108 -0.849  0.918  2.939
G  0.160 -2.500 -1.314 -2.110 -3.107  5.563 -2.041 -3.725 -1.528 -3.627 -2.677 -0.423 -2.134 -1.785 -2.304 -0.292 -1.575 -3.139 -2.491 -3.040
H -1.625 -2.988 -1.119 -0.118 -1.234 -2.041  7.511 -3.232 -0.721 -2.787 -1.551  0.578 -2.161  0.448 -0.250 -0.882 -1.686 -3.117 -2.342  1.693
I -1.322 -1.228 -3.121 -3.194 -0.161 -3.725 -3.232  3.999 -2.670  1.522  1.127 -3.217 -2.757 -2.770 -2.990 -2.348 -0.718  2.547 -2.581 -1.331
K -0.734 -3.036 -0.702  0.775 -3.079 -1.528 -0.721 -2.670  4.505 -2.447 -1.355 -0.179 -1.014  1.273  2.109 -0.203 -0.670 -2.262 -2.956 -1.820
L -1.465 -1.277 -3.606 -2.846  0.415 -3.627 -2.787  1.522 -2.447  3.849  1.992 -3.379 -2.860 -2.134 -2.155 -2.443 -1.197  0.788 -1.632 -1.062
M -0.935 -1.420 -3.059 -1.998  0.013 -2.677 -1.551  1.127 -1.355  1.992  5.393 -2.151 -2.476 -0.421 -1.367 -1.481 -0.666  0.687 -1.425 -0.995
N -1.531 -2.660  1.272 -0.268 -2.994 -0.423  0.578 -3.217 -0.179 -3.379 -2.151  5.653 -2.000  0.002 -0.440  0.601 -0.046 -2.876 -3.696 -2.082
P -0.814 -2.795 -1.480 -1.116 -3.597 -2.134 -2.161 -2.757 -1.014 -2.860 -2.476 -2.000  7.365 -1.282 -2.109 -0.809 -1.075 -2.349 -3.654 -2.920
Q -0.804 -2.902 -0.313  1.855 -3.164 -1.785  0.448 -2.770  1.273 -2.134 -0.421  0.002 -1.282  5.285  0.983 -0.101 -0.675 -2.198 -1.946 -1.421
R -1.414 -3.389 -1.606 -0.115 -2.786 -2.304 -0.250 -2.990  2.109 -2.155 -1.367 -0.440 -2.109  0.983  5.473 -0.765 -1.122 -2.503 -2.679 -1.694
S  1.116 -0.875 -0.261 -0.147 -2.369 -0.292 -0.882 -2.348 -0.203 -2.443 -1.481  0.601 -0.809 -0.101 -0.765  3.884  1.381 -1.646 -2.752 -1.686
T -0.045 -0.867 -1.051 -0.863 -2.108 -1.575 -1.686 -0.718 -0.670 -1.197 -0.666 -0.046 -1.075 -0.675 -1.122  1.381  4.545 -0.056 -2.429 -1.606
V -0.189 -0.808 -3.143 -2.442 -0.849 -3.139 -3.117  2.547 -2.262  0.788  0.687 -2.876 -2.349 -2.198 -2.503 -1.646 -0.056  3.769 -2.834 -1.208
W -2.527 -2.304 -4.214 -2.835  0.918 -2.491 -2.342 -2.581 -2.956 -1.632 -1.425 -3.696 -3.654 -1.946 -2.679 -2.752 -2.429 -2.834 10.504  2.154
Y -1.764 -2.407 -3.065 -2.020  2.939 -3.040  1.693 -1.331 -1.820 -1.062 -0.995 -2.082 -2.920 -1.421 -1.694 -1.686 -1.606 -1.208  2.154  6.595


@P 0.078  0.024  0.052  0.059  0.044  0.083  0.025  0.062  0.056  0.092  0.024  0.041  0.043  0.034  0.051  0.059  0.055  0.072  0.014  0.034 
