1002      0.577   5.447   0.485  -0.255   6.553   0.948   0.513   7.869   0.914  -0.824   6.250   2.521  -2.137   5.530   2.447 0.1850
1630      3.933   1.410  -1.333   4.854   1.329  -2.463   6.260   0.966  -2.001   4.881   2.801  -3.313   3.839   2.775  -4.392 0.1193
1964      3.165   2.203   2.212   3.552   2.682   3.536   4.967   2.238   3.889   2.457   2.125   4.712   1.348   3.122   4.873 0.1292
624       0.329   3.732   2.045   0.178   4.312   3.377   1.512   4.350   4.113  -0.962   3.434   4.281  -2.327   4.019   4.068 0.1968
3440      3.777   1.617  -1.356   4.406   1.738  -2.668   3.434   2.310  -3.692   4.983   0.227  -3.191   6.398   0.044  -2.728 0.0959
582       2.981   2.955  -1.951   3.379   2.940  -3.355   4.427   4.010  -3.640   2.026   3.168  -4.358   1.427   1.835  -4.700 0.2510
1151      0.050   4.049   1.161  -0.240   4.795   2.382   0.431   4.152   3.590  -1.919   4.895   2.631  -2.451   6.129   1.966 0.1410
1251      2.405   4.681   1.101   2.603   5.327   2.396   2.031   6.740   2.398   4.256   5.366   2.793   4.616   4.126   3.557 0.1286
1115      2.444   4.455   1.159   2.726   4.987   2.489   3.199   3.888   3.432   1.346   5.750   3.127   1.353   7.199   2.741 0.1533
1398      2.195   2.622   2.587   1.908   3.348   3.821   2.989   3.101   4.867   0.388   2.898   4.435  -0.667   3.802   3.870 0.1629
948       2.828   4.283  -1.403   2.892   5.045  -2.647   3.684   6.334  -2.461   1.326   5.398  -3.207   0.860   4.299  -4.115 0.1971
1044      2.597   2.522   2.468   2.467   3.227   3.740   3.391   2.630   4.795   0.856   3.182   4.283   0.117   4.374   3.752 0.1640
924       2.569   2.660   2.379   2.305   3.461   3.571   3.569   4.166   4.049   1.676   2.486   4.813   0.179   2.460   4.720 0.1741
786       2.547   2.511   2.441   3.626   2.424   3.421   4.875   1.802   2.808   3.128   1.521   4.772   2.520   2.439   5.791 0.1792
694       1.869   4.438   1.508   1.774   4.989   2.857   2.780   6.116   3.062   2.023   3.768   4.015   0.707   3.143   4.371 0.2031
818       0.545   5.226   0.970  -0.263   6.224   1.663   0.182   7.637   1.304  -0.176   5.995   3.345  -1.271   5.067   3.781 0.1674
1043      3.157   2.253  -1.953   4.546   2.093  -2.374   4.747   2.587  -3.802   5.021   0.465  -2.248   5.594   0.215  -0.885 0.1776
3089      3.823   1.702  -1.254   4.589   1.844  -2.490   3.666   2.036  -3.688   5.583   0.486  -2.731   6.917   0.723  -2.088 0.1176
1060      1.023   5.472   1.004   0.408   6.494   1.847  -0.357   7.510   1.008   1.590   7.281   2.782   1.757   6.561   4.087 0.1625
1039      1.578   4.743   1.367   1.268   5.469   2.596   1.437   6.971   2.402   2.258   4.930   3.869   1.582   3.797   4.582 0.1499
623      -0.475   4.049   1.158  -1.084   4.839   2.224  -0.265   4.756   3.506  -2.676   4.316   2.514  -3.623   5.090   1.645 0.1665
708       0.785   5.679  -0.613   0.065   6.935  -0.806   1.030   8.088  -1.058  -0.908   7.274   0.547  -2.267   6.673   0.348 0.1841
1713      0.261   4.302   0.446  -0.096   5.320   1.430   0.388   4.932   2.822  -1.779   5.565   1.446  -2.136   6.643   0.467 0.1238
1713      2.201   4.829   1.264   2.370   5.369   2.610   1.241   6.330   2.962   3.871   6.155   2.749   4.910   5.175   3.206 0.1300
1779      3.555   1.690  -1.909   4.275   1.800  -3.174   3.984   3.131  -3.857   3.864   0.512  -4.205   4.805  -0.633  -3.975 0.1251
869       2.089   4.913  -0.814   1.390   6.157  -1.120   1.836   6.722  -2.463   1.650   7.302   0.110   0.581   7.168   1.153 0.1881
892       1.192   5.446   0.516   0.613   6.599   1.200   1.188   7.903   0.660   0.884   6.493   2.875  -0.257   5.764   3.521 0.1640
694      -0.542   4.440  -0.441  -1.426   5.583  -0.232  -1.071   6.324   1.052  -3.049   5.078  -0.185  -3.624   5.115  -1.569 0.2153
1127      2.896   4.377  -1.280   2.923   5.210  -2.478   4.261   5.927  -2.620   1.655   6.343  -2.441   0.440   5.756  -3.095 0.1512
926       0.716   5.711   0.051  -0.050   6.935   0.269   0.460   8.066  -0.615   0.022   7.395   1.904  -1.115   6.765   2.652 0.1672
333      -0.384   4.349   0.319  -1.064   5.385   1.091  -2.020   6.185   0.214   0.069   6.424   1.817   0.428   5.901   3.176 0.2487
988      -0.223   4.156   1.255  -0.577   4.809   2.512  -1.325   3.853   3.434  -1.519   6.193   2.218  -0.622   7.384   2.060 0.1753
1206      1.876   4.878   1.102   1.661   5.751   2.252   1.490   7.202   1.815   2.956   5.621   3.346   2.662   4.538   4.341 0.1507
550       3.527   2.114   2.193   4.133   2.571   3.441   5.635   2.771   3.280   3.822   1.464   4.693   2.545   1.837   5.385 0.2025
1025      1.413   4.970   1.087   0.960   5.878   2.137   1.635   7.239   2.015   1.267   5.210   3.671   0.083   4.401   4.110 0.1618
858       0.601   4.783   1.303  -0.225   5.530   2.246  -0.282   7.008   1.874   0.369   5.349   3.829  -0.284   4.164   4.475 0.1803
737      -0.734   4.561  -0.488  -1.601   5.684  -0.142  -2.661   5.268   0.871  -2.342   6.314  -1.536  -1.478   7.393  -2.118 0.1998
1098      0.869   3.725   1.927   1.230   4.163   3.272   2.225   3.203   3.913  -0.159   4.298   4.244  -0.713   5.687   4.134 0.1127
354       1.934   3.248  -2.527   2.863   3.512  -3.622   2.538   4.832  -4.311   2.826   2.240  -4.750   3.846   1.207  -4.373 0.2435
980       3.566   1.589  -1.711   4.177   1.649  -3.036   5.684   1.432  -2.956   3.842   3.143  -3.776   2.571   3.036  -4.565 0.1420
1111      0.238   4.279  -0.749  -0.447   5.515  -0.384  -0.467   5.706   1.128  -2.035   5.515  -0.992  -2.045   6.126  -2.362 0.1658
684      -0.573   4.121   1.075  -1.308   4.986   1.994  -0.405   5.489   3.114  -2.642   4.159   2.648  -3.841   4.374   1.773 0.1963
781       0.350   4.114   1.391   0.302   4.825   2.666   0.585   3.882   3.830  -1.211   5.571   2.874  -1.167   6.959   2.307 0.1534
233       1.541   5.473  -0.973   0.903   6.781  -1.100   1.523   7.789  -0.140  -0.768   6.655  -0.814  -1.478   6.384  -2.107 0.2994
1003     -0.621   4.560  -0.452  -1.437   5.653   0.069  -2.786   5.143   0.563  -1.665   6.843  -1.124  -0.566   7.860  -1.032 0.1772
1352      2.843   2.311  -2.342   4.007   2.217  -3.219   3.618   2.447  -4.674   4.757   0.700  -3.048   5.798   0.775  -1.972 0.1179
1052      0.760   4.079  -1.439   0.124   5.393  -1.466  -0.504   5.727  -0.118  -1.054   5.458  -2.690  -0.424   5.935  -3.965 0.1538
518       3.007   2.207   2.205   4.296   2.016   2.864   5.390   1.705   1.849   4.196   0.768   4.014   3.805   1.343   5.343 0.1968
1545      2.743   2.494   2.334   2.631   3.199   3.608   3.981   3.281   4.311   1.496   2.429   4.614   0.137   3.016   4.375 0.1481
316       2.287   4.605   0.968   1.855   5.657   1.884   0.341   5.648   2.055   2.370   7.178   1.325   3.723   7.487   1.893 0.2458
1008      2.947   4.261   0.958   3.705   4.643   2.146   4.221   3.415   2.887   2.746   5.589   3.183   2.909   7.038   2.832 0.1610
1081      0.601   5.675   0.379  -0.225   6.827   0.729  -0.422   7.745  -0.472   0.474   7.690   2.015  -0.042   7.153   3.317 0.1498
992       2.156   2.994  -2.338   1.872   3.921  -3.430   0.601   4.716  -3.158   1.730   3.079  -4.900   3.074   2.996  -5.561 0.1563
796       4.397   1.746  -1.335   5.594   1.220  -1.985   6.704   2.264  -2.020   5.232   0.701  -3.563   4.831  -0.744  -3.534 0.1847
1058      1.767   5.246  -0.021   1.195   6.523   0.395   1.054   7.473  -0.788   2.154   7.236   1.605   1.674   6.786   2.953 0.1815
620       1.716   4.012   1.836   1.631   4.425   3.234   1.953   5.907   3.389   2.686   3.496   4.192   1.965   2.280   4.694 0.2220
1009      4.390   1.424  -0.849   5.630   1.336  -1.615   5.569   2.216  -2.859   5.942  -0.276  -2.055   6.766  -0.934  -0.989 0.1847
465       3.229   4.156   0.910   4.349   4.281   1.839   4.697   5.744   2.086   5.708   3.451   1.244   5.687   2.036   1.742 0.2336
761       2.025   4.786   0.859   1.807   5.680   1.993   2.993   6.617   2.189   1.531   4.784   3.411   0.061   4.527   3.562 0.2049
569      -0.150   4.565   0.204  -0.722   5.765   0.808   0.112   6.233   1.995  -2.324   5.475   1.300  -3.260   5.812   0.178 0.2024
748      -0.079   5.012   0.703  -1.094   5.984   1.102  -0.572   7.409   0.967  -1.596   5.695   2.700  -2.760   4.750   2.696 0.2175
782       2.183   2.581  -2.652   1.715   3.241  -3.867   0.328   2.745  -4.261   2.810   2.982  -5.142   3.831   4.081  -5.154 0.2020
1033      0.460   5.555   0.202  -0.393   6.716   0.438   0.263   7.992  -0.076  -0.744   6.867   2.094  -1.998   6.107   2.410 0.1735
949       2.913   2.422   2.331   3.085   3.071   3.628   4.562   3.250   3.960   2.317   2.170   4.848   0.902   2.641   5.003 0.1500
296       4.014   1.424   0.598   5.344   1.099   0.090   5.321   0.905  -1.422   5.944  -0.298   0.849   6.707   0.090   2.081 0.2909
741       2.262   4.454   1.445   2.435   4.894   2.827   2.280   6.405   2.945   3.956   4.415   3.416   3.843   3.061   4.050 0.1723
885       2.384   4.623   0.877   2.433   5.445   2.082   2.535   4.581   3.333   1.060   6.445   2.174   1.344   7.749   1.490 0.1528
134       3.548   1.824   1.728   4.850   1.181   1.886   4.726  -0.336   1.808   5.558   1.632   3.364   6.392   2.863   3.164 0.3568
716      -0.259   4.155   1.254  -0.626   4.756   2.533  -1.782   4.004   3.181  -1.039   6.392   2.323   0.187   7.241   2.480 0.2158
450      -0.432   4.643  -1.042  -1.180   5.897  -1.032  -1.626   6.259   0.380  -2.530   5.790  -2.060  -2.145   6.239  -3.438 0.2304
480       0.646   5.752  -0.884  -0.022   6.969  -1.338   0.965   7.923  -2.000  -0.796   7.741  -0.036  -2.201   7.230   0.084 0.1973
1794      1.678   3.295   2.232   2.516   3.472   3.415   3.611   2.414   3.475   1.570   3.413   4.826   1.101   4.796   5.172 0.1290
732       2.363   4.404   1.431   2.654   4.794   2.808   3.284   6.181   2.864   3.681   3.656   3.543   2.857   2.595   4.208 0.1753
758       0.628   3.872   1.898   0.898   4.238   3.286   0.660   3.057   4.221  -0.072   5.554   3.752   0.652   6.836   3.462 0.1722
1557      2.423   4.530  -1.319   2.062   5.443  -2.400   3.269   5.763  -3.274   1.401   6.877  -1.770  -0.085   6.728  -1.641 0.1618
951       2.361   4.491  -1.333   1.961   5.408  -2.396   3.100   6.350  -2.767   0.595   6.304  -1.924  -0.649   5.572  -2.332 0.1698
1447      4.100   1.474  -0.959   5.121   1.414  -2.001   4.536   1.764  -3.364   5.828  -0.132  -2.049   7.016  -0.167  -1.134 0.1459
396       1.380   3.497  -2.530   0.975   4.527  -3.483   0.178   5.628  -2.795   0.060   3.843  -4.742   0.974   3.426  -5.855 0.2332
783       3.529   2.098   2.193   4.212   2.488   3.424   5.686   2.102   3.380   3.461   1.772   4.771   2.389   2.684   5.289 0.1385
515       2.864   2.457   2.068   2.947   3.066   3.393   1.696   3.880   3.701   4.327   4.051   3.508   5.483   3.236   4.008 0.2256
966       2.694   4.417   1.004   3.182   4.987   2.257   3.251   3.929   3.352   2.184   6.273   2.751   2.701   7.557   2.175 0.1707
1105      1.068   3.774   1.926   1.555   4.233   3.224   2.838   3.511   3.615   0.367   4.002   4.419  -0.494   5.226   4.511 0.1455
1007      2.719   4.433   1.215   3.270   4.764   2.526   2.636   6.033   3.083   4.957   4.948   2.431   5.620   3.627   2.685 0.1340
918       0.099   3.873   1.520  -0.082   4.477   2.837   1.046   4.081   3.782  -1.582   4.023   3.496  -2.627   5.021   3.093 0.1648
372      -0.706   4.486  -0.560  -1.590   5.618  -0.296  -1.895   6.386  -1.577  -0.895   6.658   0.855  -1.321   6.237   2.230 0.2680
1427      4.182   1.514  -1.026   5.245   1.539  -2.026   4.682   1.360  -3.431   6.395   0.329  -1.700   7.466   0.884  -0.809 0.1356
171       0.954   5.719  -1.227   0.223   6.897  -1.684  -0.433   7.624  -0.516  -0.952   6.458  -2.832  -0.355   6.516  -4.206 0.2943
372       1.099   4.130   1.494   0.603   4.801   2.692   1.739   5.472   3.456  -0.204   3.695   3.701  -1.659   3.657   3.338 0.2478
678       0.282   5.545  -0.218  -0.626   6.689  -0.255   0.082   7.966   0.182  -1.979   6.404   0.734  -3.060   5.749  -0.073 0.2343
2816      3.435   1.794  -1.727   3.873   2.015  -3.103   2.692   2.345  -4.008   4.695   0.648  -3.690   6.159   0.779  -3.393 0.1067
464       3.205   2.211   1.988   3.412   2.746   3.330   4.849   3.219   3.517   3.028   1.574   4.501   1.579   1.695   4.872 0.2060
978       1.244   5.282   1.109   0.740   6.272   2.057   0.315   7.549   1.343   1.920   6.625   3.230   1.762   5.693   4.394 0.1588
574       0.624   4.571   1.367  -0.168   5.256   2.385   0.223   6.725   2.487   0.020   4.496   3.894  -1.026   3.433   4.053 0.2463
1047      2.046   4.980   0.703   1.864   5.998   1.733   2.284   7.373   1.227   2.748   5.594   3.129   1.890   4.772   4.043 0.1572
160      -1.834   1.360  -3.212  -1.963   0.746  -4.530  -3.075   1.406  -5.337  -2.261  -0.921  -4.382  -0.957  -1.662  -4.362 0.3321
576       0.305   4.390   1.077   0.153   5.193   2.287  -1.026   4.709   3.123  -0.048   6.833   1.889   1.293   7.502   1.830 0.2399
978       3.094   3.971  -1.597   3.329   4.451  -2.956   4.583   5.315  -3.024   1.985   5.330  -3.515   1.030   4.400  -4.202 0.1739
631       2.959   1.890  -2.335   3.258   2.137  -3.742   2.725   3.493  -4.187   2.602   0.905  -4.713   3.611  -0.193  -4.877 0.1785
395       0.658   5.666   0.393  -0.101   6.854   0.773  -1.140   6.524   1.838  -0.858   7.535  -0.589   0.057   8.542  -1.219 0.2488
785       0.368   4.221   1.495   0.369   4.941   2.765  -0.123   4.052   3.901  -0.597   6.336   2.657   0.244   7.493   2.206 0.1851
628      -0.198   4.475   0.887  -0.593   5.409   1.938  -1.481   4.728   2.972  -1.399   6.749   1.269  -0.401   7.820   0.941 0.1819
1012      0.433   5.731  -0.136  -0.400   6.928  -0.209  -0.016   7.792  -1.404  -0.270   7.829   1.227  -1.320   7.376   2.198 0.1741
582       1.264   4.623   1.002   0.843   5.657   1.944   2.014   6.133   2.796  -0.406   5.078   2.941  -1.732   5.372   2.303 0.2678
1002      4.136   1.482  -1.117   5.323   1.278  -1.943   5.701   2.555  -2.685   5.064   0.014  -3.051   5.490  -1.285  -2.435 0.1617
255       2.297   4.587   1.190   1.710   5.592   2.072   0.295   5.949   1.633   2.679   6.988   2.109   3.687   6.868   3.212 0.2694
1081      2.568   2.345  -2.626   3.539   2.292  -3.715   3.054   3.086  -4.923   3.843   0.680  -4.161   4.989   0.145  -3.354 0.1551
1028     -0.251   4.593  -0.940  -0.987   5.833  -0.711  -2.346   5.555  -0.079  -1.185   6.684  -2.170  -0.028   7.618  -2.364 0.2199
688       3.635   1.731  -1.681   4.226   1.877  -3.008   5.720   2.164  -2.915   3.446   3.116  -3.872   2.296   2.541  -4.644 0.1742
1118      3.255   2.130  -2.017   3.653   2.565  -3.352   2.609   3.494  -3.961   3.899   1.221  -4.365   5.331   0.784  -4.276 0.1577
573       2.927   2.510  -2.195   4.286   2.177  -2.612   5.050   3.424  -3.042   4.258   1.044  -3.879   4.284  -0.343  -3.311 0.2365
133       5.185   2.816   0.658   6.594   2.511   0.890   7.413   2.693  -0.383   6.770   0.924   1.474   6.710   0.933   2.973 0.3507
905       2.166   4.948   0.640   2.055   6.020   1.625   2.958   7.194   1.263   2.443   5.442   3.176   1.199   4.940   3.848 0.1830
210       1.935   2.822   2.377   1.488   3.620   3.515   0.403   4.607   3.101   2.799   4.451   4.208   3.421   3.603   5.277 0.2926
317       0.076   4.161   1.486  -0.123   4.964   2.689  -0.929   6.221   2.382   1.375   5.386   3.375   1.785   4.335   4.363 0.2342
680       1.175   3.331   2.252   1.745   3.528   3.582   3.143   2.927   3.674   0.736   2.844   4.767  -0.252   3.870   5.236 0.1747
544       3.149   2.016  -2.078   3.349   2.327  -3.491   4.783   2.767  -3.759   2.264   3.537  -3.991   1.002   2.900  -4.494 0.2117
542       1.344   3.558   2.362   1.844   4.042   3.646   3.356   3.874   3.744   1.082   3.222   4.926  -0.155   3.968   5.330 0.2194
652       1.923   5.032  -0.318   1.292   6.329  -0.088   2.120   7.457  -0.691   1.069   6.593   1.576  -0.274   6.068   1.991 0.1902
1242      0.293   4.242   0.738   0.021   5.173   1.829   0.885   4.862   3.045  -1.625   5.122   2.255  -2.382   6.131   1.444 0.1387
973       1.632   4.913   1.339   1.331   5.677   2.546   0.596   6.969   2.208   2.759   6.025   3.400   3.035   4.926   4.382 0.1486
518       3.055   4.063   1.193   3.968   4.197   2.325   4.550   5.604   2.397   5.221   3.053   2.215   4.813   1.795   2.924 0.2424
1833      1.978   5.041   0.905   1.779   5.929   2.047   0.793   7.042   1.711   3.261   6.594   2.547   3.886   5.703   3.579 0.1425
616       1.691   2.777   2.624   1.103   3.566   3.703   1.633   3.120   5.060  -0.593   3.445   3.670  -1.155   4.536   2.808 0.2284
887       0.017   4.078   1.423  -0.167   4.659   2.750  -0.373   3.574   3.800  -1.488   5.729   2.751  -1.013   7.110   2.410 0.1740
334       1.350   5.345   1.053   1.007   6.227   2.166   2.029   6.115   3.290  -0.547   5.865   2.752  -1.563   6.690   2.020 0.2830
2622      3.803   1.625  -1.537   4.658   1.697  -2.718   4.112   2.696  -3.732   4.809   0.162  -3.435   5.989  -0.551  -2.845 0.1196
795       0.589   5.245   0.765  -0.255   6.288   1.340  -0.239   7.545   0.477   0.253   6.659   2.919  -0.473   5.783   3.897 0.1539
1834      3.662   1.815  -1.576   4.363   2.044  -2.836   3.426   1.868  -4.025   5.689   0.989  -2.977   6.908   1.637  -2.389 0.1266
749       1.723   2.859   2.584   1.234   3.717   3.660   2.369   4.134   4.587   0.018   2.924   4.545  -1.320   3.227   3.939 0.2250
1496      0.943   3.418   2.173   1.371   3.645   3.550   2.557   2.758   3.909   0.085   3.362   4.625  -0.676   4.636   4.842 0.1273
375      -0.277   4.116   1.020  -0.755   4.873   2.173  -1.209   6.269   1.764   0.459   4.979   3.359   0.341   3.817   4.300 0.2738
134       5.149   2.790   1.109   6.496   2.523   1.606   7.340   1.817   0.552   6.430   1.587   3.024   6.362   2.492   4.218 0.2997
1320      1.907   5.094   0.591   1.539   6.164   1.513   0.893   7.329   0.772   2.904   6.704   2.370   3.048   5.909   3.634 0.1512
385       4.476   1.054   0.423   5.794   0.658  -0.065   5.696  -0.549  -0.991   6.829   0.311   1.238   7.554   1.558   1.646 0.2829
145       1.390   5.196   1.287   2.844   5.203   1.152   3.464   3.986   1.829   3.494   6.630   1.809   3.570   7.682   0.743 0.3210
467       2.836   2.753   2.335   2.721   3.615   3.508   3.939   4.520   3.646   2.527   2.680   4.914   1.066   2.449   5.163 0.2166
575       2.836   4.357   1.024   3.490   4.788   2.256   4.540   5.856   1.975   4.205   3.461   3.044   3.217   2.852   3.994 0.2142
564       1.914   5.138   0.887   1.732   6.092   1.978   2.188   5.500   3.306   0.104   6.572   2.081  -0.114   7.784   1.224 0.2476
324       2.887   2.383   2.358   3.931   2.324   3.378   5.174   3.087   2.935   4.331   0.708   3.724   3.464   0.206   4.840 0.2724
1011      1.076   5.103   1.071   0.471   6.057   1.996   0.729   7.492   1.550   1.070   5.819   3.570   0.196   4.839   4.294 0.1601
563      -0.784   4.446  -0.201  -1.699   5.525   0.161  -2.091   5.442   1.632  -3.090   5.476  -0.816  -2.871   6.315  -2.040 0.2081
1080      2.102   3.063  -2.341   1.777   4.031  -3.385   0.270   4.215  -3.514   2.434   3.540  -4.875   3.813   4.110  -5.025 0.1716
132       3.150   4.245  -1.504   3.252   4.989  -2.756   2.159   6.047  -2.856   3.164   3.931  -4.084   4.544   3.474  -4.452 0.3199
567       3.692   1.854  -1.256   5.117   1.585  -1.080   5.381   0.862   0.235   6.006   3.033  -1.139   6.416   3.311  -2.554 0.1932
225      -0.006   3.877   1.720  -0.283   4.475   3.023  -1.721   4.974   3.105   0.796   5.753   3.330   2.011   5.224   4.032 0.3469
1080      2.325   4.722   1.096   2.523   5.392   2.378   2.883   6.860   2.180   3.737   4.610   3.275   3.118   3.546   4.132 0.1371
552       0.015   5.167  -0.603  -0.928   6.245  -0.890  -0.197   7.517  -1.304  -1.911   6.550   0.463  -3.142   5.697   0.390 0.2295
256       2.080   3.002  -2.243   3.107   3.073  -3.278   4.405   2.426  -2.808   3.389   4.689  -3.724   2.478   5.061  -4.855 0.2256
749       1.279   4.582   1.639   0.820   5.178   2.890   0.436   6.640   2.693   2.021   5.046   4.086   1.838   3.763   4.839 0.1808
548       1.388   3.467  -2.275   0.768   4.597  -2.960  -0.675   4.788  -2.508   0.827   4.376  -4.645   2.092   4.975  -5.184 0.2073
2592      3.542   1.537  -1.792   4.149   1.615  -3.118   5.466   0.850  -3.164   4.401   3.237  -3.561   3.191   3.752  -4.283 0.1082
472       2.605   2.245   2.605   3.607   2.096   3.657   5.010   1.999   3.069   3.275   0.723   4.603   2.389   1.108   5.750 0.2220
1149      2.926   2.300  -2.268   4.163   2.215  -3.039   4.034   2.952  -4.366   4.582   0.590  -3.312   5.457   0.104  -2.194 0.1428
254       2.025   4.640  -0.958   1.417   5.809  -1.586   1.819   7.091  -0.867  -0.277   5.657  -1.606  -0.703   4.978  -2.873 0.2500
497       2.064   2.749  -2.806   1.897   3.457  -4.073   2.944   3.017  -5.089   1.990   5.137  -3.830   0.619   5.679  -3.553 0.2436
886       2.640   4.622   1.024   3.083   5.247   2.267   3.104   6.765   2.141   4.625   4.676   2.701   4.482   3.463   3.572 0.1732
552       3.092   2.232   2.172   4.368   2.075   2.865   5.329   1.211   2.057   4.126   1.395   4.405   3.920   2.491   5.408 0.2427
599       0.675   3.846   1.906   0.933   4.174   3.305   0.208   3.211   4.238   0.460   5.774   3.636   1.616   6.697   3.393 0.1863
801       3.965   1.813  -1.700   4.971   1.915  -2.753   4.852   3.238  -3.499   4.825   0.616  -3.841   5.685  -0.522  -3.378 0.1885
331       1.997   2.999  -2.444   3.060   2.861  -3.435   3.134   4.088  -4.336   2.821   1.463  -4.372   3.518   0.303  -3.726 0.2717
253       3.318   2.424  -1.742   4.675   2.406  -2.282   4.870   1.232  -3.235   5.814   2.330  -1.023   6.192   3.720  -0.606 0.3155
544       2.661   4.498   0.808   2.914   5.351   1.965   2.373   4.720   3.242   2.220   6.886   1.734   3.217   7.792   1.074 0.2036
898       1.908   3.262   2.222   2.848   3.459   3.321   3.687   2.209   3.556   2.018   3.881   4.744   1.890   5.373   4.824 0.1847
890      -0.659   4.304   0.658  -1.380   5.178   1.578  -2.039   4.376   2.694  -2.550   6.085   0.742  -1.944   7.375   0.276 0.1870
165       3.655   1.908   1.917   4.423   2.089   3.145   4.086   3.417   3.813   6.090   2.006   2.820   6.555   0.587   2.952 0.3009
561      -0.552   4.552  -0.275  -1.357   5.535   0.445  -2.845   5.235   0.303  -1.022   7.104  -0.119   0.096   7.696   0.686 0.2575
1120      1.423   5.221   1.299   1.272   5.823   2.621  -0.153   6.316   2.841   2.370   7.106   2.817   3.651   6.585   3.398 0.1723
795       0.787   5.734  -0.342   0.072   7.007  -0.355   0.924   8.109  -0.972  -0.394   7.442   1.221  -1.755   6.885   1.512 0.1724
749       3.491   2.149   2.099   4.060   2.587   3.371   5.335   1.818   3.695   2.927   2.396   4.624   2.116   3.650   4.761 0.1687
88        3.134   4.506  -1.325   4.333   4.644  -2.147   4.001   5.250  -3.505   5.089   3.135  -2.350   6.086   2.923  -1.250 0.3600
514       0.180   4.108   1.806  -0.172   4.954   2.943   1.075   5.481   3.642  -1.139   4.094   4.045  -2.585   4.277   3.691 0.2149
802       0.665   4.189  -1.331   0.053   5.512  -1.265  -0.925   5.606  -0.099  -0.743   5.872  -2.724   0.210   6.558  -3.657 0.1936
132       1.600   3.318  -2.248   2.411   3.551  -3.439   3.456   2.455  -3.615   3.169   5.071  -3.352   2.282   6.108  -3.973 0.3240
1036      3.082   1.942  -2.118   3.337   2.263  -3.519   2.050   2.221  -4.335   4.479   1.187  -4.175   5.858   1.744  -3.983 0.1366
2445      3.394   1.771  -1.962   3.915   1.996  -3.307   3.152   3.112  -4.011   3.833   0.565  -4.222   5.106  -0.210  -4.053 0.1236
395       1.787   5.021   0.869   1.527   6.039   1.882   0.647   5.490   2.999   0.794   7.402   1.178   1.853   8.368   0.738 0.2191
636       0.580   5.579   0.915  -0.228   6.518   1.689  -1.280   7.188   0.813   0.761   7.694   2.415   1.187   7.220   3.773 0.1894
383       1.764   3.378  -2.582   2.501   3.776  -3.778   1.635   4.625  -4.700   3.067   2.405  -4.609   4.433   2.043  -4.105 0.2550
944       4.448   1.253  -0.120   5.736   1.037  -0.773   6.886   1.194   0.216   5.932   2.117  -2.071   5.395   1.494  -3.325 0.1691
576       2.123   4.981  -0.453   1.609   6.346  -0.384   2.737   7.364  -0.504   0.759   6.586   1.069  -0.687   6.244   0.866 0.2166
883       1.263   4.638   1.326   0.764   5.406   2.463   1.237   6.853   2.398   1.263   4.694   3.924   0.233   3.700   4.373 0.1682
423      -0.659   4.691   0.597  -1.796   5.559   0.891  -1.333   6.898   1.453  -2.854   4.801   1.985  -3.881   4.016   1.225 0.2759
734       1.588   3.203  -2.330   1.037   4.232  -3.208  -0.035   5.046  -2.493   0.393   3.529  -4.616   1.458   3.455  -5.669 0.1668
968       1.188   3.654   2.050   1.745   4.052   3.340   2.467   2.888   4.009   0.518   4.641   4.360   0.376   6.121   4.167 0.1486
606       1.039   5.074   0.241   0.202   6.150   0.763   1.030   7.393   1.065  -0.616   5.639   2.163  -1.937   5.040   1.780 0.2444
467       0.084   4.151   1.754  -0.180   4.985   2.923   0.963   4.900   3.927  -1.641   4.526   3.662  -2.771   5.313   3.068 0.1913
549      -0.442   4.611  -0.826  -1.203   5.856  -0.766  -1.096   6.499   0.612  -2.834   5.573  -1.152  -3.033   5.733  -2.630 0.2222
473       3.081   4.242   1.062   4.031   4.355   2.164   3.679   5.526   3.074   5.613   4.535   1.568   6.242   3.183   1.402 0.1775
409       1.788   2.741   2.607   1.311   3.507   3.755   1.417   2.694   5.040  -0.297   4.004   3.509  -0.309   5.344   2.837 0.2137
901      -0.250   4.220   0.853  -0.791   5.113   1.874  -0.923   4.399   3.214  -2.301   5.724   1.387  -2.103   7.003   0.629 0.1806
789      -0.373   4.601  -0.609  -1.115   5.758  -0.116  -2.603   5.449  -0.005  -0.872   7.097  -1.136   0.315   7.880  -0.658 0.2077
445       3.384   2.052  -1.709   4.792   1.666  -1.717   5.586   2.501  -2.715   4.952   0.013  -2.083   4.926  -0.785  -0.814 0.2786
639       2.482   2.327  -2.658   3.395   2.207  -3.791   2.659   1.740  -5.042   4.659   1.131  -3.423   5.801   1.890  -2.815 0.2040
209      -1.955   1.311  -3.064  -2.075   0.663  -4.368  -2.457   1.669  -5.447  -3.224  -0.589  -4.305  -2.544  -1.872  -3.930 0.2685
255       0.168   1.310  -3.309   0.132   0.779  -4.668  -1.031  -0.188  -4.849   1.599   0.003  -5.041   2.549   0.994  -5.645 0.2799
458       1.359   5.612   0.131   0.836   6.887   0.613   0.152   6.724   1.965  -0.251   7.548  -0.515   0.496   8.423  -1.477 0.2245
706       0.275   5.439   0.302  -0.657   6.542   0.517  -0.358   7.704  -0.422  -0.594   7.066   2.133  -1.593   6.299   2.947 0.1689
287       0.921   5.867  -0.396   0.223   7.115  -0.101   0.295   7.446   1.385  -1.400   7.018  -0.598  -1.518   7.497  -2.015 0.2585
125      -1.380   1.707  -3.756  -1.186   1.229  -5.122  -0.376   2.225  -5.943  -2.686   0.940  -5.868  -3.102  -0.480  -5.622 0.3734
468       2.350   2.776  -2.808   2.559   3.249  -4.174   2.633   4.770  -4.223   1.316   2.692  -5.191   1.706   1.370  -5.781 0.2357
783       1.108   5.505   0.933   0.582   6.612   1.727   0.805   7.946   1.024   1.305   6.635   3.266   0.490   5.806   4.213 0.1778
228       0.685   3.814  -2.412   0.058   4.926  -3.119   0.528   4.992  -4.568   0.393   6.395  -2.331  -0.676   6.672  -1.315 0.2881
623       0.809   4.883   1.278   0.092   5.689   2.262   0.825   6.996   2.541  -0.115   4.817   3.706  -1.408   4.058   3.652 0.1984
1139      2.799   2.738  -2.145   2.843   3.529  -3.372   1.474   4.113  -3.698   3.396   2.580  -4.670   4.889   2.683  -4.764 0.1699
497       3.095   2.296  -2.018   4.423   2.162  -2.609   4.363   1.399  -3.927   5.477   1.380  -1.529   6.160   2.401  -0.668 0.1818
1320      2.310   4.884   0.820   2.310   5.803   1.954   1.855   7.195   1.531   3.858   5.883   2.653   3.975   4.843   3.727 0.1438
1459      3.842   1.466  -1.416   4.691   1.478  -2.604   5.960   0.663  -2.380   5.092   3.074  -3.031   4.063   3.610  -3.981 0.1104
393       2.050   2.826  -2.895   2.024   3.486  -4.197   1.501   4.913  -4.079   1.067   2.603  -5.290   1.924   1.607  -6.014 0.2137
523       1.440   3.897   1.703   1.365   4.505   3.029   2.743   4.581   3.676   0.301   3.630   4.024  -1.084   4.189   3.887 0.2021
828       1.831   4.729   1.313   1.674   5.377   2.612   2.213   6.802   2.584   2.462   4.479   3.822   1.507   3.480   4.405 0.1382
1031      3.972   1.811  -1.000   4.891   1.997  -2.119   4.216   1.667  -3.445   6.276   1.033  -1.915   7.318   1.807  -1.164 0.1535
1299      4.109   1.334  -0.824   5.141   1.183  -1.846   6.534   1.333  -1.245   4.917   2.323  -3.088   4.034   1.737  -4.149 0.1530
863       3.793   1.748   1.215   4.720   1.837   2.341   5.887   0.873   2.168   3.911   1.519   3.802   3.380   2.802   4.369 0.1251
602       2.944   2.229  -2.190   3.067   2.734  -3.554   1.834   2.390  -4.381   4.461   2.104  -4.296   5.620   3.021  -4.044 0.1611
785       0.685   5.433   0.948  -0.077   6.453   1.662  -0.313   7.677   0.784   0.728   6.906   3.089   0.272   6.032   4.219 0.1560
814       2.370   4.587   1.136   2.556   5.246   2.426   3.565   6.384   2.320   3.064   4.124   3.598   1.864   3.532   4.276 0.1609
101      -3.195   2.020  -0.876  -4.092   1.800  -2.006  -5.022   2.990  -2.209  -5.001   0.382  -1.775  -4.265  -0.785  -2.363 0.5199
799       2.860   2.248  -2.311   4.056   2.080  -3.132   3.695   1.628  -4.542   5.116   0.961  -2.414   6.063   1.683  -1.502 0.1304
556       2.487   2.675  -2.559   2.500   3.388  -3.833   1.521   4.556  -3.818   2.126   2.329  -5.109   3.390   1.721  -5.642 0.2033
1287      3.042   1.900  -2.140   3.242   2.219  -3.550   2.044   2.970  -4.119   3.520   0.801  -4.446   4.992   0.516  -4.487 0.1328
459       2.371   4.750   0.102   1.946   6.051   0.611   1.048   5.896   1.832   1.136   6.926  -0.602   2.126   7.751  -1.369 0.2169
332       4.896   2.483  -0.339   6.260   2.073  -0.664   7.035   3.213  -1.314   6.244   0.718  -1.690   6.257  -0.534  -0.865 0.2956
152       2.918   2.159  -2.170   4.110   1.918  -2.977   5.377   2.250  -2.197   4.052   2.833  -4.409   3.381   2.033  -5.486 0.2942
1066      3.062   2.234  -2.048   4.409   2.050  -2.581   4.379   1.841  -4.090   5.171   0.732  -1.824   5.911   1.211  -0.611 0.1562
1310      2.700   4.360  -1.303   2.647   5.145  -2.533   4.047   5.504  -3.016   1.731   6.558  -2.297   0.293   6.282  -2.623 0.1524
461       1.751   3.243   2.408   1.244   4.298   3.281   2.082   4.411   4.549  -0.382   4.007   3.681  -1.272   4.666   2.669 0.2288
532       1.351   3.701  -2.090   0.798   4.931  -2.650  -0.352   5.454  -1.797   0.271   4.672  -4.245   1.395   4.958  -5.196 0.1642
790       0.835   4.946   1.281   0.110   5.781   2.234  -0.149   7.169   1.662   0.974   5.903   3.693   0.556   4.798   4.617 0.1590
684       2.268   4.910  -0.647   1.705   6.249  -0.789   2.510   7.081  -1.780   1.648   7.032   0.719   0.334   6.745   1.383 0.1923
218       3.969   1.817   0.938   4.725   2.008   2.173   5.988   2.824   1.922   5.128   0.506   2.860   4.042   0.081   3.803 0.3020
524       2.633   4.348  -0.953   2.654   5.165  -2.163   1.298   5.151  -2.859   3.862   4.618  -3.228   5.147   5.335  -2.938 0.2434
249      -0.453   0.378  -4.011  -0.105  -0.694  -4.940   1.021  -0.266  -5.874  -1.467  -1.162  -5.843  -2.189  -2.263  -5.125 0.3125
859       2.151   4.691  -1.154   1.514   5.753  -1.928   2.480   6.342  -2.950   0.938   6.976  -0.897  -0.474   6.667  -0.496 0.1784
674      -0.734   4.338   0.398  -1.524   5.197   1.277  -2.578   4.392   2.027  -2.265   6.438   0.383  -1.356   7.630   0.333 0.1990
409       4.138   3.120  -1.023   5.219   3.049  -2.001   6.101   4.291  -1.935   4.590   2.864  -3.570   4.452   1.403  -3.884 0.2379
375       3.845   1.852   0.952   4.741   2.027   2.091   3.959   2.325   3.364   5.854   3.275   1.785   7.081   2.704   1.137 0.2791
436       1.043   4.192   1.238   0.765   5.068   2.373   1.853   4.951   3.435  -0.751   4.701   3.048  -1.809   5.529   2.381 0.2008
128       0.260   1.071  -3.362   0.400   0.359  -4.630   0.518   1.333  -5.796  -0.920  -0.685  -4.872  -0.607  -2.030  -4.288 0.3247
453      -0.139   4.473   0.605  -0.751   5.595   1.311   0.262   6.298   2.207  -2.076   5.064   2.234  -3.324   5.137   1.406 0.1913
563       1.065   3.490   2.674   1.045   4.008   4.038   2.343   4.737   4.368   0.787   2.747   5.148  -0.685   2.580   5.382 0.2520
617       1.338   4.237   1.716   0.963   4.697   3.050   1.497   6.100   3.317   1.537   3.620   4.233   0.499   2.571   4.500 0.2508
957       3.767   2.065  -1.400   4.439   2.446  -2.639   3.443   2.972  -3.665   5.294   1.124  -3.280   6.691   1.119  -2.735 0.1584
730       3.858   1.829   1.216   4.765   2.026   2.344   5.669   0.815   2.540   3.885   2.333   3.766   3.670   3.810   3.912 0.1659
808       2.974   4.384   0.973   3.770   4.739   2.144   3.518   6.183   2.563   5.425   4.502   1.832   5.811   3.105   2.216 0.1688
570       2.398   4.380   1.327   2.729   4.728   2.706   3.544   3.624   3.371   1.313   5.026   3.599   0.960   6.480   3.506 0.1673
655       3.712   1.835   1.432   4.500   2.064   2.639   5.986   1.849   2.373   3.978   1.039   3.892   2.902   1.724   4.681 0.1982
202       1.793   3.302   2.200   1.325   4.353   3.100  -0.069   4.830   2.708   2.411   5.661   3.100   3.442   5.454   4.169 0.2465
672      -0.052   3.802   1.506  -0.299   4.340   2.840   0.603   3.678   3.875  -1.931   4.133   3.271  -2.719   5.333   2.837 0.1512
751       2.268   4.976   0.102   1.922   6.255   0.715   2.338   7.421  -0.175   2.653   6.398   2.243   1.731   5.851   3.292 0.1961
783      -0.390   4.399  -0.584  -1.285   5.550  -0.499  -0.741   6.597   0.466  -2.839   5.060  -0.014  -3.662   4.737  -1.225 0.2147
498       3.008   2.424  -2.341   3.266   3.011  -3.654   4.735   2.879  -4.035   2.803   4.647  -3.673   1.371   4.756  -4.105 0.2044
526       1.975   3.480  -2.164   1.738   3.796  -3.569   2.475   5.066  -3.978   0.073   3.965  -3.867  -0.504   2.636  -4.255 0.2619
1203      0.633   4.118   1.324   0.711   4.868   2.574   1.518   4.108   3.621  -0.848   5.198   3.167  -1.324   6.511   2.618 0.1379
356       0.972   5.619  -1.345   0.397   6.811  -1.962   1.425   7.933  -2.051  -0.964   7.334  -1.088  -2.195   6.676  -1.637 0.2344
278       2.798   4.467   0.991   3.320   5.036   2.231   4.829   5.237   2.150   2.935   4.036   3.551   1.615   4.454   4.126 0.2820
109       3.489   2.144   1.696   4.851   1.693   1.968   5.655   2.775   2.680   5.627   1.245   0.523   5.390  -0.212   0.259 0.3870
1530      4.070   1.446  -1.441   4.980   1.447  -2.583   4.222   1.652  -3.889   5.861  -0.006  -2.641   7.131   0.147  -1.857 0.1342
1777      3.917   1.547  -1.427   4.900   1.527  -2.506   4.745   2.742  -3.413   4.753   0.098  -3.416   5.639  -0.960  -2.831 0.1214
368      -0.698   4.530  -0.356  -1.625   5.638  -0.144  -2.756   5.610  -1.165  -0.802   7.124  -0.226  -0.317   7.503   1.141 0.2720
791       2.570   4.577   0.644   2.627   5.535   1.744   2.361   4.853   3.081   1.506   6.790   1.497   2.161   7.902   0.733 0.1683
550       1.351   4.313   1.501   0.965   5.002   2.729   2.023   6.017   3.145   0.709   3.881   3.982  -0.729   3.453   3.984 0.2210
299       2.690   4.822   1.173   3.184   5.437   2.402   4.576   4.922   2.752   2.112   5.139   3.687   1.097   6.241   3.757 0.3225
736       0.168   5.113   0.514  -0.845   6.088   0.908  -0.689   7.388   0.127  -0.753   6.397   2.578  -1.645   5.442   3.313 0.1869
1231      2.153   4.632   1.385   2.245   5.099   2.765   1.306   6.275   3.010   3.844   5.543   3.136   4.579   4.354   3.680 0.1441
1051      2.788   4.299   1.086   3.391   4.649   2.369   4.148   3.466   2.961   2.199   5.181   3.459   2.036   6.667   3.334 0.1547
940       1.898   3.149  -2.344   1.480   4.161  -3.310   0.058   4.632  -3.030   1.592   3.553  -4.893   2.955   3.846  -5.447 0.1486
1252      3.041   2.197   2.308   3.347   2.656   3.659   4.568   1.937   4.220   2.010   2.419   4.683   1.140   3.640   4.659 0.1476
1560      2.852   2.331   2.329   2.862   2.938   3.657   4.114   2.544   4.432   1.472   2.486   4.526   0.380   3.482   4.275 0.1307
528       0.714   3.740  -1.837  -0.097   4.912  -2.154  -0.674   5.539  -0.890  -1.352   4.494  -3.222  -0.882   4.661  -4.636 0.1952
720       4.378   1.396  -0.604   5.590   1.339  -1.416   5.308   0.720  -2.780   6.800   0.455  -0.613   7.624   1.384   0.228 0.1530
1386      2.621   2.306   2.528   2.705   2.835   3.886   4.089   2.603   4.481   1.518   2.125   4.875   0.266   2.949   4.824 0.1372
260       0.175   5.390  -0.057  -0.753   6.515   0.008  -0.351   7.496   1.103  -2.339   5.963   0.274  -3.011   5.717  -1.044 0.2698
910       0.456   4.440   0.054   0.129   5.589   0.893   0.376   5.282   2.366  -1.490   6.053   0.659  -1.565   7.066  -0.445 0.1615
78        2.087   4.502   1.744   3.093   5.244   0.989   4.278   4.355   0.631   3.623   6.594   1.876   2.762   7.778   1.547 0.2704
789       1.060   5.227   0.488   0.355   6.329   1.136   1.056   7.657   0.877   0.230   6.052   2.809  -1.039   5.307   3.099 0.1722
320       3.217   4.217   0.646   4.457   4.383   1.398   5.243   3.078   1.455   4.126   4.934   2.972   4.127   6.433   2.988 0.2732
66       -1.561   1.084  -3.350  -1.611   0.439  -4.659  -3.048   0.147  -5.073  -0.704  -1.000  -4.646   0.710  -0.703  -5.046 0.4439
542       2.223   4.631  -0.729   1.708   5.822  -1.399   0.184   5.833  -1.406   2.299   5.908  -2.991   3.587   6.677  -3.005 0.1937
1205      2.652   4.363  -1.279   2.527   5.179  -2.483   3.634   6.224  -2.557   1.006   5.936  -2.531   0.028   5.051  -3.246 0.1675
412       2.184   2.709   2.581   2.020   3.391   3.862   1.741   2.396   4.982   0.763   4.533   3.769   1.321   5.857   3.339 0.2613
347       0.232   4.186  -2.214  -0.397   5.357  -2.818  -1.499   5.911  -1.924  -1.027   4.969  -4.349   0.018   5.213  -5.397 0.2630
1475      1.502   5.184   1.174   1.190   5.928   2.391  -0.110   6.710   2.237   2.463   6.983   2.785   3.437   6.279   3.681 0.1595
191       1.072   4.448  -1.252   0.080   5.365  -1.806   0.545   6.812  -1.689  -1.415   5.167  -1.022  -2.227   4.135  -1.747 0.3405
951       1.957   4.618   1.344   1.820   5.236   2.660   1.295   6.662   2.546   3.311   5.227   3.478   3.434   3.966   4.281 0.1509
598       4.439   1.691  -0.485   5.648   1.821  -1.293   5.334   2.421  -2.659   6.402   0.309  -1.480   7.385   0.099  -0.367 0.1857
945       4.519   1.245  -0.616   5.726   1.119  -1.428   5.389   1.110  -2.914   6.575  -0.295  -1.014   7.557   0.013   0.077 0.1648
183       4.433   1.120   0.869   5.852   0.791   0.762   6.475   0.594   2.139   6.681   2.011  -0.084   6.681   1.692  -1.550 0.2753
424       2.228   4.643  -0.862   1.641   5.779  -1.566   0.199   6.011  -1.128   1.707   5.535  -3.247   2.990   6.097  -3.783 0.2101
884       2.163   4.783   1.516   2.505   5.115   2.896   1.308   5.709   3.630   3.813   6.199   2.939   5.099   5.429   2.996 0.1710
502       0.211   5.168   1.224  -0.733   6.035   1.923  -2.042   5.307   2.204  -1.031   7.441   1.015  -0.045   8.504   1.401 0.2410
809       0.746   4.398   0.909   0.840   5.325   2.034   1.039   4.576   3.347  -0.554   6.294   2.121  -0.349   7.539   1.310 0.1969
731      -0.094   4.006   1.332  -0.405   4.645   2.608  -0.165   3.691   3.772  -2.015   5.189   2.621  -2.072   6.597   2.107 0.1740
863       2.341   4.937   0.444   2.157   6.101   1.307   2.033   7.379   0.486   3.448   6.235   2.405   3.120   5.479   3.658 0.1680
228       1.350   3.414   2.357   2.039   3.619   3.628   1.493   4.840   4.358   3.712   3.789   3.376   4.367   2.442   3.443 0.3047
243       3.425   1.918  -1.559   4.842   1.569  -1.529   5.242   0.788  -2.776   5.202   0.665  -0.135   5.592   1.593   0.976 0.2642
860       2.362   4.599  -1.138   1.870   5.628  -2.049   3.023   6.399  -2.681   0.833   6.699  -1.230  -0.577   6.197  -1.323 0.1691
189       0.034   1.700  -3.310   0.023   1.384  -4.736  -0.158  -0.112  -4.965   1.460   1.917  -5.473   1.277   3.322  -5.966 0.3352
418       4.011   1.904   1.587   5.012   2.146   2.623   6.370   1.588   2.214   4.519   1.458   4.097   3.728   2.464   4.879 0.2171
1519      2.459   4.763   1.009   2.678   5.439   2.284   1.829   6.700   2.390   4.323   5.825   2.476   5.026   4.691   3.161 0.1246
181       3.977   3.727   2.103   4.233   4.369   3.390   4.351   3.337   4.504   3.000   5.482   3.753   3.368   6.831   3.210 0.3315
895       2.255   4.620  -1.245   1.681   5.607  -2.155   2.573   5.812  -3.375   1.441   7.086  -1.353   0.069   7.111  -0.749 0.1638
616       2.206   4.515  -1.310   1.688   5.446  -2.309   2.559   6.693  -2.400   0.085   5.879  -1.941  -0.857   4.922  -2.607 0.2095
923       1.677   3.185   2.285   2.513   3.297   3.477   3.755   2.422   3.360   1.627   2.871   4.865   0.968   4.093   5.432 0.1366
332      -0.230   4.382   0.181  -0.839   5.410   1.020  -0.746   6.782   0.364  -0.096   5.443   2.549  -0.819   4.512   3.477 0.2457
268       4.702   1.309   0.923   6.097   1.144   1.321   7.014   1.108   0.104   6.289  -0.275   2.238   6.100   0.040   3.692 0.3038
602       2.843   2.795  -2.042   2.937   3.609  -3.250   1.557   3.886  -3.835   3.917   2.841  -4.408   5.342   3.272  -4.223 0.1604
675       4.644   1.717  -0.545   5.982   1.207  -0.828   7.040   2.277  -0.584   6.078   0.648  -2.431   5.710  -0.806  -2.476 0.2224
700       4.317   1.353  -0.618   5.614   1.090  -1.234   5.959   2.157  -2.265   5.626  -0.448  -1.959   6.093  -1.467  -0.964 0.2022
796       2.711   2.469  -2.382   3.933   2.375  -3.176   4.032   3.528  -4.169   3.992   0.889  -4.000   4.684  -0.130  -3.144 0.1754
610       4.672   1.330  -0.045   6.054   1.217  -0.501   6.119   0.703  -1.935   6.936   0.189   0.527   7.555   0.997   1.629 0.2013
598       3.432   3.024  -1.994   4.016   3.002  -3.332   5.328   3.777  -3.372   2.924   3.644  -4.467   2.069   2.541  -5.017 0.2217
428       1.925   3.242   2.414   1.291   4.279   3.223   2.295   5.352   3.626   0.577   3.598   4.608  -0.842   3.219   4.304 0.2268
729      -0.553   4.476   0.576  -1.244   5.533   1.309  -1.136   5.319   2.814  -2.879   5.604   0.847  -3.032   6.552  -0.306 0.1987
641       3.635   1.807   1.442   4.338   2.012   2.705   5.388   0.930   2.931   3.236   2.034   4.000   2.772   3.441   4.237 0.1444
179       0.956   3.684   2.102   1.408   3.897   3.474   1.487   5.383   3.802   2.922   3.164   3.721   2.724   1.755   4.196 0.3505
772       4.161   1.382  -0.884   5.166   1.296  -1.940   4.668   0.449  -3.105   6.616   0.652  -1.328   7.489   1.767  -0.835 0.1771
182       0.770   4.877   1.842   2.024   4.348   2.371   1.848   2.921   2.876   2.606   5.342   3.622   3.502   6.397   3.046 0.3244
1089      2.665   4.493   1.260   3.222   4.780   2.579   2.359   5.787   3.331   4.812   5.364   2.438   5.773   4.214   2.481 0.1458
1648      3.482   1.808  -1.781   3.978   2.054  -3.132   2.852   1.962  -4.156   5.211   0.951  -3.522   6.539   1.525  -3.124 0.1248
925       2.521   4.756   0.763   2.716   5.651   1.900   2.959   7.082   1.438   4.017   5.118   2.857   3.510   4.180   3.912 0.1792
619      -0.636   4.035   0.934  -1.399   4.824   1.897  -0.946   4.539   3.324  -3.062   4.507   1.738  -3.661   5.463   0.750 0.1969
754       3.059   4.360  -1.018   3.351   5.196  -2.179   4.555   6.094  -1.920   1.997   6.139  -2.587   1.143   5.390  -3.566 0.1710
83        0.441   1.364  -3.386   0.696   0.612  -4.611   1.959  -0.231  -4.484   0.830   1.667  -5.937  -0.522   1.867  -6.555 0.3513
370       1.618   3.502   2.275   2.465   3.661   3.454   2.377   2.440   4.362   2.026   5.061   4.314   2.820   6.228   3.808 0.2388
1091      1.284   3.309   2.252   1.899   3.485   3.564   2.851   2.338   3.882   0.705   3.604   4.768   0.323   5.042   4.954 0.1247
66       -2.016   2.360  -1.801  -2.888   2.122  -2.948  -2.644   0.741  -3.545  -2.653   3.319  -4.132  -3.593   4.461  -3.882 0.5709
834       3.148   2.276   2.325   3.582   2.796   3.619   5.093   2.678   3.779   2.795   1.974   4.882   1.521   2.687   5.226 0.1314
791       1.919   4.907   1.089   1.791   5.759   2.268   2.379   7.142   2.013   2.553   5.039   3.606   1.567   4.180   4.341 0.1347
832      -0.196   4.628  -0.022  -0.758   5.793   0.656  -1.439   5.395   1.960  -1.863   6.593  -0.359  -1.141   7.634  -1.163 0.2127
750       2.482   4.526   1.309   2.900   4.909   2.655   3.088   6.418   2.763   4.341   4.111   3.078   4.013   2.808   3.745 0.1519
812       2.557   2.285  -2.691   3.403   2.221  -3.880   2.607   2.549  -5.137   4.110   0.681  -4.022   5.427   0.668  -3.305 0.1528
974       1.931   4.750   1.310   1.871   5.408   2.612   1.882   6.925   2.461   3.170   4.910   3.589   2.764   3.703   4.382 0.1389
1113      3.647   1.519  -1.638   4.314   1.652  -2.930   5.398   0.594  -3.099   4.984   3.205  -3.096   3.976   4.120  -3.725 0.1475
595       2.509   2.887  -2.307   3.755   2.869  -3.069   3.510   3.230  -4.529   4.494   1.342  -2.961   5.424   1.318  -1.784 0.1815
296       2.303   4.643   0.883   2.292   5.669   1.921   1.106   5.486   2.861   2.249   7.219   1.224   3.650   7.709   1.007 0.2673
1052      3.367   1.896  -1.691   4.772   1.545  -1.881   5.333   0.841  -0.651   5.689   2.933  -2.228   5.728   3.149  -3.712 0.1765
768       2.559   2.401  -2.515   3.597   2.291  -3.536   2.988   2.198  -4.930   4.581   0.937  -3.238   5.733   1.338  -2.367 0.1448
781       0.215   5.541   0.190  -0.764   6.611   0.360  -0.756   7.558  -0.835  -0.453   7.476   1.791  -1.207   6.851   2.926 0.1550
705       3.975   1.754   0.909   5.058   1.817   1.887   6.068   0.699   1.659   4.437   1.729   3.467   4.147   3.113   3.968 0.1492
1595      3.753   1.649  -1.653   4.678   1.610  -2.783   4.862   2.995  -3.390   4.123   0.522  -3.966   4.682  -0.842  -3.693 0.1531
457       2.797   4.322  -1.018   2.890   5.163  -2.209   3.201   6.608  -1.837   1.444   5.089  -3.101   1.531   3.974  -4.101 0.2430
2479      3.953   1.550  -1.008   4.778   1.586  -2.212   3.985   2.105  -3.406   5.398   0.039  -2.552   6.721  -0.130  -1.868 0.1119
515       3.112   2.272  -2.588   3.655   2.626  -3.896   3.336   4.073  -4.250   3.045   1.584  -5.093   3.953   0.399  -5.236 0.1968
194       0.371   5.632  -0.100   1.465   5.877   0.835   1.265   5.098   2.130   1.600   7.538   1.168   2.539   8.171   0.184 0.3195
256       1.148   3.968  -1.814   0.643   5.302  -2.123   1.573   6.031  -3.086   0.452   6.209  -0.698  -0.932   6.007  -0.158 0.2684
342       3.308   1.938   2.143   3.939   2.074   3.452   4.348   0.715   4.009   2.890   2.857   4.537   3.118   4.337   4.473 0.2598
270       3.317   4.140   0.682   4.587   4.232   1.397   4.753   5.601   2.047   5.885   3.926   0.342   6.196   2.459   0.344 0.2527
167       3.122   2.028   2.175   4.424   1.744   2.772   4.410   2.013   4.272   5.635   2.675   2.025   6.204   1.915   0.863 0.3414
463       4.145   1.668  -0.838   5.070   1.600  -1.966   6.325   2.422  -1.697   4.312   2.142  -3.388   3.663   0.981  -4.082 0.2484
1745      3.617   1.708  -1.895   4.330   1.834  -3.164   3.477   2.551  -4.203   4.789   0.303  -3.741   6.151  -0.042  -3.217 0.1321
1569      0.187   4.279  -0.186  -0.379   5.423   0.522   0.053   5.433   1.984  -2.076   5.406   0.417  -2.509   6.173  -0.797 0.1389
761       1.607   3.276   2.320   2.397   3.451   3.535   2.729   2.107   4.173   1.565   4.433   4.646   1.932   5.869   4.416 0.2004
1011      0.596   4.293  -0.874   0.049   5.599  -0.515  -0.202   5.694   0.986  -1.392   5.893  -1.368  -1.075   6.583  -2.661 0.1649
706       0.381   5.654   0.459  -0.547   6.716   0.837  -1.049   7.469  -0.391   0.196   7.796   1.919  -0.041   7.336   3.327 0.1579
760       3.616   3.773  -1.241   4.310   4.105  -2.481   5.330   5.216  -2.259   3.196   4.569  -3.679   2.764   3.360  -4.455 0.2100
2149      3.667   1.674  -1.400   4.293   1.821  -2.711   3.419   2.648  -3.647   4.600   0.296  -3.396   5.969  -0.166  -2.994 0.1205
180      -1.575   0.783  -3.301  -1.592  -0.294  -4.285  -1.124   0.200  -5.649  -3.151  -0.960  -4.410  -3.292  -2.091  -3.435 0.2978
921       2.543   4.332   1.364   2.916   4.627   2.744   2.420   6.006   3.164   4.602   4.531   2.937   4.982   3.132   3.323 0.1634
183       2.583   2.806   2.296   2.680   3.433   3.611   1.581   2.931   4.540   2.596   5.125   3.470   3.979   5.682   3.302 0.3477
337       2.175   2.877  -2.567   1.866   3.660  -3.760   3.133   4.239  -4.380   0.778   4.911  -3.383  -0.628   4.421  -3.560 0.2704
122       0.411   3.977  -2.131  -0.228   5.134  -2.753  -0.818   4.770  -4.111   0.886   6.407  -2.923   0.849   7.271  -1.698 0.3632
718       2.449   4.688   0.958   2.682   5.428   2.194   3.396   6.747   1.919   3.590   4.491   3.284   2.663   3.691   4.149 0.1515
1268      4.071   1.432  -1.221   5.171   1.286  -2.169   4.988   2.207  -3.369   5.297  -0.329  -2.687   6.222  -1.077  -1.774 0.1407
449       0.112   5.339   0.239  -0.866   6.412   0.397  -2.286   5.893   0.206  -0.551   7.669  -0.704   0.376   8.665  -0.074 0.2366
1343      0.515   3.950   1.541   0.590   4.559   2.866   1.660   3.888   3.719  -0.918   4.472   3.646  -1.719   5.698   3.325 0.1249
659       2.619   2.394   2.358   2.614   2.988   3.691   3.162   2.014   4.728   1.042   3.472   4.120   0.819   4.889   3.684 0.2159
1200      2.989   1.866  -2.171   3.149   2.141  -3.596   1.802   2.408  -4.258   3.930   0.842  -4.367   5.412   1.064  -4.342 0.1459
515       3.341   3.291  -1.784   3.947   3.417  -3.107   4.305   4.867  -3.410   2.898   2.813  -4.300   3.170   1.353  -4.513 0.2593
97        0.788   4.113   1.589   0.122   5.412   1.632  -0.574   5.628   2.970  -1.000   5.546   0.362  -0.325   6.132  -0.842 0.3696
390       1.918   3.537  -2.002   1.709   4.106  -3.331   1.381   5.592  -3.246   0.464   3.279  -4.141   1.046   2.137  -4.919 0.3196
793       1.895   5.028   1.334   1.904   5.719   2.620   1.069   6.992   2.565   3.498   6.087   3.084   4.058   4.955   3.892 0.1442
882       0.629   4.151   1.269   0.691   4.939   2.496   1.207   4.102   3.661  -0.841   5.575   2.870  -0.994   6.921   2.227 0.1434
714       4.306   1.402  -0.612   5.469   1.307  -1.490   6.761   1.234  -0.684   5.519   2.633  -2.553   4.769   2.296  -3.808 0.1468
880       2.984   4.023  -1.469   3.221   4.529  -2.817   4.676   4.946  -3.000   2.193   5.843  -3.148   0.918   5.339  -3.755 0.1705
1386      4.012   1.683  -1.164   4.989   1.786  -2.244   4.424   2.569  -3.423   5.476   0.238  -2.752   6.670  -0.197  -1.955 0.1367
337       0.667   3.992  -2.297   0.156   5.085  -3.119   0.434   6.436  -2.470  -1.512   4.898  -3.386  -1.733   4.096  -4.634 0.2814
628       3.456   1.856  -1.760   3.971   2.121  -3.101   3.087   1.482  -4.165   5.566   1.549  -3.247   6.524   2.636  -2.859 0.1926
201       3.947   2.980   0.239   5.266   2.707   0.802   5.188   1.649   1.896   5.955   4.134   1.418   6.752   4.810   0.343 0.2912
534       3.942   2.154  -2.038   4.921   1.823  -3.070   6.031   2.866  -3.128   4.163   1.691  -4.586   3.722   0.274  -4.803 0.2077
945       0.546   3.813   1.793   0.717   4.269   3.169   1.274   3.158   4.050  -0.761   4.826   3.797  -0.902   6.293   3.519 0.1570
665       1.121   5.008   1.119   0.462   5.873   2.093  -0.117   7.113   1.422   1.552   6.327   3.316   1.494   5.329   4.433 0.1646
605       4.040   1.500  -1.719   5.111   1.026  -2.591   5.971   2.184  -3.083   4.466   0.175  -3.914   4.351  -1.279  -3.565 0.2330
540       3.180   4.059   0.763   4.162   4.369   1.797   4.470   3.143   2.649   3.606   5.638   2.782   4.058   6.950   2.211 0.2171
224       0.800   1.462  -3.427   1.292   1.278  -4.790   0.557   0.141  -5.490   2.964   0.973  -4.780   3.710   2.270  -4.879 0.2575
384       1.471   3.077  -2.605   0.599   3.927  -3.410  -0.798   3.328  -3.524   1.261   4.162  -4.958   2.138   5.379  -4.948 0.2966
599       2.721   2.082  -2.360   2.725   2.529  -3.750   1.666   3.600  -3.984   2.466   1.214  -4.796   3.786   0.610  -5.176 0.1789
50        4.281   2.360  -1.561   3.279   2.692  -2.570   2.505   1.453  -3.004   4.014   3.423  -3.918   4.050   4.909  -3.723 0.5015
927       2.536   4.395  -1.660   2.258   5.189  -2.853   3.529   5.840  -3.387   1.091   6.378  -2.516  -0.277   5.826  -2.784 0.1668
498       2.157   4.708  -1.025   1.424   5.837  -1.591   2.375   6.953  -2.010   0.289   6.428  -0.473  -1.018   5.717  -0.664 0.2107
38        3.868   2.477  -1.844   4.411   1.127  -1.963   5.900   1.104  -1.634   4.151   0.518  -3.529   2.835  -0.202  -3.572 0.6159
965       1.088   3.906   1.791   1.549   4.474   3.054   2.601   3.583   3.705   0.241   4.701   4.115  -0.333   6.073   3.915 0.1510
1675      3.500   1.663  -1.833   4.201   1.720  -3.113   3.233   2.000  -4.256   5.035   0.267  -3.398   6.423   0.368  -2.838 0.1193
1003      0.174   4.220   0.122  -0.358   5.301   0.945  -0.273   4.956   2.427  -1.969   5.636   0.516  -1.994   6.683  -0.558 0.1310
530       1.557   5.250   1.098   1.306   6.188   2.189   1.247   5.466   3.530  -0.143   7.037   1.920   0.148   8.290   1.149 0.2238
831       2.338   4.630   1.241   2.553   5.196   2.570   2.222   6.684   2.592   4.159   4.948   3.069   4.258   3.646   3.806 0.1291
1962      3.448   1.712  -1.798   3.866   1.910  -3.183   2.736   2.499  -4.018   4.389   0.441  -3.861   5.861   0.279  -3.629 0.1082
879       1.884   4.782   1.401   1.782   5.395   2.722   0.953   6.673   2.672   3.329   5.727   3.344   3.818   4.546   4.127 0.1383
828       2.140   4.887   1.082   2.224   5.639   2.330   2.060   7.134   2.084   3.707   5.336   3.106   3.557   4.165   4.030 0.1330
1321      3.611   1.481  -1.670   4.298   1.465  -2.958   5.713   0.915  -2.818   4.343   3.027  -3.627   3.129   3.241  -4.481 0.1010
689       3.221   1.471  -2.104   3.655   1.424  -3.498   5.069   0.870  -3.614   3.576   2.973  -4.195   2.223   3.175  -4.811 0.1699
TOTRMS: 0.1786
BEFORE: 2023 0.1386660139174733
AFTER: 400 0.1785799384956771
