489       2.205   1.972  -3.391   1.169   2.221  -4.389   1.039   1.045  -5.351   1.506   3.646  -5.252   0.867   4.813  -4.560 0.1561
1287      2.055   2.025  -3.492   0.979   2.501  -4.356   0.804   4.011  -4.235  -0.479   1.713  -3.977  -0.606   0.470  -4.806 0.1321
294       1.934   2.363   3.457   2.643   1.432   4.331   3.849   2.099   4.982   3.137   0.059   3.458   2.062  -0.985   3.517 0.1662
135       0.496   5.775   2.655   1.221   6.496   3.697   2.389   7.280   3.111   1.781   5.417   4.886   0.743   5.272   5.959 0.2486
1654      2.366   2.049  -3.432   1.393   2.513  -4.416   0.928   3.930  -4.103   0.058   1.461  -4.471   0.309   0.389  -5.490 0.1369
149       0.068   3.733   2.778  -1.262   4.331   2.864  -2.150   3.558   3.833  -1.987   4.387   1.327  -1.643   5.686   0.659 0.2310
288       0.331   4.400  -2.466  -0.979   4.350  -3.109  -1.915   5.404  -2.531  -1.664   2.804  -2.939  -1.260   1.947  -4.101 0.2094
122       4.735   2.202   0.502   5.522   0.998   0.752   5.651   0.155  -0.512   4.819   0.078   1.997   5.388   0.506   3.317 0.2453
128       4.092   2.177   2.131   5.354   1.505   1.832   5.793   1.777   0.398   5.211  -0.169   2.092   5.584  -0.489   3.509 0.2325
1104      2.594   1.989  -3.474   1.709   2.464  -4.533   1.678   3.987  -4.580   0.137   1.855  -4.310   0.000   0.547  -5.030 0.1451
201       4.340   1.128   1.890   4.306   0.222   3.034   3.898  -1.184   2.609   3.237   0.805   4.222   3.983   1.690   5.174 0.1676
262       3.624   2.515   2.708   4.140   1.379   3.467   5.337   0.748   2.765   2.920   0.217   3.698   2.189   0.508   4.975 0.1778
184      -0.325   4.994   0.757  -0.769   5.366   2.098   0.336   5.141   3.124  -2.155   4.481   2.531  -3.381   5.236   2.111 0.2134
207      -0.318   3.822  -2.541  -1.757   4.070  -2.552  -2.200   4.792  -1.285  -2.610   2.609  -2.720  -2.830   2.322  -4.175 0.2146
58        3.959   2.156  -3.200   5.294   1.566  -3.153   5.676   0.964  -4.500   5.376   0.378  -1.939   5.806   1.011  -0.649 0.4070
532       0.986   3.557   3.084   1.596   3.046   4.308   3.114   3.179   4.262   1.160   1.421   4.555  -0.098   1.359   5.369 0.1558
140      -1.986   4.699   3.989  -2.663   3.932   5.030  -4.166   4.187   5.011  -2.026   4.315   6.559  -0.886   3.392   6.872 0.2355
122      -1.197   4.071   3.504  -2.148   3.375   4.365  -2.449   4.187   5.619  -1.549   1.842   4.793  -1.999   0.830   3.782 0.3292
107      -2.743   5.574   1.416  -4.003   5.181   2.041  -4.731   6.390   2.616  -3.726   4.031   3.263  -3.794   2.652   2.676 0.2754
342      -0.128   4.639   1.619  -0.249   4.680   3.074   1.119   4.608   3.741  -1.233   3.406   3.623  -2.661   3.862   3.671 0.1845
54       -1.917   3.585   3.261  -2.391   2.475   4.082  -3.667   2.849   4.828  -1.189   1.999   5.186  -0.332   0.937   4.565 0.4561
218      -0.744   4.152  -1.865  -2.129   4.485  -1.546  -2.227   5.860  -0.894  -2.803   3.306  -0.524  -3.442   2.231  -1.353 0.2107
111       1.005   3.797   3.552   0.325   2.872   4.455   0.060   3.521   5.808   1.245   1.456   4.657   0.848   0.450   3.618 0.3089
146      -0.348   4.295   5.069  -1.096   3.672   6.157  -2.248   4.561   6.611  -0.068   3.335   7.468   0.505   1.957   7.313 0.2734
130       3.362   4.155   3.220   3.902   3.455   4.382   5.409   3.660   4.494   3.544   1.795   4.294   2.232   1.531   4.970 0.3144
136      -0.148   5.597   2.909  -0.943   5.246   4.082  -0.793   6.292   5.181  -0.492   3.715   4.669  -1.328   2.660   4.009 0.3214
129      -0.619   6.403   3.427  -1.983   6.887   3.622  -1.988   8.285   4.230  -2.856   5.816   4.613  -3.535   4.787   3.759 0.2534
714       3.100   1.756   2.918   4.193   0.805   3.101   3.700  -0.480   3.754   5.431   1.498   4.038   6.416   2.183   3.138 0.1328
143       0.239   3.212   4.952  -0.272   2.253   5.927  -1.202   2.930   6.927   1.013   1.497   6.744   1.416   0.257   6.003 0.2595
163      -1.116   4.200   4.202  -1.893   3.501   5.222  -2.574   4.486   6.165  -0.897   2.442   6.104  -0.889   1.096   5.443 0.2624
195      -2.752   5.254   3.187  -3.839   4.755   4.024  -5.006   5.736   4.051  -3.285   4.464   5.605  -2.796   3.050   5.711 0.2836
117      -0.214   4.895   3.835  -0.134   4.581   5.259   1.246   4.049   5.628  -1.329   3.449   5.685  -2.577   4.170   6.097 0.3379
412       3.654   2.470   2.788   4.191   1.350   3.556   5.715   1.363   3.552   3.618  -0.124   2.933   2.340  -0.496   3.625 0.1756
121       1.007   4.428  -2.892  -0.109   4.337  -3.828  -0.929   5.622  -3.832  -1.102   3.012  -3.441  -0.621   1.796  -4.175 0.2529
166      -0.834   4.656   0.266  -1.685   4.851   1.437  -3.153   4.943   1.039  -1.220   6.252   2.281  -0.191   5.897   3.312 0.2329
400       1.779   1.387  -3.944   0.667   1.390  -4.890  -0.659   1.627  -4.177   0.614  -0.076  -5.749   1.439   0.045  -6.996 0.1804
165       0.301   3.914  -2.844  -0.982   4.587  -3.023  -0.822   6.101  -2.957  -2.094   4.066  -1.847  -2.849   2.877  -2.364 0.2018
114      -2.874   6.474   0.946  -4.217   6.379   1.511  -5.164   7.371   0.847  -4.174   6.647   3.190  -3.978   5.341   3.900 0.2688
443       2.863   2.148   3.119   4.032   1.327   3.422   5.245   1.783   2.620   3.705  -0.311   3.105   3.153  -0.959   4.340 0.1662
240      -0.638   4.816   0.727  -1.487   5.014   1.899  -0.904   6.073   2.827  -1.689   3.550   2.739  -2.895   2.832   2.210 0.2271
424       1.720   1.507  -3.877   0.645   1.444  -4.863  -0.593   2.187  -4.373   0.253  -0.173  -5.211   1.090  -0.654  -6.359 0.1758
420       0.248   4.058   2.891   0.525   3.777   4.296   1.850   3.041   4.457  -0.736   2.863   4.979  -1.768   3.786   5.554 0.1684
129       1.057   4.009  -2.863   0.079   3.609  -3.870  -1.320   4.087  -3.497   0.085   1.920  -4.066   1.070   1.545  -5.133 0.2529
90        1.252   4.770  -3.582   0.689   6.108  -3.739   1.558   7.153  -3.048  -0.893   6.163  -3.120  -1.868   5.822  -4.207 0.3154
41        6.976   1.147   2.239   7.195   0.668   3.600   8.625   0.173   3.785   6.096  -0.574   3.976   4.857   0.020   4.577 0.3721
116       0.918   5.787   2.583   0.492   5.729   3.979   1.444   6.511   4.876   0.392   4.114   4.502  -0.990   3.590   4.246 0.3083
148       2.286   3.260  -3.755   1.522   4.196  -4.576   1.430   5.563  -3.908  -0.036   3.587  -4.876  -0.021   2.774  -6.136 0.2089
202      -0.257   4.250   5.034  -0.605   3.409   6.175  -2.114   3.223   6.280   0.001   4.081   7.615   1.379   3.550   7.873 0.2052
101      -1.140   5.002   1.568  -1.325   5.303   2.985  -0.367   4.491   3.848  -2.931   4.999   3.451  -3.749   6.242   3.265 0.3164
138       4.655   1.994   1.298   5.489   0.796   1.326   6.599   0.874   0.284   4.541  -0.592   1.065   4.053  -1.119   2.381 0.2438
204      -0.197   4.912  -1.482  -1.640   5.020  -1.671  -2.235   6.088  -0.762  -2.391   3.522  -1.379  -2.463   2.741  -2.658 0.2021
312       3.292   1.079  -4.018   2.505   0.276  -4.950   3.287  -0.004  -6.228   1.043   1.061  -5.320  -0.013   0.636  -4.344 0.1838
106       0.688   3.722   2.967  -0.646   4.020   3.482  -1.062   3.011   4.546  -1.780   4.034   2.216  -1.884   5.420   1.653 0.2646
137       3.958   1.915   4.691   4.852   1.418   5.732   5.819   2.505   6.190   5.718   0.065   5.174   4.950  -1.184   5.489 0.2940
67        4.446   0.852  -1.332   4.617   0.177  -2.615   5.540   0.969  -3.534   3.110  -0.060  -3.366   2.546  -1.386  -2.947 0.3353
104       1.751   1.681  -4.168   0.698   0.948  -4.865   0.816   1.121  -6.375  -0.833   1.463  -4.336  -1.269   0.624  -3.172 0.2447
157      -0.756   3.555  -4.481  -2.141   3.178  -4.744  -2.278   2.502  -6.103  -3.152   4.543  -4.668  -3.654   4.716  -3.265 0.2855
328       2.702   1.074  -3.753   1.838   0.680  -4.862   2.514  -0.370  -5.737   1.419   2.036  -5.798   0.154   2.639  -5.264 0.1654
166       1.841   1.279  -3.876   0.806   0.709  -4.734   1.418  -0.136  -5.845  -0.157   1.942  -5.401  -1.316   2.218  -4.491 0.2440
183       1.500   6.034   4.377   0.515   6.871   5.056   1.192   7.887   5.967  -0.562   5.909   5.954  -1.735   5.537   5.096 0.2290
54       -1.001  -0.798  -4.198  -1.910  -1.919  -4.419  -3.325  -1.576  -3.968  -1.356  -3.303  -3.601  -0.454  -4.090  -4.503 0.3496
84        2.036   3.835  -4.963   1.104   3.608  -6.063   0.439   4.909  -6.497  -0.078   2.471  -5.614   0.395   1.092  -5.968 0.3952
104       0.390   3.412   4.712   0.076   2.418   5.734   0.277   2.988   7.133   1.036   1.030   5.527   0.328   0.063   4.625 0.2676
76       -2.596   6.406   0.296  -4.048   6.545   0.220  -4.690   6.350   1.588  -4.693   5.432  -0.892  -4.742   6.056  -2.254 0.4133
142      -2.273   5.846   2.979  -3.194   5.462   4.045  -4.619   5.894   3.721  -2.702   6.139   5.525  -1.778   5.188   6.227 0.2612
232       0.213   4.544   2.187   0.397   4.536   3.635   1.863   4.731   4.004  -0.183   3.081   4.298  -1.629   3.240   4.663 0.1768
137       4.199   0.732  -3.706   3.591  -0.078  -4.757   4.637  -0.555  -5.757   2.377   0.803  -5.558   1.062   0.579  -4.874 0.1865
89        6.268  -0.032   1.233   7.092  -0.343   2.397   8.072  -1.469   2.091   6.113  -0.765   3.721   5.780   0.466   4.510 0.3561
132      -3.045   6.168   1.204  -4.488   6.139   1.426  -5.081   7.542   1.368  -4.844   5.417   2.923  -5.024   3.940   2.736 0.2438
68       -2.054   5.838   2.937  -3.280   5.617   3.698  -3.099   4.499   4.718  -4.570   5.250   2.653  -5.263   6.518   2.249 0.3234
72       -0.666   6.810   1.062  -1.551   7.120   2.181  -1.036   8.314   2.975  -1.715   5.768   3.199  -2.877   4.936   2.744 0.3489
64        3.914   2.281  -3.675   4.008   1.208  -4.661   4.287   1.763  -6.053   2.578   0.288  -4.676   2.700  -0.843  -3.698 0.4063
183      -0.478   3.786  -2.534  -1.930   3.918  -2.610  -2.335   5.346  -2.956  -2.646   3.448  -1.141  -2.957   1.982  -1.182 0.2601
126       3.167   3.767  -3.885   2.420   4.602  -4.821   3.198   5.866  -5.169   0.903   5.011  -4.172  -0.107   3.976  -4.570 0.3111
141       2.033   4.369   3.265   1.729   3.836   4.590   2.997   3.660   5.416   0.908   2.353   4.459  -0.571   2.602   4.416 0.2780
156       1.220   4.202   3.099   0.476   3.664   4.235   0.949   4.284   5.544   0.634   1.972   4.300  -0.469   1.336   3.507 0.2797
140       0.654   5.472   4.602  -0.684   5.848   5.051  -0.838   7.364   5.108  -1.011   5.171   6.575  -1.645   3.823   6.398 0.3038
194      -0.411   4.986  -0.643  -1.867   5.014  -0.545  -2.316   5.510   0.825  -2.512   3.470  -0.846  -2.794   3.323  -2.312 0.1989
367       3.749   0.902  -3.561   3.249   0.920  -4.933   3.064   2.348  -5.431   1.781   0.069  -5.040   2.059  -1.371  -5.350 0.1795
202      -0.945   4.045   2.972  -0.906   3.643   4.375   0.062   2.485   4.588  -2.460   3.210   4.912  -3.154   4.419   5.464 0.2901
416       2.030   2.408   3.381   3.009   1.553   4.047   4.418   1.831   3.535   2.619  -0.086   3.820   1.726  -0.546   4.934 0.1520
361      -0.489   4.286  -1.873  -1.817   4.729  -1.455  -1.728   5.696  -0.281  -2.783   3.393  -1.039  -3.522   2.914  -2.253 0.1755
89        0.928   5.430   3.189   1.601   5.553   4.479   2.283   6.909   4.616   2.739   4.305   4.676   2.082   3.128   5.333 0.3424
111      -1.919   6.074   1.907  -3.350   6.098   2.195  -3.914   4.686   2.299  -4.181   6.970   0.995  -4.260   8.415   1.390 0.2931
269       4.185   0.427  -3.391   3.826   0.017  -4.746   2.667   0.848  -5.282   3.423  -1.635  -4.778   4.655  -2.445  -5.053 0.1930
393       1.870   3.113  -3.301   0.861   3.878  -4.028   0.713   5.281  -3.451  -0.635   3.072  -3.993  -0.737   2.155  -5.175 0.1722
157       3.153   1.120   3.028   3.892  -0.117   3.264   4.468  -0.669   1.966   2.888  -1.277   3.997   2.980  -1.149   5.488 0.2130
233       1.742   3.194   5.188   1.918   2.114   6.154   0.723   2.021   7.096   3.347   2.341   7.045   4.486   1.659   6.347 0.2591
249       2.040   2.402  -3.763   1.056   2.622  -4.819   1.382   3.875  -5.622  -0.506   2.743  -4.158  -1.133   1.382  -4.104 0.1847
113      -2.039   4.671   4.141  -3.131   4.080   4.910  -4.483   4.580   4.416  -2.948   4.430   6.564  -2.142   3.348   7.218 0.2645
1306      1.909   1.896  -3.524   0.772   2.249  -4.369   0.317   3.680  -4.110  -0.517   1.171  -4.109  -0.401   0.014  -5.057 0.1226
364       0.834   4.238   2.742   1.331   4.099   4.107   2.686   4.778   4.270   1.448   2.457   4.532   0.156   2.007   5.148 0.1910
164       1.197   4.525   4.760   1.870   3.911   5.901   1.339   4.467   7.217   3.550   4.155   5.801   4.176   3.019   5.048 0.3240
159      -2.405   4.564   3.711  -3.190   3.749   4.634  -4.563   3.431   4.054  -3.357   4.540   6.129  -2.224   4.150   7.031 0.2497
122      -0.051   5.439   3.259  -0.610   5.019   4.541  -0.795   6.209   5.476   0.389   3.853   5.271  -0.041   2.483   4.838 0.3017
69       -0.412   4.234  -2.283  -1.721   4.728  -1.865  -2.717   4.688  -3.019  -1.593   6.311  -1.260  -1.339   6.263   0.217 0.3467
34        0.104   5.174  -1.451  -1.277   5.215  -1.921  -1.470   4.316  -3.137  -1.730   6.810  -2.297  -2.314   7.464  -1.080 0.3734
148       1.371   2.959   4.800   1.292   1.879   5.780   1.414   2.417   7.201   2.504   0.723   5.487   1.979  -0.327   4.554 0.2809
333       2.554   1.334  -3.899   1.685   1.364  -5.072   0.345   2.014  -4.747   1.441  -0.209  -5.670   2.499  -0.528  -6.684 0.1742
101      -0.308   4.566   4.887  -0.906   3.875   6.026  -2.275   3.308   5.667  -1.040   4.927   7.355   0.205   4.842   8.187 0.3016
135       2.919   2.560   3.488   2.867   1.338   4.286   3.663   1.490   5.577   3.456   0.018   3.389   2.323  -0.629   2.650 0.2895
98       -1.009   3.574   3.845  -1.230   2.799   5.062  -2.195   1.646   4.812  -1.823   3.799   6.303  -0.674   4.362   7.084 0.3913
100      -2.823   6.750   0.683  -4.210   6.777   1.139  -4.853   8.130   0.859  -4.294   6.425   2.800  -4.450   4.945   2.990 0.2880
119      -0.919   4.728   4.579  -0.697   4.128   5.892  -1.720   3.034   6.175  -0.762   5.316   7.106   0.611   5.877   7.330 0.2637
187       3.410   1.751   2.790   4.343   0.635   2.928   4.207  -0.028   4.293   5.941   1.165   2.693   6.298   1.050   1.241 0.2526
430       2.373   2.684  -3.435   1.525   3.349  -4.421   1.870   4.829  -4.532  -0.115   3.160  -4.016  -0.650   1.916  -4.661 0.1686
176       0.432   5.884   2.826   1.196   6.537   3.886   2.667   6.658   3.508   1.037   5.680   5.345  -0.138   6.211   6.111 0.2853
145       3.620   0.591  -3.371   3.063   0.055  -4.610   1.639   0.551  -4.831   3.093  -1.645  -4.587   4.386  -2.130  -5.169 0.2351
102       0.179   4.595   2.069  -0.989   5.430   1.804  -2.055   5.238   2.877  -1.634   5.079   0.271  -0.993   5.965  -0.756 0.3025
218      -0.215   4.532   1.846  -0.591   4.473   3.256  -0.011   5.652   4.028  -0.072   3.010   3.948  -1.151   1.978   3.803 0.2007
132      -0.196   6.641   2.289  -1.380   7.492   2.357  -2.372   6.969   3.390  -2.126   7.595   0.833  -1.557   8.757   0.075 0.3244
112      -0.570   5.058  -0.860  -1.470   5.758   0.053  -0.976   5.662   1.491  -3.044   5.127  -0.067  -3.808   5.883  -1.113 0.2710
113      -0.590   4.997   4.663  -1.775   4.765   5.484  -1.918   5.839   6.556  -1.706   3.227   6.205  -2.356   2.222   5.301 0.3223
145       0.961   2.672   3.389   1.213   1.666   4.417  -0.018   1.454   5.290   2.540   2.120   5.378   3.801   1.567   4.783 0.2987
124      -1.459   7.028   2.173  -2.702   7.675   1.762  -2.814   9.075   2.356  -4.042   6.737   2.225  -4.387   5.780   1.123 0.2794
173       1.993   3.632   3.214   1.659   2.960   4.467   2.898   2.765   5.333   0.921   1.460   4.158  -0.565   1.643   4.068 0.2109
279       1.803   2.004  -3.622   0.710   1.962  -4.589   0.571   3.292  -5.319  -0.752   1.566  -3.814  -0.932   0.077  -3.816 0.1738
308      -0.711   4.780   0.071  -1.511   5.140   1.238  -0.633   5.684   2.359  -2.394   3.796   1.789  -3.730   3.762   1.108 0.1996
270       1.721   2.343  -3.395   0.600   2.762  -4.231  -0.032   1.570  -4.939   1.109   3.915  -5.372   0.959   5.291  -4.795 0.1715
104      -1.274   5.546   1.767  -1.881   5.190   3.046  -3.251   5.840   3.203  -0.868   5.648   4.332   0.061   4.518   4.664 0.3191
119       2.709   1.573   3.501   3.424   0.429   4.060   2.782  -0.884   3.628   3.464   0.527   5.757   4.692   1.275   6.185 0.2344
109      -3.628   5.793   1.649  -5.080   5.648   1.679  -5.762   6.788   0.932  -5.637   5.587   3.284  -5.665   4.162   3.750 0.3138
449       0.210   3.840   2.909   0.515   3.434   4.278   1.968   2.992   4.408  -0.523   2.179   4.770  -1.747   2.765   5.407 0.1675
158      -0.656   6.606   3.278  -1.995   7.187   3.269  -1.935   8.709   3.324  -2.908   6.592   4.575  -3.637   5.352   4.151 0.2243
199      -0.580   4.652  -1.514  -2.038   4.615  -1.584  -2.644   5.933  -1.117  -2.644   3.330  -0.650  -2.751   2.100  -1.501 0.2818
46        1.568   3.382   3.154   0.963   2.540   4.182   1.837   2.486   5.430   0.702   0.970   3.585  -0.664   0.889   2.972 0.3349
119       3.354   2.338  -2.897   3.027   1.547  -4.080   1.690   1.975  -4.673   2.992  -0.108  -3.695   4.355  -0.698  -3.899 0.2915
286       1.535   3.487   3.132   2.359   2.983   4.227   3.806   2.799   3.785   1.735   1.514   4.811   0.756   1.789   5.914 0.1672
555       4.560   0.670   0.670   4.905   0.013   1.927   4.343  -1.403   1.979   4.330   0.917   3.247   5.381   1.896   3.678 0.1323
137       2.548   3.982   3.419   2.569   3.294   4.707   3.773   3.721   5.538   2.585   1.609   4.480   1.176   1.098   4.433 0.2956
162       2.864   3.426  -3.752   2.390   4.499  -4.620   3.076   5.819  -4.286   0.704   4.669  -4.486   0.031   3.794  -5.502 0.2298
123      -3.336   5.398   0.978  -4.733   5.031   1.188  -5.502   6.159   1.864  -4.840   3.612   2.119  -4.849   2.418   1.212 0.3068
243      -0.123   4.432  -2.059  -1.311   5.170  -1.637  -1.049   5.943  -0.350  -2.623   4.109  -1.423  -3.379   3.983  -2.713 0.1808
79       -2.061   6.732   0.938  -2.876   6.981   2.123  -2.017   7.018   3.382  -4.082   5.793   2.275  -5.318   6.239   1.552 0.3886
188       2.731   2.640  -3.593   2.008   3.256  -4.702   1.105   4.381  -4.211   1.090   2.091  -5.532   1.915   1.497  -6.635 0.2111
204      -0.360   3.713  -2.572  -1.812   3.819  -2.679  -2.323   5.077  -1.986  -2.558   2.443  -2.013  -2.735   1.405  -3.081 0.2094
136       4.014   1.849   4.636   5.088   1.389   5.512   6.419   1.340   4.770   4.718  -0.144   6.149   3.976   0.018   7.442 0.2720
673       2.905   1.534  -3.660   2.106   1.797  -4.854   1.700   3.264  -4.931   0.724   0.807  -4.872   1.037  -0.476  -5.583 0.1572
108       2.437   3.910   2.813   2.435   3.359   4.165   3.237   2.065   4.232   0.842   3.086   4.692   0.327   4.313   5.384 0.2846
124      -0.308   4.472   1.761  -1.471   5.203   1.267  -2.766   4.601   1.801  -1.490   5.210  -0.433  -0.746   6.411  -0.937 0.2992
197       2.719   2.491   3.287   3.560   1.555   4.028   4.796   2.251   4.586   4.022   0.256   3.032   3.010  -0.844   3.144 0.1776
101       0.430   4.451   2.480  -0.917   4.975   2.692  -1.352   4.801   4.142  -2.023   4.204   1.655  -2.121   4.971   0.370 0.3003
125       0.114   4.769  -1.880  -1.293   4.832  -2.267  -2.166   5.264  -1.095  -1.814   3.326  -2.858  -1.594   3.267  -4.341 0.2341
72       -0.259   4.194   2.100  -0.611   3.858   3.477  -2.096   3.536   3.601  -0.201   5.134   4.523   1.199   4.941   5.023 0.3101
169      -0.762   4.648  -0.898  -1.909   5.067  -0.097  -1.490   5.403   1.329  -3.100   3.854  -0.086  -4.046   4.070  -1.229 0.2077
96        0.659   4.520   5.276   0.391   3.903   6.572  -0.276   4.891   7.522   1.830   3.314   7.258   2.045   1.894   6.828 0.3041
160       0.678   5.777   4.462  -0.510   6.455   4.972  -0.271   7.954   5.108  -0.969   5.800   6.472  -1.929   4.669   6.251 0.2239
90       -2.000   6.056   1.965  -3.380   5.984   2.437  -3.654   4.655   3.132  -4.462   6.199   1.144  -4.779   7.657   0.994 0.3285
89        3.305   4.252   5.074   2.492   4.399   6.277   2.869   5.662   7.044   2.663   3.036   7.279   1.623   2.017   6.919 0.3539
101      -0.494   4.080  -3.217  -1.931   3.942  -3.436  -2.476   5.104  -4.258  -2.751   3.845  -1.949  -2.859   2.409  -1.530 0.3500
267       3.242   2.097   2.969   4.407   1.271   3.271   5.702   2.041   3.038   4.392  -0.144   2.329   3.659  -1.226   3.064 0.1777
110      -0.765   3.751   4.672  -1.647   3.121   5.650  -1.815   3.999   6.885  -1.043   1.596   6.098  -1.605   0.548   5.183 0.2757
338       0.895   4.040   2.936   1.460   3.765   4.254   2.876   3.214   4.139   0.475   2.670   5.104  -0.545   3.429   5.899 0.1737
127       4.607   1.767  -1.505   5.791   1.188  -0.876   6.358   0.050  -1.716   5.419   0.630   0.687   5.650   1.730   1.679 0.2453
91        4.017   1.729   2.157   5.214   0.975   1.791   5.406  -0.228   2.707   6.586   1.977   1.850   6.797   2.615   0.509 0.2114
177       0.023   4.615   4.942  -0.111   3.903   6.210  -1.454   4.200   6.867   1.158   4.321   7.262   2.306   3.377   7.059 0.2471
33        0.415   3.061   3.291  -0.967   3.515   3.410  -1.212   4.758   2.561  -1.349   3.835   5.035  -1.891   2.591   5.675 0.3475
225       0.994   2.852   3.440   1.266   1.944   4.550   1.904   2.683   5.721   2.275   0.673   4.043   1.435  -0.468   3.552 0.2178
163      -2.038   4.071   2.295  -3.219   3.291   2.651  -3.951   2.804   1.406  -4.269   4.212   3.622  -3.921   4.009   5.066 0.2270
13       -3.595  -0.105  -2.081  -3.719  -1.435  -2.670  -5.180  -1.857  -2.770  -2.844  -2.572  -1.757  -1.443  -2.665  -2.285 0.5988
167       0.192   6.846   3.190  -0.782   7.930   3.266  -0.688   8.661   4.600  -2.357   7.330   3.041  -2.701   7.364   1.581 0.2091
85       -0.098   4.327  -2.094  -1.358   5.002  -1.795  -2.481   4.488  -2.688  -1.189   6.683  -1.979  -0.763   7.289  -0.675 0.3037
82       -2.235   4.947   2.166  -3.236   4.497   3.128  -3.474   2.996   3.013  -4.697   5.337   2.902  -4.698   6.574   3.750 0.4331
155       0.144   6.737   3.387  -0.996   7.637   3.531  -0.733   8.688   4.603  -2.402   6.759   3.909  -3.102   6.367   2.642 0.2358
90       -0.896   5.838   2.066  -2.115   5.666   2.851  -1.981   6.317   4.223  -2.483   4.015   3.022  -3.365   3.580   1.890 0.3632
155      -3.019   5.912   1.462  -4.393   5.711   1.913  -5.073   7.042   2.211  -4.424   4.719   3.293  -4.543   3.284   2.874 0.2194
285       3.065   3.021   3.105   3.369   2.076   4.175   4.859   1.757   4.219   2.471   0.646   3.977   1.165   0.770   4.702 0.1897
184       1.758   3.850   2.923   1.200   3.340   4.172   2.051   2.205   4.730  -0.398   2.808   3.935  -1.345   3.944   4.185 0.2284
212       3.784   1.627   2.431   4.899   0.702   2.249   5.753   1.101   1.051   4.325  -0.887   2.053   4.228  -1.552   3.394 0.1852
128       1.104   3.384  -3.419   0.106   2.881  -4.358  -0.607   4.027  -5.067  -1.025   1.900  -3.553  -0.554   0.476  -3.571 0.2987
36        0.163   5.896   0.785  -1.120   6.073   1.459  -2.242   5.381   0.694  -1.472   7.727   1.641  -0.922   8.214   2.948 0.4267
734       2.589   1.894  -3.561   1.722   2.233  -4.686   0.882   3.467  -4.379   0.713   0.921  -5.074   1.391   0.052  -6.091 0.1537
373       1.407   3.044   3.365   2.024   2.340   4.486   3.396   2.920   4.809   2.158   0.680   4.144   0.922  -0.028   4.613 0.1822
71        3.110   1.583   4.358   3.870   0.709   5.247   3.179  -0.639   5.416   4.087   1.447   6.763   5.357   2.245   6.754 0.3701
314       3.372   1.512  -3.594   2.743   1.804  -4.879   2.199   3.227  -4.913   1.493   0.694  -5.193   2.047  -0.485  -5.936 0.1784
95        3.570   1.184   2.881   4.631   0.182   2.942   4.198  -1.118   2.275   5.076  -0.111   4.557   6.182   0.823   4.948 0.2652
301       2.937   2.102   3.151   4.004   1.201   3.577   5.120   1.141   2.540   3.386  -0.358   3.858   2.959  -0.476   5.291 0.1734
58        2.514   4.407   3.891   1.664   5.450   4.459   1.526   5.284   5.968   0.130   5.429   3.727   0.134   6.334   2.532 0.3927
75        1.021   4.211   2.784  -0.066   5.160   3.010  -1.413   4.448   3.068  -0.084   6.343   1.790   0.773   7.502   2.205 0.3802
249       2.947   2.688   3.150   3.071   1.637   4.157   4.470   1.618   4.762   2.708   0.120   3.479   1.242  -0.157   3.629 0.2281
92       -2.461   5.042   1.801  -3.274   4.811   2.991  -2.436   4.232   4.125  -4.570   3.771   2.633  -5.756   4.580   2.200 0.3446
63        4.308   0.482   3.903   5.168  -0.445   4.632   5.882  -1.396   3.678   4.262  -1.329   5.766   4.248  -0.597   7.075 0.3238
117       4.678   2.669  -0.455   5.535   1.586  -0.930   5.134   1.144  -2.332   5.470   0.266   0.139   6.538   0.413   1.181 0.2779
172       0.249   4.252  -2.574  -1.124   4.669  -2.841  -1.370   6.092  -2.354  -2.223   3.602  -2.103  -2.564   2.496  -3.057 0.1972
183       0.423   4.231   4.719   0.365   3.487   5.974  -0.109   4.377   7.117   1.887   2.824   6.342   1.993   1.453   5.743 0.2949
149       0.580   4.221  -2.816  -0.609   5.061  -2.927  -0.997   5.643  -1.573  -1.905   4.172  -3.573  -1.900   4.294  -5.068 0.2337
107      -0.729   5.469  -3.214  -2.153   5.789  -3.176  -2.536   6.725  -4.317  -2.565   6.489  -1.683  -2.965   5.413  -0.719 0.3851
173       1.524   3.392   3.577   2.335   2.894   4.684   3.351   1.866   4.201   1.343   2.213   5.886   0.962   3.272   6.878 0.2485
95        1.104   6.140   2.586   1.114   6.222   4.044   2.291   7.055   4.539   1.174   4.665   4.725  -0.221   4.160   4.942 0.3404
354       2.143   1.829  -3.664   1.154   1.771  -4.736   0.811   3.167  -5.242  -0.254   0.983  -4.202  -0.138  -0.488  -4.474 0.1663
89        1.184   2.649   3.380   1.391   1.651   4.426   2.726   1.864   5.131   1.319   0.083   3.773  -0.094  -0.417   3.827 0.2468
122       4.183   3.876   2.977   4.700   3.079   4.085   5.692   3.879   4.921   5.437   1.662   3.503   4.418   0.564   3.425 0.3855
122      -3.274   4.892   1.005  -4.528   4.275   1.425  -5.724   4.970   0.785  -4.670   4.314   3.119  -4.071   3.068   3.700 0.3648
313       0.778   3.736  -2.944  -0.518   4.321  -3.279  -0.959   5.322  -2.217  -1.691   3.103  -3.456  -1.728   2.649  -4.885 0.1806
588       1.772   1.775  -3.701   0.674   1.922  -4.652  -0.217   3.103  -4.284  -0.248   0.495  -4.719   0.308  -0.411  -5.777 0.1528
263       3.834   2.543   2.652   4.563   1.446   3.281   6.056   1.745   3.349   4.297  -0.005   2.435   3.103  -0.707   3.010 0.1800
303       2.688   3.150   3.117   2.793   2.240   4.254   4.058   1.394   4.165   1.424   1.235   4.338   0.376   1.889   5.188 0.1763
165       2.894   0.436  -4.362   2.403  -0.224  -5.569   0.963   0.176  -5.866   2.520  -1.912  -5.412   3.854  -2.371  -5.920 0.2427
166       4.848   0.402  -3.361   4.704  -0.672  -4.340   5.835  -0.639  -5.361   3.202  -0.557  -5.130   2.178  -1.352  -4.375 0.3033
40        2.247   1.515   4.091   1.646   0.517   4.971   0.144   0.739   5.107   2.382   0.559   6.504   3.546  -0.387   6.525 0.3524
133      -0.831   3.813  -2.119  -2.266   3.923  -1.874  -2.547   4.707  -0.597  -2.972   2.379  -1.777  -3.420   1.947  -3.141 0.2328
144       1.877   5.486   4.717   0.892   6.123   5.586   1.513   7.272   6.372   0.218   4.984   6.654  -0.998   4.369   6.027 0.2539
78        5.432  -0.422  -2.112   6.291  -1.601  -2.172   5.951  -2.466  -3.380   6.147  -2.512  -0.743   7.166  -2.043   0.253 0.3676
164       2.006   5.736   4.407   1.316   6.758   5.189   1.919   6.883   6.583  -0.342   6.401   5.300  -1.069   7.041   4.155 0.2633
91        4.647   2.367   3.392   5.812   1.488   3.439   6.748   1.879   4.576   6.645   1.529   1.957   6.104   0.464   1.050 0.4093
241       2.650   1.980   3.175   3.559   0.920   3.601   2.960   0.110   4.745   5.056   1.575   4.072   5.971   1.636   2.885 0.2017
214      -0.466   4.537  -1.701  -1.701   5.165  -1.242  -1.421   6.509  -0.580  -2.521   4.141  -0.160  -3.464   3.259  -0.923 0.1841
105       2.275   4.960   3.835   3.491   5.312   4.562   4.183   6.512   3.926   4.556   3.987   4.615   4.275   3.169   5.841 0.3330
117       0.297   4.888   1.935  -0.928   4.895   2.728  -0.634   4.607   4.195  -2.035   3.757   2.120  -2.910   4.410   1.092 0.2701
56        4.581   2.159   1.473   5.230   0.868   1.683   4.638   0.145   2.887   6.905   1.073   1.892   7.588   0.997   0.559 0.3438
171       2.417   1.479   3.723   3.132   0.371   4.350   3.185  -0.841   3.426   2.397  -0.052   5.823   3.016   0.741   6.936 0.2608
96       -0.272   5.696   3.614  -1.674   6.092   3.715  -1.850   7.242   4.699  -2.632   4.768   4.187  -3.112   4.039   2.968 0.3478
165      -0.029   4.937   1.452  -0.320   5.182   2.861   0.575   6.281   3.423  -0.126   3.754   3.764  -1.428   3.012   3.810 0.2035
134      -2.400   4.813   2.987  -3.331   4.120   3.873  -4.635   4.897   4.014  -2.628   3.878   5.402  -1.912   2.560   5.419 0.2735
45       -3.138   4.794  -0.485  -4.298   4.990  -1.351  -5.577   5.121  -0.534  -4.439   3.703  -2.453  -3.676   4.029  -3.702 0.4652
138       4.429   1.556   1.363   5.504   0.957   0.578   5.930   1.876  -0.561   5.018  -0.551  -0.041   5.374  -1.631   0.937 0.2500
237       0.589   3.587  -3.001  -0.712   4.197  -3.261  -0.832   5.551  -2.571  -1.964   3.167  -2.745  -2.363   2.263  -3.873 0.1846
171       4.209   0.601   1.548   4.166   0.034   2.893   3.524  -1.348   2.886   3.317   1.066   3.945   4.274   2.032   4.578 0.1813
96        4.711   2.910   0.270   5.460   1.658   0.214   6.693   1.715   1.108   5.915   1.310  -1.387   4.845   0.490  -2.044 0.3632
181       1.603   1.789  -3.953   0.432   2.074  -4.777  -0.854   1.686  -4.057   0.538   1.254  -6.263   1.233   2.125  -7.266 0.2360
60        1.754   3.835   3.861   0.843   4.862   4.360   1.029   5.082   5.856  -0.769   4.436   4.029  -1.168   4.986   2.692 0.4044
143       1.857   2.657   3.491   2.623   1.824   4.414   3.493   2.677   5.330   3.589   0.720   3.555   2.821  -0.549   3.332 0.2070
130      -1.002   7.317   1.495  -2.113   8.094   0.952  -2.644   9.085   1.981  -3.362   7.063   0.437  -3.149   6.699  -1.003 0.3081
106       1.744   3.138   3.507   2.649   2.524   4.475   1.872   1.828   5.587   3.693   3.691   5.135   4.936   3.780   4.301 0.2932
221       1.031   3.390   3.253   1.432   2.758   4.506   2.680   1.904   4.316   0.164   1.807   5.122  -0.693   2.643   6.026 0.1750
152       1.869   4.068  -3.842   0.612   4.694  -4.241   0.620   5.043  -5.725   0.325   6.091  -3.316  -0.456   5.726  -2.088 0.2956
41        4.586   1.386   1.070   4.793   0.175   1.859   5.187   0.513   3.292   5.985  -0.804   1.142   5.338  -1.756   0.181 0.4238
265       2.873   2.709   3.095   4.143   2.113   3.499   5.240   2.419   2.487   3.976   0.432   3.689   3.586   0.124   5.104 0.1877
261       0.096   3.222   3.464   0.245   2.531   4.742   1.394   1.530   4.694  -1.200   1.741   5.162  -2.061   2.667   5.968 0.1862
189      -0.164   4.523  -1.914  -1.544   4.357  -2.359  -2.521   4.950  -1.350  -1.893   2.711  -2.610  -1.580   2.345  -4.030 0.2160
522       2.462   2.154  -3.418   1.542   2.345  -4.536   0.675   3.581  -4.327   0.560   0.972  -4.737   1.226   0.016  -5.683 0.1492
123       0.156   5.554  -1.841  -1.272   5.829  -1.976  -1.614   7.222  -1.461  -2.182   4.659  -1.143  -2.498   3.520  -2.067 0.3840
82       -1.448   3.851   3.189  -1.864   3.474   4.537  -0.710   3.602   5.524  -2.468   1.884   4.549  -3.946   1.909   4.294 0.3281
170       3.747   2.479  -3.496   3.326   3.198  -4.695   3.093   4.675  -4.395   1.914   2.504  -5.339   2.287   1.439  -6.327 0.2135
113       0.086   4.072   2.469  -0.217   3.690   3.846   0.699   4.409   4.829  -0.074   2.007   4.039  -1.396   1.357   3.758 0.2400
95        3.056   2.028   3.110   3.004   0.614   3.471   2.678   0.436   4.949   4.480  -0.146   3.104   4.430  -0.686   1.706 0.3501
81       -2.155   3.790   3.850  -2.917   2.791   4.594  -4.416   3.029   4.455  -2.473   2.807   6.235  -1.342   1.847   6.456 0.3161
70        4.591   2.851  -2.386   5.331   1.747  -2.991   4.467   0.990  -3.992   5.901   0.686  -1.791   7.266   1.121  -1.346 0.3797
144       4.096   1.522   2.099   5.105   0.477   1.944   6.510   1.043   2.109   4.953  -0.274   0.427   4.019  -1.442   0.539 0.2580
54       -3.161   4.341   2.126  -4.206   3.650   2.876  -3.680   2.355   3.484  -5.540   3.324   1.874  -6.504   4.471   1.936 0.4228
230      -2.318   5.244   0.576  -3.697   4.815   0.791  -4.193   3.959  -0.368  -4.713   6.163   0.997  -4.785   6.516   2.452 0.2191
93        1.713   1.814   4.932   1.952   0.974   6.102   3.415   0.558   6.189   0.956  -0.403   6.057  -0.338  -0.108   6.756 0.2830
287       0.328   3.989   2.744   0.421   3.653   4.162   1.656   4.283   4.796   0.454   1.966   4.372  -0.948   1.454   4.527 0.1864
86        4.100  -0.720  -3.181   3.390  -1.637  -4.068   1.885  -1.569  -3.838   3.943  -3.229  -3.841   5.087  -3.498  -4.773 0.2992
150       0.057   3.974   5.275  -0.533   3.317   6.438  -0.749   4.307   7.577   0.454   2.034   6.959   0.043   0.772   6.262 0.2717
141      -0.508   4.568   1.252  -0.921   4.555   2.652  -2.388   4.943   2.794   0.052   5.607   3.567   1.237   4.857   4.098 0.2552
185       1.294   1.344  -4.039   0.012   1.522  -4.716  -1.030   2.111  -3.772  -0.538   0.041  -5.342  -0.027  -0.131  -6.742 0.1828
128       0.571   3.206  -3.292  -0.774   3.361  -3.839  -0.957   4.739  -4.464  -1.940   3.112  -2.626  -2.318   1.661  -2.587 0.2289
143       0.710   1.571  -3.907  -0.640   1.537  -4.462  -1.688   1.513  -3.356  -0.830   0.185  -5.476  -0.455   0.556  -6.880 0.2103
61        4.900   1.724   0.206   5.745   1.784   1.395   5.383   0.680   2.382   5.608   3.303   2.145   6.642   4.233   1.583 0.3250
69       -1.451   3.728  -3.574  -2.858   3.386  -3.389  -3.442   2.765  -4.652  -3.751   4.764  -2.949  -3.772   4.891  -1.455 0.3438
103      -0.519   4.229   3.281  -0.677   3.899   4.694   0.486   4.439   5.517  -0.805   2.216   4.899  -2.247   1.811   4.829 0.2879
49        0.292  -0.999  -4.753  -0.274  -2.286  -5.148   0.791  -3.190  -5.757  -1.548  -2.060  -6.251  -2.840  -1.926  -5.502 0.4219
146      -0.930   2.951   3.761  -1.375   2.164   4.908  -0.354   1.089   5.265  -2.885   1.451   4.588  -3.978   2.377   5.029 0.2919
85       -2.493   4.994   0.811  -3.367   5.310   1.937  -2.646   6.175   2.965  -3.931   3.883   2.670  -5.217   3.464   2.022 0.3287
120       2.472   1.812  -3.680   1.533   1.569  -4.771   1.954   2.310  -6.034  -0.038   2.037  -4.317  -0.744   0.873  -3.688 0.2217
153      -2.700   4.804   3.199  -3.812   4.226   3.949  -4.496   5.278   4.814  -3.269   2.938   4.917  -3.361   1.657   4.143 0.2956
82       -1.366   5.678   0.564  -2.605   5.680   1.336  -3.193   7.083   1.428  -2.334   5.057   2.894  -2.552   3.573   2.885 0.3475
168       1.232   3.000   4.369   1.307   1.837   5.248   0.819   2.176   6.651   2.898   1.243   5.312   3.093   0.217   4.235 0.2897
193       3.316   2.274   2.845   4.599   1.596   3.004   4.423   0.235   3.666   5.668   2.554   3.915   6.453   3.441   2.995 0.1920
102       0.573   4.030   3.575   0.841   3.695   4.970   1.371   4.903   5.733   1.950   2.410   5.070   1.206   1.108   5.087 0.2644
148       2.343   4.195   3.162   2.549   3.597   4.477   4.005   3.191   4.673   1.535   2.247   4.681   0.234   2.686   5.284 0.2584
44       -2.253   5.171   1.881  -3.585   5.759   1.765  -4.530   4.831   1.011  -3.502   7.267   0.985  -3.310   8.348   2.007 0.4323
44        2.263   3.296   4.986   1.930   4.049   6.191   0.751   3.419   6.924   1.577   5.666   5.802   2.835   6.480   5.858 0.3811
329       2.619   1.777  -3.550   1.761   1.723  -4.730   1.931   2.969  -5.591   0.133   1.547  -4.273  -0.206   0.089  -4.181 0.1726
95        1.894   5.949   2.548   0.771   6.720   3.075  -0.236   5.815   3.775   0.007   7.585   1.825   0.641   8.937   1.694 0.3501
95        2.000   4.057   3.718   3.244   4.113   4.481   4.415   3.586   3.661   3.096   3.224   5.923   2.596   4.123   7.015 0.3317
88        1.436   4.973   4.105   2.140   4.444   5.270   2.453   5.550   6.271   3.575   3.666   4.794   3.294   2.217   4.530 0.3177
89        4.860   1.940  -0.056   5.635   0.735   0.227   6.080   0.053  -1.062   4.726  -0.346   1.174   4.970  -0.065   2.626 0.2812
111      -1.718   6.730   2.189  -2.385   6.757   3.487  -3.264   7.995   3.627  -1.241   6.709   4.743  -0.966   5.283   5.116 0.2934
175       2.882   1.520   3.103   3.771   0.407   3.423   3.014  -0.915   3.431   4.521   0.660   4.928   5.811   1.398   4.727 0.1930
40        1.000   3.819  -5.072   1.279   2.999  -6.248   0.217   3.202  -7.323   1.369   1.357  -5.819   2.784   1.010  -5.465 0.5208
337       1.877   3.020   3.354   2.801   2.428   4.318   4.098   3.225   4.395   3.134   0.812   3.905   2.140  -0.090   4.576 0.1706
137       3.825   1.253  -2.812   3.323   1.190  -4.181   2.545   2.451  -4.540   2.340  -0.181  -4.390   3.183  -1.338  -4.837 0.2552
152       0.160   3.581  -2.951  -1.227   3.915  -3.262  -1.464   5.418  -3.168  -2.285   3.092  -2.215  -2.657   1.770  -2.819 0.1918
110       1.889   3.404  -3.852   1.033   4.262  -4.667   1.665   5.633  -4.872  -0.498   4.427  -3.946  -1.407   3.346  -4.450 0.2659
92        1.155   5.018  -4.057  -0.129   5.286  -4.697  -0.025   6.457  -5.667  -1.321   5.603  -3.527  -1.989   4.319  -3.133 0.3270
136      -2.280   6.395   1.711  -3.339   6.302   2.712  -4.086   7.623   2.845  -2.694   5.842   4.217  -2.703   4.347   4.329 0.3003
334       2.039   1.548  -3.571   0.918   1.480  -4.504   1.149   0.410  -5.564   0.671   2.991  -5.245  -0.293   3.797  -4.426 0.1652
61        5.256   3.481   4.701   4.883   3.838   6.067   6.049   3.634   7.026   3.543   2.923   6.574   2.279   3.653   6.229 0.3550
277       0.927   2.434  -3.479  -0.396   2.694  -4.038  -0.918   4.058  -3.603  -1.487   1.476  -3.570  -1.472   0.374  -4.587 0.1796
35        0.605  -0.539  -4.702   1.032  -1.879  -5.093   2.246  -1.822  -6.012  -0.241  -2.708  -5.857  -1.039  -3.456  -4.831 0.3938
152       2.846   2.297  -3.824   2.130   2.512  -5.079   2.539   3.830  -5.725   0.451   2.487  -4.815  -0.060   1.086  -4.972 0.2073
157       1.948   1.980  -3.654   0.950   1.548  -4.628   0.927   2.474  -5.838  -0.591   1.486  -3.911  -0.820   0.119  -3.338 0.2350
577       1.947   2.460  -3.515   0.931   2.938  -4.449   1.057   4.440  -4.675  -0.625   2.563  -3.875  -1.038   1.218  -4.394 0.1644
43        5.151   1.937   0.090   6.111   1.949  -1.010   6.631   3.358  -1.270   5.404   1.319  -2.422   5.631  -0.162  -2.477 0.3959
95        1.201   5.480   4.620   0.051   5.897   5.417   0.478   6.809   6.561  -0.770   4.540   6.029  -1.828   4.114   5.054 0.2750
170      -3.165   4.986   3.195  -4.250   4.339   3.926  -5.478   4.158   3.041  -4.656   5.241   5.309  -3.833   4.772   6.471 0.2695
94        0.030   6.484   0.060   0.266   7.620   0.946   1.757   7.834   1.179  -0.528   7.389   2.432  -1.910   7.967   2.354 0.2957
137       1.193   2.499   4.116   1.065   1.228   4.823   0.879   1.448   6.320   2.428   0.252   4.542   2.191  -0.603   3.333 0.3029
492       4.676   0.655   0.210   5.231   0.007   1.395   4.528  -1.316   1.677   5.108   1.032   2.745   6.344   1.874   2.848 0.1398
301       3.856   2.198   2.502   4.436   0.992   3.088   5.779   0.662   2.447   3.370  -0.321   2.918   2.468  -0.391   4.115 0.1926
112       3.882   1.883  -4.059   3.216   1.578  -5.322   4.121   1.886  -6.509   1.764   2.453  -5.453   0.640   1.647  -4.872 0.2666
337       1.836   2.644   3.399   2.502   1.734   4.326   3.934   1.454   3.886   1.636   0.277   4.454   0.634   0.387   5.564 0.1665
155      -0.109   3.482   5.037  -0.728   2.555   5.980  -2.138   3.004   6.345   0.221   2.415   7.384   1.207   1.298   7.212 0.2378
122       3.691   2.846   3.048   5.062   2.377   3.232   6.065   3.386   2.685   5.281   0.870   2.476   4.966  -0.227   3.450 0.3096
73        0.779   4.288  -2.732  -0.301   4.111  -3.698  -1.663   4.148  -3.014  -0.111   2.646  -4.539   0.711   2.879  -5.772 0.3419
54        3.481   3.375   2.918   4.158   2.359   3.719   3.157   1.537   4.522   5.289   3.083   4.762   6.619   3.170   4.075 0.3773
413       3.106   1.273  -3.677   2.382   1.317  -4.944   1.280   2.370  -4.911   1.720  -0.208  -5.302   2.708  -1.006  -6.100 0.1741
74        4.246   2.097   2.103   4.169   1.908   3.549   4.528   0.478   3.935   2.613   2.292   4.116   2.560   3.745   4.485 0.3417
56        1.923   4.821   5.349   2.604   4.410   6.574   4.117   4.424   6.392   2.088   2.860   7.047   0.905   2.984   7.960 0.3649
99        2.496   1.078   3.792   2.363  -0.166   4.545   2.582  -1.378   3.647   0.833  -0.254   5.281   0.900   0.356   6.649 0.3037
83       -2.061   5.172   1.666  -3.273   4.591   2.236  -4.367   4.460   1.183  -3.827   5.532   3.538  -3.207   5.039   4.812 0.3547
109       0.107   6.668   3.387  -0.893   7.719   3.546  -1.116   8.047   5.018  -2.361   7.256   2.823  -2.377   7.707   1.392 0.2249
162       2.200   3.325   3.387   3.276   2.883   4.269   4.474   3.822   4.187   3.750   1.298   3.877   2.938   0.321   4.674 0.2157
195       0.380   4.384   4.891   0.706   3.626   6.096  -0.556   3.239   6.858   1.743   4.524   7.100   3.168   4.224   6.743 0.2492
170      -1.178   4.920   4.482  -2.072   4.344   5.482  -3.528   4.453   5.045  -1.856   5.112   6.984  -0.803   4.388   7.768 0.2290
177       0.540   3.745   5.290   0.586   2.764   6.371  -0.784   2.138   6.603   1.147   3.487   7.804   2.640   3.367   7.873 0.2485
110      -0.302   4.862   3.009  -0.120   4.970   4.454   1.098   5.821   4.792   0.035   3.426   5.150  -1.320   2.915   5.539 0.2787
129      -2.171   5.155   3.831  -2.656   4.582   5.084  -3.603   3.417   4.824  -3.435   5.770   6.018  -2.435   6.434   6.917 0.2586
91       -0.555   5.129   2.750  -0.659   5.225   4.203  -0.081   6.542   4.708   0.135   3.917   4.944  -0.832   2.786   5.130 0.2970
68        1.900   1.669  -3.728   0.611   1.284  -4.294   0.697   1.139  -5.809  -0.582   2.425  -3.884  -1.232   2.026  -2.593 0.3827
123       1.072   2.737   3.444   1.651   1.885   4.480   0.563   1.239   5.330   2.706   2.783   5.466   4.092   2.725   4.897 0.2483
87       -0.677   4.535   4.187  -0.768   3.887   5.492  -0.306   2.436   5.418  -2.360   3.962   6.083  -2.534   5.213   6.892 0.3829
148       2.982   1.876   3.166   3.787   0.731   3.582   4.960   1.172   4.449   4.354  -0.120   2.223   3.363  -1.182   1.850 0.2496
181       2.568   1.463   3.445   3.332   0.297   3.882   3.790  -0.537   2.692   2.404  -0.657   4.941   2.631  -0.203   6.352 0.2046
128       3.180   0.589   4.399   3.642  -0.476   5.285   4.717  -1.321   4.611   2.339  -1.459   5.760   1.738  -0.917   7.023 0.2744
148       0.721   5.870   4.461  -0.304   6.780   4.964   0.320   8.055   5.520  -1.239   6.018   6.162  -2.412   5.338   5.523 0.1999
88       -0.315   5.841  -0.932  -1.044   6.698  -0.000  -0.124   7.745   0.616  -1.766   5.764   1.223  -3.146   5.361   0.795 0.3587
46       -0.096   5.040   0.800  -1.543   5.193   0.678  -1.902   6.106  -0.488  -2.198   5.806   2.122  -2.575   4.668   3.023 0.4046
175       0.574   4.049  -2.820  -0.619   4.876  -2.974  -0.384   6.284  -2.441  -1.941   4.163  -2.178  -2.667   3.256  -3.126 0.2085
70       -0.543  -0.836  -4.334  -1.510  -1.918  -4.495  -2.549  -1.896  -3.380  -0.717  -3.422  -4.524  -0.361  -3.771  -5.938 0.4080
70       -2.476   4.832   2.125  -3.864   4.443   2.359  -4.473   5.243   3.504  -3.966   2.779   2.691  -4.159   2.024   1.410 0.3868
102       1.283   2.595  -4.487   0.241   2.004  -5.323  -0.017   2.853  -6.562  -1.196   1.816  -4.435  -1.207   0.467  -3.779 0.3146
318       2.496   1.714  -3.789   1.654   1.623  -4.978   1.171   3.001  -5.415   0.325   0.603  -4.688   0.686  -0.805  -5.056 0.1795
72       -0.984  -0.827  -4.127  -1.894  -1.951  -4.329  -3.302  -1.466  -4.654  -1.924  -2.945  -2.950  -0.872  -4.007  -3.076 0.3298
67        1.809   3.488   4.091   2.709   2.967   5.116   3.196   1.567   4.758   1.937   2.946   6.630   2.181   4.248   7.333 0.3513
101      -0.749   3.822  -2.064  -2.194   3.836  -1.855  -2.882   2.774  -2.705  -2.830   5.371  -2.211  -2.824   6.215  -0.971 0.3422
26        3.122   1.436  -2.989   4.071   0.326  -3.001   5.305   0.650  -2.166   4.527  -0.048  -4.596   3.592  -1.078  -5.155 0.4240
104       2.238   2.605  -3.497   1.267   3.305  -4.334   1.438   2.933  -5.802   1.418   4.987  -4.137   0.520   5.444  -3.026 0.2417
86        3.202   4.722   3.343   3.986   4.254   4.482   5.320   4.987   4.570   4.247   2.577   4.374   3.135   1.852   5.071 0.3511
128      -0.253   4.559  -1.969  -1.433   5.338  -1.603  -1.095   6.818  -1.472  -2.097   4.760  -0.148  -3.113   3.698  -0.448 0.2474
101      -2.420   5.647  -0.670  -3.831   5.292  -0.558  -4.254   4.360  -1.688  -4.798   6.690  -0.563  -4.992   7.169   0.846 0.2742
143      -0.548   3.345   3.971  -1.137   2.410   4.925  -1.702   3.145   6.136   0.017   1.265   5.423  -0.029   0.079   4.507 0.2690
261      -0.418   4.572  -1.540  -1.483   5.290  -0.846  -0.919   6.174   0.260  -2.613   4.196  -0.199  -3.691   3.936  -1.208 0.1896
232       2.766   1.094  -3.893   1.952   1.023  -5.103   0.472   1.190  -4.779   2.210  -0.453  -5.906   3.333  -0.299  -6.887 0.2154
124       0.785   3.860   2.829   1.286   3.450   4.137   0.187   3.513   5.191   2.597   4.426   4.603   3.876   3.810   4.119 0.2690
94       -3.063   6.409   0.653  -4.481   6.264   0.969  -5.087   7.594   1.400  -4.701   5.100   2.189  -4.886   3.749   1.564 0.2929
232       0.948   1.619  -3.768  -0.321   1.503  -4.480  -1.360   2.462  -3.912  -0.900  -0.094  -4.405  -0.377  -0.871  -5.577 0.2104
60       -0.448   3.381  -3.336  -1.839   2.943  -3.400  -2.548   3.542  -4.609  -2.662   3.364  -1.973  -2.544   2.247  -0.980 0.4225
38       -1.849   3.907   3.903  -0.578   4.235   4.543   0.548   3.356   4.010  -0.702   4.064   6.230  -1.136   5.366   6.834 0.4470
92        4.673   1.219  -0.706   5.551   0.539   0.242   5.342  -0.970   0.199   5.285   1.120   1.817   6.197   2.281   2.082 0.2285
238       3.907   0.644  -3.667   3.475   0.445  -5.048   2.736   1.669  -5.574   2.484  -0.931  -5.167   3.332  -2.136  -5.447 0.1935
116      -1.357   4.917   2.289  -2.413   4.520   3.214  -3.111   5.739   3.807  -1.779   3.550   4.458  -1.842   2.108   4.050 0.3103
167       4.264   2.570   2.102   5.067   1.456   2.598   6.042   0.965   1.534   4.064   0.179   3.103   3.730   0.350   4.555 0.2376
50       -0.513   4.853   1.110  -1.935   4.558   1.257  -2.781   5.488   0.395  -2.403   4.688   2.887  -2.241   3.358   3.561 0.4281
171      -0.540   3.174   3.402  -0.516   2.491   4.692   0.852   1.877   4.963  -1.716   1.288   4.749  -2.988   1.875   5.286 0.2486
62        2.846   1.536   4.875   3.223   0.663   5.983   4.401   1.238   6.759   3.605  -0.891   5.409   2.368  -1.739   5.398 0.3566
119       1.215   2.739   4.977   0.983   1.580   5.834  -0.363   1.682   6.541   2.232   1.428   6.977   3.323   0.567   6.414 0.2732
155      -0.524   4.983  -0.043  -1.193   5.561   1.119  -0.219   6.373   1.966  -1.907   4.340   2.062  -3.313   4.106   1.595 0.2076
80        4.605   2.221   2.249   5.975   1.985   1.803   6.258   2.710   0.492   6.262   0.319   1.622   6.778  -0.243   2.913 0.3512
32       -1.680   4.710   3.822  -0.703   5.527   4.536   0.635   4.806   4.651  -1.283   5.931   6.082  -2.042   7.223   6.010 0.4344
115       4.717   1.190   0.708   5.116   0.313   1.805   4.938  -1.153   1.429   4.218   0.668   3.205   4.939   1.707   4.011 0.2153
86        2.745   2.977  -4.225   1.753   2.607  -5.230   1.334   3.816  -6.059   0.391   1.907  -4.490   0.583   0.423  -4.393 0.3243
1084      3.687   1.475   2.407   4.720   0.452   2.270   4.355  -0.804   3.052   6.222   1.051   2.796   6.943   1.677   1.640 0.1356
52        1.589   5.699  -0.218   0.382   6.423   0.171  -0.173   5.897   1.489  -0.798   6.306  -1.047  -0.640   7.447  -2.008 0.3418
289       0.329   3.839   2.826   0.385   3.398   4.216   1.021   4.461   5.104   1.250   1.940   4.342   0.305   0.784   4.201 0.2022
276       2.709   2.793  -3.368   1.945   3.518  -4.380   1.927   5.013  -4.087   0.356   2.920  -4.464   0.292   1.809  -5.470 0.1752
149       0.185   2.958   4.194  -0.120   1.853   5.097  -0.896   2.337   6.316   1.311   1.076   5.588   1.633  -0.032   4.630 0.2580
60        1.342   3.153  -5.115   0.253   3.277  -6.080  -0.703   4.397  -5.688  -0.593   1.808  -6.212   0.026   0.969  -7.290 0.3719
107       1.633   5.311   3.530   2.714   5.965   4.262   3.671   6.674   3.311   3.561   4.833   5.205   2.935   4.746   6.565 0.2877
66        1.415   2.943   3.280   1.330   1.971   4.366   2.704   1.409   4.709   0.270   0.708   3.950  -1.120   1.056   4.392 0.3397
215       3.650   2.149   2.616   4.935   1.457   2.594   5.919   2.155   1.662   4.729  -0.162   2.116   4.494  -1.015   3.328 0.2009
114       1.134   6.022   3.769   0.427   7.194   4.276   0.256   7.121   5.789  -1.091   7.343   3.525  -0.956   8.182   2.288 0.3003
169       2.252   2.221  -4.317   1.163   1.901  -5.236   1.664   1.822  -6.674  -0.076   3.059  -5.112  -1.065   2.623  -4.073 0.2411
117       2.947   2.397   3.146   4.114   1.609   3.534   3.863   0.864   4.840   5.480   2.609   3.686   6.194   2.684   2.369 0.2346
186       1.394   6.302   4.132   0.501   7.319   4.680   1.163   8.068   5.831  -0.953   6.611   5.205  -1.942   6.606   4.078 0.1993
86       -3.090   6.664   0.387  -4.517   6.778   0.101  -4.912   8.230  -0.147  -5.432   6.134   1.380  -5.683   4.677   1.131 0.3040
61        2.793   3.706   3.842   2.122   3.433   5.110   1.853   1.942   5.278   0.666   4.304   5.211   0.924   5.640   5.842 0.3871
103      -0.902   3.414   4.073  -1.330   2.336   4.961  -2.697   2.634   5.566  -0.186   2.094   6.195   0.825   1.081   5.747 0.2971
156       2.139   1.696  -4.428   1.190   1.162  -5.401   1.675   1.397  -6.827  -0.342   1.865  -5.182  -1.139   1.037  -4.219 0.2232
170       0.385   3.664   5.439  -0.207   2.862   6.507  -1.634   3.310   6.802   0.739   2.961   7.916   1.764   1.866   7.907 0.2234
363       3.283   1.342  -3.613   2.603   1.552  -4.888   2.648   3.019  -5.299   0.990   1.022  -4.795   0.914  -0.421  -5.197 0.1689
43        3.063   1.853  -3.355   3.631   0.680  -4.014   3.167   0.586  -5.463   3.206  -0.736  -3.173   4.250  -1.035  -2.139 0.4466
148       1.223   4.021  -2.928   0.208   3.775  -3.948  -0.931   4.782  -3.843  -0.399   2.192  -3.812   0.421   1.268  -4.662 0.2457
125      -1.137   4.807   2.626  -1.973   4.270   3.696  -2.973   5.312   4.185  -1.010   3.733   4.989  -0.658   2.290   4.785 0.2857
115      -3.484   5.196   1.820  -4.878   4.841   2.069  -5.793   6.045   1.880  -5.058   4.212   3.638  -4.872   2.724   3.605 0.2898
296       1.142   1.370  -3.881  -0.102   1.195  -4.625  -1.310   1.552  -3.767  -0.237  -0.403  -5.188   0.383  -0.508  -6.550 0.1987
95        0.814   4.713   1.986  -0.285   4.653   2.946  -0.034   3.584   4.002  -1.755   4.350   2.147  -2.395   5.652   1.767 0.3008
193       3.280   0.837  -3.940   2.443   0.328  -5.023   3.273  -0.440  -6.045   1.618   1.605  -5.784   0.298   1.822  -5.107 0.2231
75        4.742   1.443   0.148   5.498   1.114  -1.057   5.410   2.236  -2.084   4.933  -0.341  -1.733   5.700  -1.492  -1.154 0.2600
148      -0.064   4.961   1.683   0.013   5.229   3.116   1.457   5.195   3.603  -0.922   4.103   3.981  -2.317   4.629   4.141 0.2282
139       2.201   3.585   3.333   2.098   2.830   4.579   3.381   2.940   5.395   1.750   1.198   4.256   0.264   1.000   4.224 0.2121
181       4.243   1.098   1.905   4.122   0.173   3.027   3.982  -1.265   2.541   2.791   0.591   4.000   3.234   1.546   5.068 0.1820
138       3.070   0.738  -4.025   2.541   0.166  -5.260   1.820   1.222  -6.089   1.488  -1.123  -4.913   2.265  -2.405  -4.865 0.2565
126      -0.446   4.947   0.451  -1.906   4.931   0.479  -2.422   4.336   1.784  -2.515   4.053  -0.843  -2.728   4.980  -2.003 0.2730
103      -1.810   6.587   0.681  -3.253   6.776   0.571  -4.009   5.638   1.246  -3.714   6.895  -1.062  -3.674   8.332  -1.489 0.2722
97       -0.800   3.304  -3.287  -2.259   3.332  -3.234  -2.797   2.232  -2.327  -2.912   3.171  -4.796  -3.087   4.529  -5.407 0.3217
115       5.736   1.322   3.564   6.117   1.362   4.973   6.439  -0.033   5.495   4.877   2.061   5.903   5.091   3.543   5.989 0.3311
102      -1.088   6.185   2.523  -1.454   6.002   3.925  -2.853   6.541   4.201  -0.323   6.766   4.938   0.770   5.800   5.285 0.3196
60       -2.406   4.595  -2.737  -3.471   4.225  -3.665  -4.553   3.413  -2.963  -2.838   3.345  -4.974  -2.453   4.291  -6.073 0.4584
133       4.002   2.512   2.273   4.433   1.466   3.196   5.269   0.412   2.478   3.088   0.737   3.938   2.759   1.469   5.205 0.2400
315      -1.069   6.444   2.072  -2.466   6.720   2.399  -3.242   5.427   2.623  -3.196   7.632   1.164  -3.027   9.094   1.456 0.1810
50       -0.367   4.973   0.394  -1.140   5.600  -0.674  -2.611   5.208  -0.591  -0.507   5.173  -2.193   0.531   6.174  -2.602 0.4134
119       1.527   3.461  -3.784   0.542   4.323  -4.431  -0.472   4.851  -3.423  -0.256   3.481  -5.675   0.489   3.669  -6.963 0.2929
117       1.881   5.415   4.526   0.773   5.988   5.284   1.100   7.403   5.747   0.400   5.008   6.622  -0.632   3.994   6.227 0.2448
74        1.420   3.846   3.827   1.803   3.026   4.972   1.578   1.545   4.687   0.932   3.493   6.355   1.693   4.555   7.090 0.3340
283       2.469   3.517   3.067   2.352   2.774   4.319   3.393   1.663   4.397   0.790   2.121   4.477  -0.092   3.103   5.188 0.2119
118       0.450   4.846   2.018  -0.644   4.733   2.978  -0.233   5.266   4.346  -1.151   3.115   3.112  -2.239   2.848   2.114 0.3067
351       2.737   1.455  -3.496   1.839   1.415  -4.647   2.206   0.274  -5.589   1.877   2.895  -5.481   0.828   3.811  -4.923 0.1693
123       2.133   4.877   3.381   2.103   4.436   4.773   3.034   5.279   5.636   2.530   2.794   4.885   1.296   1.948   4.778 0.3064
221       4.279   0.585  -3.421   4.019   0.143  -4.788   4.258   1.272  -5.784   2.427  -0.435  -4.932   2.401  -1.907  -4.644 0.2777
121       1.449   3.125   5.343   1.255   2.119   6.384   0.234   2.586   7.415   2.732   1.761   7.146   3.403   0.628   6.428 0.2604
182      -0.006   4.382  -2.278  -1.230   5.133  -2.019  -1.204   5.764  -0.631  -2.590   4.125  -2.175  -3.081   4.162  -3.591 0.2005
82        2.746   1.790   3.368   3.434   0.540   3.676   3.185   0.117   5.119   5.104   0.697   3.395   5.411   0.307   1.979 0.3292
63        2.032   5.563   1.977   0.944   5.775   2.927   0.707   7.262   3.167   1.281   4.994   4.399   0.735   3.598   4.361 0.4008
173      -0.399   5.127   0.034  -1.751   5.259   0.568  -1.754   6.057   1.866  -2.440   3.726   0.824  -3.165   3.290  -0.415 0.2419
103       2.359   1.459  -4.976   1.859   0.892  -6.225   2.392   1.660  -7.429   0.159   0.893  -6.239  -0.346  -0.396  -5.661 0.2901
110       0.346   4.647  -2.307  -0.973   5.271  -2.359  -1.096   6.382  -1.321  -2.189   4.109  -2.116  -2.606   3.538  -3.438 0.2436
80       -0.528   5.743   2.084  -0.219   6.310   3.393   1.162   5.873   3.868  -1.398   5.854   4.530  -2.496   6.875   4.548 0.3273
69        5.318   1.868  -0.640   6.423   1.988   0.307   7.453   0.886   0.090   5.842   1.937   1.904   5.532   3.330   2.367 0.3789
82       -0.566   5.290   4.383  -1.264   4.730   5.536  -0.279   4.288   6.612  -2.236   3.418   5.061  -3.604   3.915   4.701 0.3625
109      -0.519   5.812   3.816  -1.869   6.311   4.063  -2.022   6.794   5.500  -3.018   5.102   3.729  -3.440   5.196   2.293 0.3413
181       4.119   0.489  -3.674   3.732  -0.546  -4.628   4.833  -0.785  -5.655   2.285  -0.119  -5.413   1.119  -0.652  -4.635 0.2151
247      -0.231   4.555   1.730  -0.471   4.565   3.170   0.775   5.003   3.931  -0.967   3.027   3.699  -2.463   2.934   3.633 0.1932
106       1.042   2.011  -3.798  -0.248   2.309  -4.415  -1.359   1.467  -3.798  -0.178   2.045  -6.093   0.241   3.310  -6.781 0.2900
177      -0.143   6.770   3.183  -1.286   7.678   3.204  -0.908   9.023   3.813  -2.576   6.988   4.071  -3.445   6.204   3.134 0.2202
295       1.788   1.914  -3.703   0.707   1.849  -4.683  -0.103   3.139  -4.693  -0.309   0.525  -4.360   0.191  -0.682  -5.098 0.1835
43       -2.907   4.030   0.579  -4.062   3.441   1.251  -3.747   3.126   2.709  -4.561   2.030   0.445  -5.576   2.384  -0.601 0.3995
164       1.044   4.528   2.665   0.230   4.229   3.840   1.097   3.776   5.008  -0.925   3.037   3.473  -2.184   3.692   2.989 0.2825
54       -2.192   4.993   0.811  -2.992   5.185   2.017  -4.377   4.567   1.861  -3.131   6.840   2.380  -2.004   7.251   3.280 0.3406
73       -0.525   6.215   3.231  -0.264   6.645   4.601   0.896   5.864   5.210  -1.657   6.459   5.558  -2.468   7.720   5.509 0.3738
122       1.757   2.242  -3.414   0.683   2.683  -4.300  -0.294   1.549  -4.585   1.323   3.281  -5.757   1.576   4.754  -5.624 0.2442
134       2.989   3.904  -4.182   1.944   4.584  -4.942   2.542   5.451  -6.043   0.981   5.532  -3.911  -0.169   4.712  -3.406 0.2906
155       3.512   1.274   2.881   4.385   0.113   3.031   4.545  -0.628   1.709   3.773  -0.939   4.218   4.338  -0.566   5.556 0.2555
140       4.438   1.686   4.297   5.698   1.247   4.891   6.776   1.075   3.827   5.478  -0.211   5.738   5.119   0.089   7.163 0.2532
58        0.246   5.935  -2.162  -0.323   7.107  -1.504   0.198   7.244  -0.078  -2.021   7.018  -1.497  -2.561   7.672  -2.734 0.3699
131      -0.285   4.030   4.992  -1.019   3.332   6.044  -1.894   4.297   6.836   0.057   2.530   7.087   0.301   1.139   6.583 0.2460
66       -1.639   6.802   1.462  -2.492   7.002   2.630  -1.994   6.189   3.819  -4.100   6.582   2.269  -4.828   7.788   1.755 0.3466
65       -2.360   5.960  -0.344  -3.697   5.833   0.230  -3.654   5.931   1.750  -4.407   4.361  -0.240  -5.169   4.559  -1.517 0.3867
226       1.722   3.180  -3.429   0.696   3.864  -4.211  -0.095   4.838  -3.346  -0.354   2.734  -4.928   0.169   2.354  -6.281 0.1963
157       2.688   3.280  -3.988   2.161   4.344  -4.837   2.324   5.707  -4.174   0.522   4.062  -5.193   0.416   3.252  -6.451 0.2080
67        4.399   2.700  -1.084   4.964   1.510  -1.712   6.474   1.449  -1.515   4.592   1.480  -3.371   3.295   0.754  -3.579 0.3519
342       2.573   2.104   3.289   3.452   1.116   3.908   4.894   1.608   3.938   3.357  -0.365   3.077   2.278  -1.210   3.684 0.1621
96       -1.080   7.236   1.314  -2.109   8.084   0.719  -2.998   8.702   1.792  -3.053   7.191  -0.378  -2.446   7.278  -1.746 0.3371
121      -0.233   6.259   1.529   0.042   7.113   2.681   1.387   7.815   2.535   0.013   6.201   4.116  -1.377   6.197   4.678 0.2816
116       0.725   3.016  -3.441  -0.587   3.228  -4.044  -1.482   4.060  -3.133  -1.330   1.737  -4.388  -0.961   1.304  -5.776 0.2050
89        1.246   3.212  -3.294   0.071   3.906  -3.814  -0.262   3.438  -5.226   0.321   5.588  -3.801  -0.147   6.153  -2.493 0.2445
47        0.008  -1.052  -4.759  -0.846  -2.086  -5.335  -2.311  -1.841  -4.993  -0.369  -3.623  -4.788   0.650  -4.194  -5.729 0.3721
126       2.855   3.135  -3.457   2.127   3.855  -4.498   2.467   5.341  -4.479   0.451   3.638  -4.308   0.012   2.433  -5.085 0.2281
66        2.985   2.931   5.252   3.677   2.255   6.346   4.417   1.020   5.847   2.575   1.821   7.566   2.468   2.936   8.563 0.3829
6        -3.251  -0.718   2.064  -3.827  -2.045   1.860  -4.215  -2.684   3.188  -2.732  -3.045   1.029  -2.960  -2.917  -0.448 0.6234
95       -0.604   4.988   0.146  -1.869   5.161  -0.562  -3.051   5.074   0.395  -2.026   3.995  -1.790  -1.445   4.530  -3.065 0.3273
154       2.310   1.415  -4.210   1.244   0.749  -4.953   1.641   0.535  -6.409  -0.193   1.653  -4.867  -0.992   1.211  -3.678 0.2280
50        5.816   2.305  -1.040   6.823   1.538  -0.312   8.218   1.798  -0.868   6.468  -0.123  -0.380   5.601  -0.497   0.785 0.4783
241       1.635   2.950   3.372   2.354   2.222   4.414   3.683   1.689   3.893   1.404   0.943   5.007   0.581   1.425   6.163 0.1858
405       2.100   1.347  -3.649   0.977   1.138  -4.559   1.362   0.204  -5.699   0.433   2.624  -5.181  -0.632   3.182  -4.284 0.1774
89        0.374   5.302   0.872  -0.965   5.591   1.377  -1.194   4.933   2.732  -2.143   5.068   0.268  -2.459   6.180  -0.687 0.2947
119       0.241   6.247   3.256  -0.920   6.599   4.068  -1.550   5.359   4.691  -2.070   7.428   3.131  -1.802   8.902   3.199 0.2817
72       -0.784   4.040   4.846  -1.278   3.202   5.935  -0.591   1.842   5.936  -2.963   3.005   5.815  -3.650   4.095   6.583 0.3363
47        6.055  -0.038  -0.045   6.162  -1.261  -0.835   7.531  -1.908  -0.661   5.878  -0.932  -2.479   4.415  -1.084  -2.773 0.4227
168       1.066   2.690  -3.483  -0.174   2.682  -4.254  -0.737   4.091  -4.402  -1.324   1.670  -3.517  -1.188   0.279  -4.062 0.2011
249       3.788   0.881  -3.462   3.286   0.737  -4.825   1.941   1.435  -4.992   3.144  -0.907  -5.234   4.426  -1.383  -5.849 0.1834
64       -1.157   7.040   2.570  -0.777   7.551   3.884   0.739   7.617   4.030  -1.440   6.581   5.112  -2.790   7.112   5.495 0.3213
114       2.844   0.627  -4.461   2.213   0.249  -5.722   1.077   1.202  -6.075   1.631  -1.346  -5.639   2.700  -2.293  -6.097 0.2275
103       4.662   2.327   4.455   4.393   1.930   5.833   3.640   0.606   5.886   3.506   3.138   6.637   4.452   4.102   7.289 0.3196
152       3.244   2.676   2.963   3.315   1.675   4.023   4.654   0.948   4.002   2.043   0.558   3.870   0.857   1.040   4.652 0.1858
153      -2.167   4.595   2.109  -3.388   3.932   2.559  -4.120   3.278   1.393  -4.411   5.041   3.342  -4.096   5.063   4.808 0.2298
102       1.716   3.188   3.290   0.649   3.834   4.050  -0.158   2.811   4.840  -0.374   4.708   3.011   0.134   6.112   2.874 0.2895
25        3.932   3.798   3.195   3.555   3.846   4.605   2.970   5.205   4.970   4.899   3.506   5.589   4.970   2.030   5.845 0.5058
195       2.215   3.687   3.199   2.009   2.991   4.466   3.319   2.426   5.001   0.869   1.743   4.279  -0.505   2.277   4.555 0.2107
65       -0.943   4.939  -1.662  -2.119   5.525  -1.024  -2.382   4.885   0.335  -3.483   5.354  -2.023  -3.598   6.550  -2.921 0.3720
126      -0.099   5.337  -0.860  -1.526   5.598  -0.698  -1.802   6.358   0.594  -2.402   4.141  -0.716  -2.804   3.817  -2.124 0.2391
204       2.383   3.011   3.377   3.455   2.424   4.176   4.634   2.019   3.300   2.881   1.077   5.041   2.372   1.523   6.379 0.2320
92        2.402   5.103   4.398   1.620   5.807   5.410   1.661   5.072   6.745   0.010   5.990   4.895  -0.132   7.282   4.146 0.3584
136       5.016   0.253  -2.833   4.976  -0.192  -4.223   4.513   0.930  -5.145   3.952  -1.540  -4.385   4.747  -2.797  -4.194 0.3195
152       1.805   3.369   4.451   2.221   2.269   5.316   1.833   2.534   6.766   3.900   2.024   5.197   4.184   1.035   4.105 0.2997
117      -1.534   5.238   4.094  -1.721   4.686   5.433  -3.149   4.191   5.628  -1.341   5.850   6.613   0.113   5.745   6.968 0.2149
286       2.695   2.880   3.180   3.717   2.141   3.917   5.116   2.595   3.519   3.548   0.470   3.650   2.635  -0.112   4.688 0.1835
131       1.992   3.642  -3.583   1.218   4.728  -4.179   0.757   5.719  -3.118  -0.122   4.108  -5.021   0.262   3.841  -6.446 0.2296
111       0.988   4.493  -3.812  -0.419   4.726  -4.124  -0.579   5.862  -5.127  -1.292   5.072  -2.707  -1.818   3.796  -2.120 0.3566
44       -2.918   5.466   2.109  -4.361   5.394   1.898  -4.742   5.934   0.524  -5.182   6.255   3.112  -5.486   5.337   4.258 0.4498
386       1.882   3.108  -3.352   0.897   3.908  -4.076   0.496   5.140  -3.274  -0.477   2.974  -4.437  -0.297   2.315  -5.772 0.1767
32        0.587   1.943   4.135   0.626   0.733   4.952   0.258  -0.496   4.130  -0.423   0.881   6.282   0.321   1.472   7.442 0.3946
184       3.293   0.902  -4.280   2.622  -0.022  -5.190   3.601  -0.598  -6.208   1.341   0.758  -5.991   0.082   0.601  -5.191 0.1932
62       -0.449   5.126   4.496  -0.707   4.586   5.828  -1.273   3.173   5.748  -1.777   5.596   6.681  -0.994   6.622   7.444 0.3666
71        2.403   1.372   4.698   2.609   0.479   5.835   3.319  -0.800   5.407   1.123   0.103   6.570   0.827   1.108   7.643 0.3029
99        0.651   4.134  -4.061  -0.771   4.429  -4.215  -1.237   4.155  -5.640  -1.090   6.046  -3.799  -1.415   6.131  -2.337 0.3131
43       -2.044  -0.831  -4.453  -1.964  -2.286  -4.546  -1.811  -2.737  -5.994  -3.344  -3.001  -3.856  -3.098  -3.260  -2.400 0.4436
89        4.811   1.399  -0.295   5.637   0.778   0.737   6.291  -0.499   0.222   4.706   0.440   2.119   4.746   1.616   3.048 0.2975
90       -1.988   6.082   1.183  -2.944   7.089   0.731  -4.377   6.645   1.000  -2.733   7.406  -0.926  -1.748   8.523  -1.100 0.3734
120       1.947   2.151   3.472   2.678   1.083   4.148   1.912   0.579   5.365   4.222   1.622   4.612   5.200   1.348   3.509 0.2275
104       2.728   1.124   3.273   3.105  -0.200   3.760   3.988  -0.925   2.751   1.719  -1.127   4.094   1.308  -0.916   5.521 0.2278
223       2.793   2.294   3.170   3.908   1.486   3.655   3.418   0.165   4.234   4.797   2.342   4.825   5.888   3.122   4.152 0.1607
164      -2.350   4.863   0.680  -3.685   4.289   0.822  -4.119   3.583  -0.457  -4.810   5.497   1.232  -4.896   5.614   2.724 0.2346
140       0.344   3.385   5.172   0.065   2.292   6.099  -1.433   2.028   6.201   0.702   2.641   7.636   2.105   2.119   7.726 0.2671
116      -0.347   6.282   3.477  -1.569   7.063   3.650  -1.938   7.187   5.123  -2.851   6.357   2.784  -2.894   6.929   1.399 0.2856
108      -1.136   4.297  -1.175  -2.347   4.631  -0.430  -2.085   4.634   1.071  -3.593   3.535  -0.802  -4.383   4.052  -1.967 0.2733
76       -0.913   4.574   0.322  -1.765   4.774   1.491  -3.102   4.062   1.325  -2.017   6.433   1.764  -0.949   6.958   2.676 0.3157
126       1.418   4.060   4.643   2.316   3.303   5.511   1.571   2.748   6.720   3.611   4.279   6.021   4.744   4.157   5.046 0.2864
118       1.721   3.733   3.623   2.779   3.527   4.607   4.043   4.288   4.222   3.123   1.870   4.771   2.256   1.283   5.845 0.2770
131       3.636   0.795  -3.544   3.182   0.232  -4.813   3.053   1.315  -5.878   1.694  -0.565  -4.609   1.941  -2.004  -4.266 0.2284
98       -0.721   6.998   2.766  -2.118   7.407   2.872  -2.320   8.373   4.034  -3.122   6.048   3.063  -3.557   5.555   1.715 0.3130
81        4.175   1.668  -1.905   4.994   0.459  -1.922   4.391  -0.599  -2.839   5.166  -0.163  -0.349   6.382   0.434   0.294 0.3221
330       3.565   0.798  -3.348   2.892   0.423  -4.588   3.675  -0.649  -5.336   2.675   1.786  -5.581   1.355   2.427  -5.269 0.2122
85        1.073   4.235   3.501   1.980   4.157   4.643   3.385   3.764   4.201   1.396   3.045   5.788   0.512   3.755   6.769 0.2822
94        4.751   1.261   0.106   5.554   0.744  -0.999   6.613   1.753  -1.427   4.560   0.345  -2.319   4.124  -1.085  -2.203 0.2958
121       2.789   3.342   2.939   2.875   2.278   3.935   2.066   2.626   5.180   4.497   1.989   4.356   5.068   0.940   3.450 0.3263
137       1.802   3.604  -3.483   0.961   4.652  -4.055   1.320   6.018  -3.482  -0.681   4.314  -3.774  -1.227   3.504  -4.912 0.2282
138      -3.053   6.008   1.685  -4.291   5.686   2.388  -5.509   6.147   1.595  -4.298   6.395   3.933  -3.699   5.442   4.924 0.2922
147       0.801   1.637  -3.714  -0.510   1.577  -4.354  -1.389   2.742  -3.916  -1.277   0.102  -3.999  -0.919  -0.912  -5.044 0.1839
113      -3.111   5.460   1.450  -4.486   4.972   1.502  -4.812   4.121   0.280  -5.574   6.273   1.614  -5.824   6.593   3.058 0.3101
69        1.759   4.214  -3.316   0.827   4.105  -4.434  -0.290   5.136  -4.319   0.170   2.539  -4.508   1.034   1.675  -5.379 0.3588
69       -0.737   3.641   3.371  -1.768   2.889   4.081  -3.048   2.803   3.258  -2.090   3.603   5.589  -1.191   3.003   6.629 0.3399
210       4.717   0.700  -0.433   5.517  -0.026   0.550   4.797  -1.285   1.020   5.874   0.972   1.879   7.165   1.694   1.629 0.2185
103       1.421   2.952   3.348   2.085   2.187   4.400   1.155   1.126   4.976   2.625   3.222   5.636   4.022   3.676   5.333 0.2868
79        4.072   1.972   2.189   5.350   1.377   1.810   6.038   0.740   3.012   6.365   2.548   1.110   6.144   2.580  -0.373 0.3340
68        4.251   4.193   1.350   4.916   3.203   2.192   5.322   3.807   3.532   6.281   2.570   1.400   5.882   1.362   0.606 0.3633
64        4.788   1.506  -2.010   6.076   1.068  -1.481   6.396  -0.355  -1.923   6.084   1.166   0.217   6.575   2.520   0.636 0.2930
55        0.635   4.647   3.567   1.114   4.669   4.946   0.525   3.516   5.750   0.730   6.151   5.685   1.852   7.123   5.469 0.3807
95        3.857   1.432   2.430   4.810   0.325   2.421   4.137  -0.982   2.823   6.112   0.656   3.463   7.196   1.359   2.702 0.2487
206       1.497   1.437  -3.978   0.300   1.512  -4.812  -0.964   1.425  -3.965   0.309   0.273  -5.976   0.988   0.761  -7.221 0.1883
107      -0.622   3.979  -2.105  -2.058   4.136  -1.896  -2.760   2.783  -1.872  -2.730   5.120  -3.108  -2.691   6.553  -2.667 0.3433
150      -2.239   5.100   3.723  -2.809   4.454   4.902  -4.193   3.889   4.603  -2.894   5.551   6.198  -1.626   5.482   6.995 0.2311
103      -0.095   3.492  -5.156  -1.341   3.080  -5.796  -1.232   3.161  -7.314  -2.634   4.041  -5.253  -3.255   3.407  -4.044 0.2850
28        0.046   1.081  -3.882  -0.483  -0.230  -4.247   0.050  -0.678  -5.603  -2.182  -0.199  -4.270  -2.707  -0.565  -2.913 0.4357
112       0.036   6.537   0.689   0.465   7.663   1.514   1.876   8.106   1.147   0.393   7.252   3.162  -0.960   7.602   3.706 0.2050
521       1.892   2.999   3.294   2.895   2.370   4.149   4.303   2.633   3.627   2.616   0.697   4.260   1.711   0.416   5.422 0.1730
212       1.843   2.339   3.470   2.356   1.318   4.379   3.673   1.756   5.010   2.566  -0.156   3.557   1.306  -0.964   3.649 0.1960
132      -0.740   4.779   0.509  -1.621   4.992   1.653  -1.406   6.372   2.262  -1.367   3.790   2.829  -2.284   2.633   2.567 0.2448
118       3.881   1.656   2.376   4.002   0.413   3.132   4.570  -0.704   2.264   2.492  -0.048   3.763   2.315   0.552   5.125 0.2364
120       2.687   2.400  -4.100   1.887   2.609  -5.303   2.614   3.506  -6.297   0.379   3.286  -4.902  -0.611   2.187  -4.652 0.2399
63       -0.487   4.516  -4.084  -1.682   5.269  -4.451  -1.621   6.693  -3.910  -3.077   4.486  -3.876  -3.579   3.530  -4.917 0.3854
132       2.946   1.845   3.093   3.539   0.628   3.641   5.056   0.640   3.488   2.887  -0.745   2.880   1.677  -1.209   3.636 0.2049
140       4.041   1.406   2.103   5.072   0.391   1.904   6.360   1.013   1.377   4.524  -0.810   0.833   3.851  -1.903   1.610 0.2083
70        3.640   3.991   4.925   2.732   4.009   6.069   3.280   4.882   7.191   2.463   2.429   6.637   1.277   1.839   5.934 0.3754
120       3.356   2.182   2.861   3.684   0.961   3.591   4.936   0.302   3.024   2.379  -0.127   3.544   1.480   0.119   4.718 0.1918
73        3.616   3.827   3.655   4.887   3.584   4.332   5.715   4.860   4.421   5.766   2.372   3.526   5.410   1.032   4.098 0.3701
262       0.909   4.253   2.626   1.489   4.112   3.959   3.004   4.281   3.919   1.088   2.600   4.624  -0.196   2.717   5.391 0.1700
402       1.347   2.882  -3.400   0.185   3.569  -3.957  -0.004   4.937  -3.312  -1.216   2.628  -3.749  -1.399   1.735  -4.940 0.1595
152       1.259   2.277  -3.403  -0.023   2.405  -4.091  -0.352   1.143  -4.878  -0.008   3.752  -5.128  -0.490   4.962  -4.384 0.2356
201       2.591   1.741   3.321   3.476   0.682   3.798   4.683   0.521   2.882   2.632  -0.789   3.916   2.036  -0.916   5.286 0.1888
35        5.133   3.653   1.359   5.806   3.139   2.549   5.895   1.617   2.514   4.995   3.643   3.955   5.565   4.951   4.419 0.4378
131      -0.651   4.688   1.007  -1.316   4.777   2.304  -0.338   4.508   3.441  -2.615   3.683   2.381  -3.865   4.355   1.896 0.2128
109       4.546   2.454   1.761   5.381   1.295   2.062   6.861   1.636   1.932   4.989  -0.002   1.034   3.916  -0.836   1.669 0.3024
143      -0.418   5.098   0.660  -0.827   5.612   1.964   0.220   6.561   2.534  -1.102   4.330   3.047  -2.538   3.905   2.964 0.2098
36        5.006   3.782  -1.295   5.993   2.709  -1.207   7.222   3.022  -2.051   5.308   1.232  -1.698   4.711   0.537  -0.511 0.4178
33        4.739   1.516   2.074   5.981   0.926   1.585   5.766   0.219   0.252   6.612  -0.163   2.729   7.534   0.567   3.658 0.4152
125       3.360   1.620  -3.763   2.737   1.366  -5.059   3.388   2.201  -6.155   1.070   1.691  -4.990   0.333   0.446  -4.593 0.2564
193       1.351   3.189   3.354   2.029   2.595   4.503   3.036   3.566   5.108   2.807   1.152   4.052   1.868  -0.002   4.237 0.1783
97       -0.155   6.708   1.909  -0.158   6.895   3.357  -0.613   8.301   3.728   1.389   6.595   3.997   1.505   5.145   4.365 0.3610
128       1.018   4.538   3.806   1.934   4.738   4.926   3.247   5.354   4.457   2.231   3.265   5.719   1.222   3.073   6.812 0.3057
114       0.349   4.740   2.252   0.541   4.810   3.697   1.768   4.013   4.127  -0.839   4.238   4.508  -1.780   5.378   4.759 0.2269
214       0.426   4.339   2.556   0.680   4.269   3.992   1.627   5.378   4.436   1.324   2.752   4.408   0.207   1.809   4.743 0.1989
117       1.814   3.891  -4.682   0.916   3.545  -5.779   0.932   4.618  -6.862  -0.668   3.324  -5.202  -0.866   1.886  -4.825 0.3724
219       3.261   1.594   2.955   4.220   0.530   3.241   5.638   1.081   3.332   4.138  -0.679   2.049   3.137  -1.718   2.458 0.1684
196       3.226   2.422   2.964   3.379   1.303   3.889   4.836   0.865   3.984   2.408  -0.005   3.402   1.058   0.108   4.046 0.2027
118       0.189   4.996   2.120   0.472   5.266   3.527   1.949   5.573   3.741   0.006   3.945   4.490  -1.418   4.122   4.928 0.2573
85        0.775   5.466   2.948  -0.001   5.327   4.177   0.844   4.728   5.296  -1.376   4.364   3.906  -2.523   5.237   3.492 0.3285
143       2.351   1.006  -4.241   1.572   0.589  -5.403   0.226   1.303  -5.448   1.339  -1.095  -5.388   2.462  -1.762  -6.125 0.1955
54        4.052   2.080   4.644   4.200   2.205   6.091   5.076   1.090   6.651   2.677   2.186   6.847   2.158   3.588   6.961 0.4077
34       -2.362   4.741  -2.799  -3.207   4.724  -3.990  -4.684   4.742  -3.614  -2.865   3.357  -4.941  -1.789   3.693  -5.930 0.3840
181       0.598   3.522   3.423   0.881   2.975   4.746   1.739   1.719   4.649  -0.567   2.631   5.568  -0.994   3.834   6.355 0.2473
78       -1.096   4.009  -2.343  -2.549   4.072  -2.213  -2.994   3.649  -0.818  -3.293   3.090  -3.385  -3.549   3.897  -4.623 0.3322
182       2.209   2.636   3.562   1.323   2.971   4.674   1.430   1.940   5.791  -0.286   3.086   4.137  -0.574   4.496   3.717 0.2825
133       0.524   3.200   3.224   0.895   2.475   4.436   1.860   1.338   4.122  -0.491   1.867   5.211  -1.003   2.881   6.190 0.2053
234       2.675   1.768   3.123   3.793   0.881   3.432   3.298  -0.480   3.906   4.797   1.580   4.613   5.863   2.396   3.944 0.1443
139       3.005   2.626  -4.155   2.003   2.609  -5.217   2.659   2.497  -6.588   1.038   4.007  -5.145  -0.150   3.749  -4.266 0.2474
51       -2.339   4.649  -2.682  -3.551   3.841  -2.786  -3.291   2.403  -2.352  -4.149   3.871  -4.378  -5.112   5.011  -4.528 0.4097
128      -0.539   7.108   2.856  -1.628   8.070   2.713  -1.537   9.164   3.771  -3.131   7.283   2.815  -3.567   6.857   1.445 0.2057
118       3.141   1.889   4.222   3.544   0.643   4.867   4.067   0.899   6.276   4.728  -0.150   3.940   4.062  -1.078   2.968 0.3171
139       2.585   3.123   4.857   3.181   2.052   5.650   2.568   1.995   7.045   4.865   2.264   5.762   5.534   1.551   4.625 0.3153
134       4.535   1.910   4.353   5.601   1.374   5.195   6.972   1.774   4.664   5.484  -0.319   5.293   4.620  -0.694   6.460 0.3386
233       1.538   2.817   3.405   2.147   1.981   4.436   3.659   2.167   4.473   1.767   0.345   4.174   0.499   0.003   4.899 0.1793
132       3.261   2.911   3.430   3.631   1.811   4.316   4.775   2.212   5.240   4.066   0.440   3.410   2.851  -0.404   3.165 0.2864
71        3.536  -0.056   3.653   3.918  -1.391   4.103   3.397  -2.462   3.152   3.337  -1.676   5.676   4.367  -1.240   6.676 0.3003
111      -0.265   3.738  -4.577  -1.608   3.504  -5.102  -1.738   4.025  -6.528  -2.771   4.239  -4.104  -3.209   3.268  -3.048 0.3139
220       4.065   2.542   2.458   4.864   1.456   3.018   6.262   1.433   2.411   4.094  -0.039   2.766   3.196  -0.341   3.928 0.1979
124       2.743   5.134   4.760   1.917   5.711   5.817   2.729   5.937   7.087   0.587   4.704   6.147  -0.568   5.100   5.276 0.3086
126       1.909   2.640  -3.947   0.872   2.839  -4.955   1.313   3.852  -6.005  -0.576   3.350  -4.224  -1.405   2.152  -3.867 0.2247
120      -0.519   3.259  -4.210  -1.907   2.854  -4.414  -2.189   2.582  -5.887  -2.965   4.050  -3.829  -3.285   3.775  -2.390 0.3404
76        2.917   4.082   4.672   3.274   3.369   5.895   4.711   2.864   5.835   2.209   2.070   6.157   1.047   2.535   6.982 0.3969
266       0.197   3.938   2.724   0.673   3.634   4.071   2.192   3.735   4.150   0.166   2.082   4.544  -1.164   2.179   5.231 0.1681
112       1.234   1.586  -3.596  -0.019   1.250  -4.267   0.215   0.256  -5.399  -0.765   2.654  -4.869  -1.684   3.218  -3.826 0.2941
294       2.128   1.445  -3.923   1.173   1.284  -5.016  -0.008   2.235  -4.857   0.622  -0.323  -5.090   1.517  -1.116  -5.995 0.1768
36       -0.566  -0.947  -4.654  -0.653  -2.379  -4.925  -1.197  -2.641  -6.325  -1.634  -3.144  -3.766  -0.787  -3.597  -2.614 0.4275
214       3.207   2.654   3.147   3.569   1.548   4.029   4.927   1.786   4.679   3.583   0.083   3.168   2.223  -0.548   3.232 0.2071
333       1.699   1.726  -3.522   0.485   2.124  -4.230   0.277   3.632  -4.158  -0.867   1.317  -3.588  -1.075   0.027  -4.324 0.1508
197       3.536   1.753   2.905   4.654   0.831   3.077   5.491   0.739   1.806   4.089  -0.712   3.515   4.012  -0.810   5.010 0.1866
107       4.869   0.474  -2.599   4.727   0.284  -4.040   3.686   1.235  -4.619   4.304  -1.325  -4.388   5.549  -2.138  -4.584 0.2222
152       3.019   1.122  -3.718   2.134   1.333  -4.860   0.951   2.216  -4.481   1.580  -0.156  -5.465   2.526  -0.651  -6.518 0.1682
402       0.923   3.677   2.950   1.329   3.162   4.255   2.817   2.836   4.277   0.423   1.780   4.655  -0.812   2.190   5.402 0.1529
226       0.619   3.596   3.016   0.898   3.046   4.339   2.374   3.187   4.692   0.435   1.411   4.412  -0.989   1.315   4.870 0.1807
119       4.610   1.166   1.489   4.756   0.284   2.644   4.048  -1.046   2.412   4.146   1.033   4.043   5.244   1.801   4.718 0.2159
175       1.945   1.035  -4.045   0.928   0.626  -5.010   1.415  -0.542  -5.859   0.498   1.934  -6.008  -0.646   2.680  -5.390 0.1663
134       4.064   1.808   2.471   5.320   1.071   2.369   5.795   0.993   0.923   5.145  -0.493   3.011   5.482  -0.475   4.472 0.2765
124      -0.470   4.585   1.856  -0.703   4.634   3.297   0.416   3.933   4.058  -2.201   3.926   3.680  -3.271   4.976   3.653 0.2317
99        4.514   0.766  -4.460   3.996  -0.076  -5.535   4.452   0.432  -6.898   2.298  -0.138  -5.473   1.871  -1.288  -4.610 0.3484
140       3.143   2.419   3.070   4.381   1.749   3.459   5.520   2.749   3.618   4.800   0.565   2.313   4.181  -0.745   2.698 0.2379
300       2.765   1.711   3.166   3.826   0.736   3.399   5.076   1.084   2.599   3.294  -0.828   2.997   2.682  -1.473   4.205 0.1582
112       1.717   1.265  -4.193   0.803   0.870  -5.260  -0.125   2.017  -5.642  -0.109  -0.486  -4.789   0.614  -1.738  -5.188 0.2057
273       2.518   1.515  -3.896   1.692   1.286  -5.079   1.544   2.562  -5.900   0.160   0.702  -4.628   0.191  -0.797  -4.581 0.1785
129       4.310   0.958  -3.673   3.619   0.282  -4.768   4.608  -0.425  -5.688   2.688   1.393  -5.657   1.309   1.470  -5.073 0.2073
190       2.289   2.033   3.350   3.279   1.096   3.874   4.696   1.563   3.562   3.022  -0.458   3.232   2.090  -1.221   4.126 0.1692
267       4.083   2.180   2.341   4.896   1.033   2.734   6.345   1.213   2.300   4.262  -0.398   2.071   3.275  -0.998   3.028 0.1529
116       0.065   6.512   1.121   0.585   7.596   1.949   1.702   8.347   1.233   1.150   6.990   3.434   0.033   7.001   4.436 0.2572
124       3.114   1.333  -3.952   2.174   0.662  -4.845   2.665   0.698  -6.287   0.637   1.381  -4.735  -0.162   0.692  -3.669 0.2657
186       3.692   2.984   2.829   4.189   1.974   3.760   5.674   1.708   3.539   3.307   0.530   3.595   2.133   0.552   4.527 0.2024
131       3.535   1.133  -3.984   2.572   0.607  -4.946   3.267   0.140  -6.220   1.402   1.783  -5.317   0.248   1.659  -4.367 0.2132
132       1.614   1.321  -4.036   0.625   0.971  -5.052  -0.043   2.217  -5.621  -0.549  -0.074  -4.403  -0.113  -1.496  -4.595 0.1822
TOTRMS: 0.2387
BEFORE: 2262 0.19152056436108328
AFTER: 600 0.2386913440081623
