576       2.135   1.158   0.104   3.042   2.303   0.091   4.208   2.069  -0.862   3.623   2.617   1.658   2.704   3.581   2.348 0.0732
942       0.431   2.283  -0.704   1.153   3.552  -0.705   1.004   4.270   0.631   0.601   4.549  -1.967   1.414   4.291  -3.200 0.0665
166       1.948   1.242   0.695   2.835   2.398   0.790   4.027   2.102   1.692   1.986   3.752   1.369   1.411   4.515   0.213 0.0916
846       2.018   1.208   0.574   2.925   2.349   0.658   4.380   1.898   0.616   2.630   3.237   2.078   1.608   4.299   1.801 0.0647
570       0.509   2.223  -0.786   1.260   3.472  -0.865   0.349   4.639  -1.227   2.517   3.339  -2.002   3.758   2.845  -1.321 0.0781
947       0.473   2.239  -0.758   1.161   3.524  -0.826   0.185   4.680  -0.640   1.976   3.682  -2.310   3.371   3.147  -2.174 0.0616
598       2.042   1.203  -0.514   2.936   2.355  -0.582   3.243   2.728  -2.027   4.381   2.035   0.256   4.233   2.460   1.687 0.0759
656       0.299   2.335  -0.496   0.920   3.654  -0.423   0.356   4.463   0.739   0.697   4.497  -1.883   1.842   4.208  -2.807 0.0702
62        0.421   2.274  -0.650   1.156   3.535  -0.697   0.799   4.333  -1.945   2.831   3.246  -0.648   3.295   3.235   0.778 0.0992
212       0.286   2.359   0.417   0.981   3.642   0.412   2.076   3.678   1.471  -0.118   4.914   0.667  -0.641   5.395  -0.654 0.0982
903       0.498   2.223  -0.807   1.198   3.503  -0.878   0.405   4.602  -0.182   1.490   3.930  -2.498   2.818   3.383  -2.928 0.0641
854       2.018   1.211   0.585   2.930   2.348   0.672   4.325   1.972   0.189   3.002   2.929   2.269   1.954   3.984   2.465 0.0706
412       0.247   2.396  -0.230   0.967   3.666  -0.234   1.505   3.996   1.154  -0.044   4.919  -0.781   0.082   5.049  -2.270 0.0694
507       1.958   1.242   0.692   2.856   2.389   0.790   4.277   1.947   1.120   2.297   3.481   1.968   1.382   4.481   1.327 0.0647
36        0.224   2.418   0.092  -1.214   2.602   0.261  -1.956   2.359  -1.048  -1.549   4.165   0.840  -1.556   4.152   2.339 0.2252
710       2.131   1.173  -0.162   2.984   2.358  -0.215   2.816   3.096  -1.538   4.613   1.926   0.009   4.946   1.973   1.471 0.0674
94        0.372   2.316  -0.525   1.087   3.588  -0.533   1.975   3.712  -1.766   2.022   3.752   0.878   1.207   4.422   1.943 0.1316
790       0.296   2.340  -0.438   0.950   3.645  -0.450   0.062   4.710   0.181   1.356   4.091  -2.040   2.735   3.596  -2.361 0.0699
522       0.458   2.238  -0.748   0.975   3.601  -0.673  -0.149   4.603  -0.443   1.823   3.992  -2.094   3.269   3.626  -1.931 0.0792
114       1.446   1.559  -1.130   2.266   2.751  -1.325   1.533   3.789  -2.167   3.743   2.342  -2.060   4.760   2.035  -1.001 0.0982
119       0.378   2.359  -0.549  -0.941   2.523  -1.154  -0.973   1.951  -2.566  -1.381   4.165  -1.180  -2.115   4.506   0.083 0.0893
146       0.264   2.353   0.402   0.926   3.654   0.409   1.118   4.165   1.832   0.031   4.779  -0.499   0.495   4.752  -1.925 0.0901
401       2.107   1.179   0.331   2.984   2.345   0.394   3.850   2.447  -0.857   3.968   2.274   1.779   3.275   2.959   2.919 0.0719
189       1.449   1.572  -1.140   2.397   2.677  -1.248   1.674   4.018  -1.287   3.365   2.496  -2.634   4.595   1.712  -2.285 0.0851
627       2.147   1.156   0.052   3.030   2.318   0.096   3.601   2.626  -1.282   4.291   2.062   1.207   3.872   2.553   2.561 0.0661
112       0.401   2.292  -0.625   1.130   3.557  -0.646   0.339   4.635  -1.378   2.651   3.352  -1.377   3.664   2.992  -0.331 0.0987
419       2.075   1.193  -0.444   2.924   2.377  -0.544   2.430   3.316  -1.638   4.536   1.928  -0.844   5.255   1.744   0.459 0.0771
73        2.134   1.144   0.062   3.025   2.299   0.003   3.443   2.741   1.401   2.275   3.586  -0.816   2.588   3.497  -2.280 0.1069
882       0.602   2.173  -0.909   1.341   3.432  -0.952   0.827   4.406   0.102   1.229   4.133  -2.497   2.363   3.647  -3.349 0.0690
117       2.152   1.145  -0.011   3.066   2.284  -0.015   2.793   3.211   1.164   2.936   3.144  -1.476   3.910   2.589  -2.472 0.1045
917       2.137   1.170   0.069   2.997   2.351   0.071   3.105   2.954  -1.325   4.544   1.957   0.656   4.580   2.150   2.143 0.0727
724       0.321   2.316  -0.543   0.892   3.656  -0.445   0.035   4.554   0.439   1.057   4.345  -1.991   2.407   4.006  -2.548 0.0724
17        0.306   2.303   0.566   0.978   3.598   0.613   0.577   4.469  -0.572   2.666   3.390   0.639   3.136   3.296   2.060 0.1601
578       0.357   2.308  -0.552   1.030   3.604  -0.549   0.021   4.746  -0.529   2.047   3.748  -1.904   3.415   3.239  -1.559 0.0737
649       2.135   1.160  -0.174   3.028   2.316  -0.179   3.841   2.376  -1.466   4.066   2.269   1.166   3.429   2.992   2.315 0.0664
669       0.667   2.122  -0.952   1.485   3.321  -1.112   0.618   4.574  -1.169   2.437   3.207  -2.516   3.753   2.572  -2.177 0.0743
261       1.648   1.403  -1.031   2.569   2.524  -1.196   2.396   3.182  -2.559   4.176   2.004  -1.000   4.569   2.126   0.443 0.0807
294       0.738   2.067  -1.004   1.525   3.291  -1.131   0.758   4.360  -1.900   3.005   2.967  -1.901   4.040   2.622  -0.872 0.0872
30        0.373   2.385  -0.440  -1.018   2.715  -0.737  -1.488   2.018  -2.008  -1.208   4.397  -0.889  -1.543   4.986   0.449 0.1253
114       1.998   1.225   0.619   2.861   2.400   0.702   3.758   2.336   1.933   1.927   3.820   0.734   1.706   4.305  -0.668 0.1026
239       2.124   1.152   0.216   2.997   2.322   0.241   4.424   1.934   0.609   2.406   3.480   1.336   1.475   4.414   0.623 0.0864
1025      0.355   2.340  -0.544   1.090   3.602  -0.540   1.253   4.138   0.877   0.301   4.752  -1.512   0.820   4.661  -2.916 0.0700
979       0.581   2.170  -0.889   1.250   3.467  -0.948   0.292   4.595  -0.585   1.899   3.729  -2.498   3.303   3.205  -2.547 0.0697
248       1.784   1.357   0.916   2.719   2.474   1.016   4.157   1.979   1.111   2.345   3.442   2.363   1.383   4.518   1.954 0.0804
230       2.034   1.227   0.547   2.840   2.428   0.751   3.979   2.502  -0.259   3.460   2.465   2.333   2.494   3.178   3.232 0.0885
683       2.127   1.159   0.171   3.022   2.312   0.180   4.452   1.900  -0.148   2.971   3.091   1.690   1.904   4.145   1.674 0.0769
18        0.388   2.300   0.559   1.098   3.574   0.613   0.127   4.737   0.779   2.034   3.792  -0.790   3.404   3.224  -0.570 0.1438
94        0.387   2.294  -0.628   1.040   3.600  -0.634   2.445   3.509  -1.218   1.103   4.238   0.941  -0.128   5.054   1.200 0.1132
477       0.244   2.378  -0.232   0.918   3.673  -0.252   0.254   4.651   0.711   0.922   4.316  -1.826   2.157   3.865  -2.547 0.0741
53        2.096   1.175  -0.298   2.964   2.344  -0.410   4.064   2.313   0.644   2.055   3.773  -0.263   1.591   4.212  -1.620 0.1157
699       0.485   2.245  -0.766   1.277   3.461  -0.924   0.477   4.694  -0.523   1.817   3.613  -2.529   3.150   2.940  -2.675 0.0720
343       0.839   1.998  -1.067   1.696   3.168  -1.238   0.883   4.388  -1.654   2.906   2.853  -2.391   4.115   2.290  -1.705 0.0847
51        1.940   1.257   0.724   2.837   2.407   0.794   2.293   3.471   1.740   3.074   3.069  -0.754   4.257   2.414  -1.403 0.1087
365       0.613   2.162  -0.910   1.462   3.335  -1.103   0.853   4.567  -0.442   1.708   3.623  -2.760   2.931   2.887  -3.219 0.0789
59        0.360   2.318  -0.537   1.080   3.588  -0.546   1.122   4.185  -1.948   2.660   3.379   0.047   2.669   3.591   1.531 0.1202
265       0.239   2.367   0.311   0.899   3.669   0.315   0.711   4.375   1.653   0.304   4.640  -0.947   1.134   4.424  -2.177 0.0929
622       2.136   1.164   0.053   3.013   2.331   0.091   4.338   2.044  -0.606   3.291   2.813   1.697   2.248   3.809   2.108 0.0802
235       0.997   1.889  -1.139   1.889   3.035  -1.293   1.175   4.336  -0.946   2.494   3.106  -2.881   3.773   2.328  -2.964 0.0847
267       1.764   1.367  -0.945   2.654   2.521  -1.035   1.886   3.777  -1.431   3.901   2.223  -2.152   5.069   1.604  -1.444 0.0931
31        0.269   2.383   0.151   0.983   3.657   0.178   1.256   4.163  -1.233   2.444   3.500   1.034   2.209   3.806   2.483 0.1320
666       0.398   2.275  -0.669   0.930   3.631  -0.572  -0.098   4.582   0.030   1.413   4.189  -2.104   2.852   3.834  -2.334 0.0724
148       1.186   1.757  -1.169   2.144   2.848  -1.317   1.618   4.130  -0.683   2.494   3.112  -2.960   3.666   2.268  -3.364 0.0946
248       1.834   1.320   0.860   2.684   2.500   0.991   4.003   2.154   1.673   1.879   3.718   1.863   1.118   4.593   0.912 0.0750
634       0.319   2.328  -0.570   0.911   3.649  -0.382   0.679   4.158   1.036   0.272   4.751  -1.508   1.118   4.746  -2.747 0.0806
193       1.852   1.304   0.842   2.852   2.367   0.886   4.171   1.857   1.455   2.286   3.676   1.812   1.560   4.641   0.922 0.0855
42        1.796   1.344   0.896   2.637   2.531   1.023   2.949   2.828   2.485   1.881   3.873   0.304   2.286   3.962  -1.137 0.1394
6         1.697   1.494  -0.949   1.835   0.780  -2.215   3.019  -0.180  -2.178   2.016   1.880  -3.499   0.666   2.231  -4.050 0.1739
239       1.971   1.234  -0.656   2.852   2.393  -0.765   3.663   2.346  -2.055   3.893   2.476   0.576   3.251   3.292   1.658 0.0976
177       1.164   1.754  -1.175   2.141   2.826  -1.348   1.532   4.009  -2.092   3.508   2.253  -2.182   4.515   1.738  -1.198 0.1043
221       1.916   1.276   0.769   2.837   2.408   0.828   4.076   2.151  -0.020   3.286   2.723   2.437   2.326   3.704   3.042 0.0944
143       1.333   1.620  -1.176   2.307   2.696  -1.338   1.919   3.620  -2.487   3.860   2.055  -1.603   4.554   1.868  -0.287 0.0932
54        0.392   2.240   0.766   0.955   3.586   0.718   1.858   3.846   1.918  -0.285   4.747   0.659  -0.633   5.036  -0.771 0.1211
766       2.002   1.230   0.615   2.822   2.423   0.809   4.298   2.117   0.582   2.591   3.054   2.371   1.469   4.049   2.347 0.0819
44        0.283   2.360  -0.328   0.954   3.656  -0.372   0.279   4.590  -1.370   2.595   3.461  -0.772   3.399   3.289   0.482 0.1133
63        1.001   1.872  -1.134   1.837   3.060  -1.286   1.480   3.824  -2.555   3.482   2.628  -1.309   4.023   2.646   0.089 0.1004
148       1.593   1.501  -1.070   2.354   2.741  -1.192   1.427   3.942  -1.339   3.416   2.658  -2.517   4.735   2.104  -2.067 0.0932
89        1.494   1.548   1.100   2.359   2.717   1.231   3.356   2.537   2.369   1.430   4.118   1.485   1.091   4.740   0.163 0.1345
150       1.682   1.397  -0.992   2.496   2.588  -1.218   2.025   3.349  -2.453   4.134   2.165  -1.384   4.795   2.189  -0.038 0.0937
469       2.050   1.215   0.513   2.854   2.415   0.728   4.234   2.272   0.097   3.003   2.740   2.390   1.879   3.632   2.828 0.0881
512       2.028   1.196   0.558   3.014   2.272   0.546   4.415   1.731   0.283   2.984   3.121   2.019   2.008   4.256   1.922 0.0727
137       2.139   1.147   0.127   3.009   2.320   0.125   4.262   2.076   0.958   2.173   3.679   0.713   1.510   4.391  -0.429 0.0986
590       2.004   1.216  -0.607   2.887   2.374  -0.719   2.906   2.915  -2.143   4.464   1.967  -0.229   4.612   2.222   1.242 0.0742
35        0.695   2.162  -0.950  -0.294   2.136  -2.024   0.085   1.120  -3.094  -0.456   3.680  -2.717  -1.526   4.443  -1.994 0.1282
31        0.496   2.297  -0.727  -0.641   2.361  -1.642  -0.248   1.895  -3.039  -1.262   3.942  -1.707  -2.324   4.106  -0.661 0.1266
831       0.312   2.332  -0.466   0.953   3.643  -0.443  -0.038   4.733  -0.052   1.639   3.995  -1.958   3.055   3.502  -1.993 0.0724
333       2.151   1.166   0.015   3.004   2.341   0.167   4.130   2.338  -0.860   3.650   2.405   1.739   2.725   3.184   2.627 0.0792
244       1.996   1.222  -0.648   2.864   2.392  -0.745   2.185   3.516  -1.518   4.336   1.979  -1.490   5.324   1.556  -0.444 0.0816
553       0.299   2.366  -0.461   0.956   3.655  -0.270   1.131   3.968   1.212   0.068   4.892  -1.026   0.547   5.061  -2.437 0.0749
132       1.715   1.368  -1.001   2.717   2.428  -1.056   2.156   3.680  -1.720   4.100   1.895  -1.888   5.064   1.281  -0.916 0.0933
143       0.279   2.340   0.490   0.937   3.644   0.486   1.551   3.953   1.846  -0.166   4.863   0.053  -0.147   5.050  -1.435 0.0893
595       0.276   2.367  -0.367   0.978   3.646  -0.412   0.667   4.487   0.821   0.562   4.502  -1.821   1.515   4.144  -2.923 0.0792
320       1.765   1.334  -0.943   2.690   2.456  -1.071   2.839   2.882  -2.527   4.209   2.049  -0.425   4.249   2.416   1.029 0.0785
37        0.967   1.909  -1.121   1.776   3.110  -1.300   3.216   2.873  -0.861   1.109   4.410  -0.431   0.140   5.151  -1.304 0.1491
375       1.923   1.284   0.746   2.690   2.509   0.955   4.172   2.204   1.141   2.095   3.357   2.303   1.028   4.314   1.861 0.0859
325       0.333   2.313  -0.586   0.820   3.671  -0.360  -0.020   4.388   0.690   0.813   4.554  -1.814   2.134   4.388  -2.505 0.0810
35        1.092   1.848   1.140   1.971   3.009   1.253   3.356   2.603   1.743   1.296   4.163   2.303   0.441   5.113   1.518 0.1278
524       0.783   2.047  -1.044   1.580   3.266  -1.149   0.940   4.409  -0.369   1.774   3.710  -2.779   3.013   3.067  -3.327 0.0741
71        0.314   2.330  -0.507   0.980   3.628  -0.443   1.564   4.012  -1.797   2.204   3.609   0.737   1.634   4.038   2.056 0.1347
684       0.415   2.270  -0.733   1.007   3.600  -0.615   0.518   4.309   0.642   0.646   4.533  -1.990   1.720   4.343  -3.019 0.0762
429       0.370   2.320  -0.556   1.152   3.545  -0.696   0.261   4.778  -0.608   2.001   3.542  -2.169   3.349   2.917  -1.967 0.0813
617       0.604   2.150  -0.903   1.240   3.463  -0.957   0.201   4.572  -1.069   2.323   3.544  -2.265   3.684   3.102  -1.815 0.0739
525       2.095   1.173  -0.360   2.985   2.328  -0.454   3.574   2.454  -1.855   4.233   2.210   0.694   3.802   2.872   1.969 0.0698
443       2.141   1.164   0.068   3.004   2.335   0.193   3.371   2.895  -1.176   4.413   1.945   1.061   4.181   2.183   2.523 0.0777
84        2.126   1.149   0.239   3.006   2.310   0.334   2.938   2.940   1.720   2.599   3.461  -0.850   3.385   3.193  -2.099 0.1087
94        0.434   2.269   0.723   1.135   3.549   0.754   2.505   3.409   1.408   0.211   4.713   1.579  -0.678   5.428   0.605 0.1122
33        1.094   1.866   1.119   1.850   3.112   1.209   3.343   2.861   1.031   1.560   3.876   2.699   0.391   4.806   2.565 0.1630
117       1.227   1.720  -1.176   2.287   2.712  -1.338   1.707   4.103  -1.565   3.304   2.286  -2.632   4.428   1.432  -2.124 0.1047
432       0.753   2.064  -1.021   1.612   3.232  -1.194   0.828   4.524  -0.993   2.330   3.218  -2.735   3.639   2.489  -2.670 0.0737
51        2.049   1.198  -0.512   2.942   2.351  -0.590   3.416   2.774   0.795   2.165   3.651  -1.362   2.419   3.581  -2.839 0.1225
818       0.586   2.199  -0.867   1.388   3.416  -0.957   1.143   4.325   0.242   1.043   4.248  -2.399   1.966   3.775  -3.482 0.0757
355       2.140   1.156   0.061   3.060   2.282  -0.069   4.025   2.072  -1.229   3.926   2.509   1.377   3.176   3.456   2.266 0.0767
58        2.060   1.183   0.507   2.889   2.371   0.694   2.428   3.178   1.902   2.858   3.341  -0.702   3.970   2.931  -1.622 0.1167
282       2.122   1.175   0.302   3.022   2.319   0.196   3.487   2.521  -1.241   4.364   2.115   1.220   4.062   2.705   2.565 0.0770
237       2.036   1.219   0.547   2.866   2.411   0.699   3.522   2.795  -0.622   4.054   2.160   1.889   3.519   2.581   3.225 0.0973
483       2.103   1.170   0.306   3.064   2.266   0.226   4.346   1.823  -0.469   3.418   2.859   1.780   2.461   3.962   2.124 0.0788
207       1.870   1.294   0.830   2.904   2.325   0.816   4.240   1.755   0.354   3.068   3.022   2.357   2.148   4.201   2.474 0.0940
16        1.686   1.450   0.997   2.538   2.627   1.139   1.724   3.911   1.031   3.768   2.615  -0.035   4.970   1.900   0.507 0.1450
121       1.305   1.687  -1.177   2.087   2.916  -1.272   1.248   4.132  -0.898   2.715   3.101  -2.841   4.064   2.448  -2.920 0.0889
32        1.943   1.275   0.708   2.883   2.392   0.743   2.203   3.667   1.227   3.565   2.642  -0.794   4.817   1.827  -0.925 0.1334
236       0.216   2.383   0.132   0.878   3.684   0.149   0.409   4.524   1.331   0.591   4.514  -1.307   1.670   4.179  -2.295 0.0850
546       0.353   2.318  -0.571   1.089   3.573  -0.703   0.544   4.632   0.248   1.019   4.136  -2.305   2.178   3.583  -3.080 0.0728
17        1.003   1.934  -1.125   0.337   1.689  -2.401   1.014   0.556  -3.163   0.325   3.102  -3.345  -0.919   3.888  -3.053 0.1564
77        0.454   2.315  -0.666  -0.794   2.452  -1.411  -0.749   1.655  -2.709  -1.110   4.090  -1.743  -1.921   4.679  -0.628 0.0918
211       0.558   2.175  -0.846   1.154   3.508  -0.851   0.163   4.551  -1.354   2.558   3.527  -1.811   3.748   3.194  -0.962 0.0815
244       0.240   2.363  -0.348   0.779   3.695  -0.087   0.199   4.281   1.194   0.463   4.730  -1.398   1.597   4.659  -2.377 0.0904
815       0.496   2.224  -0.816   1.129   3.540  -0.793   0.410   4.480   0.167   1.158   4.211  -2.355   2.427   3.811  -3.048 0.0706
203       0.221   2.390   0.212   0.913   3.676   0.193   1.760   3.863   1.446  -0.205   4.949   0.049  -0.433   5.253  -1.402 0.0809
448       0.682   2.108  -0.988   1.326   3.418  -1.010   0.434   4.479  -0.376   1.715   3.861  -2.605   3.096   3.376  -2.935 0.0775
186       0.204   2.384   0.093   0.883   3.676   0.075   0.149   4.694   0.940   1.018   4.254  -1.518   2.305   3.772  -2.118 0.0885
381       0.314   2.356  -0.455   1.071   3.597  -0.586   1.086   4.373   0.726   0.419   4.561  -1.825   1.089   4.226  -3.125 0.0787
306       0.265   2.408  -0.222   1.004   3.662  -0.101   1.624   3.801   1.285  -0.015   4.985  -0.420   0.030   5.309  -1.884 0.0817
119       1.771   1.323  -0.950   2.765   2.390  -1.008   2.394   3.429  -2.060   4.305   1.749  -1.339   4.997   1.420  -0.049 0.0980
191       2.010   1.215   0.610   2.830   2.416   0.740   4.204   2.084   1.309   2.051   3.561   1.728   1.196   4.454   0.879 0.0771
522       2.130   1.162  -0.208   3.005   2.321  -0.357   3.325   2.583  -1.824   4.443   2.096   0.522   4.268   2.632   1.912 0.0768
6         1.444   1.601  -1.097   1.445   0.876  -2.365   2.773   1.047  -3.093   0.166   1.405  -3.352  -1.051   0.570  -3.083 0.3168
77        1.402   1.568  -1.155   2.437   2.591  -1.268   2.391   3.270  -2.632   3.974   1.913  -1.006   4.312   1.988   0.453 0.0991
670       0.355   2.362  -0.480   1.130   3.599  -0.520   1.551   4.029   0.881   0.234   4.837  -1.265   0.504   4.832  -2.740 0.0691
253       1.926   1.248  -0.749   2.840   2.385  -0.823   3.339   2.596  -2.248   4.158   2.156   0.227   3.832   2.737   1.571 0.0788
158       1.880   1.320   0.809   2.617   2.560   1.037   3.909   2.587   0.229   2.960   2.751   2.691   1.843   3.504   3.350 0.0955
99        0.300   2.338  -0.463   0.912   3.660  -0.370   2.157   3.751  -1.246   1.308   4.019   1.244   0.149   4.707   1.902 0.1163
42        1.485   1.592   1.120   2.376   2.748   1.165   3.676   2.469   0.420   2.708   3.179   2.776   1.688   4.173   3.248 0.1198
29        0.964   1.899  -1.105   1.820   3.073  -1.243   2.055   3.412  -2.711   3.307   2.819  -0.458   3.207   3.282   0.965 0.1318
487       2.119   1.177  -0.244   2.960   2.357  -0.416   2.935   2.844  -1.860   4.558   2.021   0.058   4.724   2.337   1.515 0.0706
435       1.991   1.217  -0.647   2.871   2.377  -0.761   2.620   3.130  -2.062   4.499   1.897  -0.669   4.948   1.922   0.762 0.0797
35        0.363   2.346  -0.518  -1.005   2.492  -1.007  -1.085   2.216  -2.504  -1.592   4.051  -0.669  -2.263   4.053   0.672 0.1598
502       2.118   1.162   0.258   2.996   2.328   0.279   4.461   1.911   0.332   2.625   3.326   1.605   1.593   4.335   1.198 0.0788
407       2.100   1.185   0.372   2.962   2.363   0.385   3.254   2.845  -1.031   4.417   2.023   1.197   4.263   2.343   2.655 0.0701
155       0.336   2.310  -0.573   0.754   3.684  -0.307  -0.324   4.449   0.452   1.122   4.484  -1.761   2.575   4.294  -2.083 0.0960
33        1.992   1.220   0.682   3.002   2.257   0.489   3.058   3.199   1.686   2.684   3.137  -0.931   3.386   2.490  -2.088 0.1246
11        1.577   1.556   1.069   1.670   0.774   2.298   0.580   1.172   3.286   3.202   0.968   3.010   4.134  -0.082   2.484 0.2720
444       2.112   1.167  -0.279   2.999   2.326  -0.330   4.044   2.170  -1.428   3.762   2.556   1.172   2.924   3.460   2.026 0.0806
91        0.724   2.071  -1.001   1.506   3.300  -1.102   0.908   4.247  -2.136   3.120   2.945  -1.500   3.915   2.755  -0.243 0.0883
312       0.405   2.276  -0.651   1.037   3.592  -0.603   0.011   4.701  -0.810   2.261   3.704  -1.777   3.564   3.256  -1.185 0.0694
121       1.112   1.797  -1.160   1.942   2.987  -1.325   1.307   3.967  -2.305   3.498   2.556  -1.857   4.385   2.322  -0.670 0.0829
311       0.276   2.375  -0.300   1.022   3.626  -0.404   0.200   4.800   0.116   1.486   3.908  -2.016   2.832   3.294  -2.263 0.0815
209       0.301   2.396  -0.260   1.059   3.639  -0.370   1.878   3.896   0.889   0.015   4.948  -0.664  -0.154   5.130  -2.143 0.0826
146       1.933   1.269   0.763   2.839   2.414   0.797   3.755   2.425  -0.421   3.764   2.397   2.223   3.046   3.162   3.294 0.1008
49        1.963   1.244  -0.650   2.847   2.403  -0.733   4.235   2.002  -1.215   2.955   3.176   0.778   1.886   4.223   0.882 0.1287
42        0.242   2.385  -0.125   0.983   3.643  -0.131   0.067   4.818  -0.454   2.260   3.575  -1.252   3.494   3.060  -0.573 0.1008
26        1.654   1.395  -1.013   2.622   2.481  -1.127   4.002   2.039  -0.653   2.105   3.833  -0.234   1.274   4.722  -1.110 0.1450
106       0.199   2.403   0.054   0.863   3.692  -0.114   0.911   4.460   1.202   0.071   4.618  -1.300   0.678   4.334  -2.642 0.0975
309       2.141   1.161   0.039   3.053   2.289  -0.126   3.762   2.229  -1.474   4.195   2.318   1.133   3.666   3.143   2.269 0.0795
66        2.144   1.141   0.059   3.020   2.309  -0.001   3.822   2.459   1.286   2.112   3.717  -0.290   2.003   3.947  -1.768 0.1191
150       2.128   1.164   0.136   3.084   2.240  -0.110   4.206   1.777  -1.031   3.730   2.805   1.358   2.878   3.924   1.881 0.0881
22        1.736   1.393  -0.964   2.649   2.524  -1.100   3.642   2.570   0.056   1.780   3.983  -1.181   1.463   4.298  -2.612 0.1388
319       0.840   2.026  -1.065   1.705   3.197  -1.172   1.298   4.273  -0.172   1.665   3.823  -2.752   2.740   3.177  -3.574 0.0807
261       2.157   1.152   0.051   3.019   2.310   0.267   3.877   2.593  -0.961   4.011   2.067   1.627   3.315   2.583   2.851 0.0861
67        0.384   2.244   0.719   0.957   3.586   0.684   1.380   4.039   2.076  -0.156   4.689   0.025   0.035   4.764  -1.461 0.1914
43        0.756   2.031   1.017   1.573   3.225   1.214   1.835   3.472   2.695   0.817   4.581   0.521   1.265   4.729  -0.903 0.1305
289       2.146   1.155  -0.074   3.026   2.318  -0.012   2.782   3.254  -1.189   4.654   1.829   0.017   5.096   1.644   1.438 0.0736
123       1.558   1.480  -1.062   2.334   2.695  -1.290   2.260   3.129  -2.749   3.955   2.459  -0.834   4.129   2.833   0.607 0.0998
46        2.123   1.144  -0.307   3.034   2.283  -0.364   3.026   3.059   0.948   2.619   3.312  -1.653   3.357   2.889  -2.888 0.0927
340       0.224   2.386  -0.229   0.893   3.682  -0.162   0.842   4.254   1.250   0.187   4.773  -1.258   0.890   4.680  -2.580 0.0749
4         1.942   1.399   0.639   2.648   0.442   1.486   3.221   1.123   2.723   3.891  -0.320   0.611   3.356  -1.562  -0.037 0.1819
183       0.206   2.397  -0.076   0.902   3.677  -0.170   1.326   4.173   1.207  -0.084   4.835  -0.930   0.154   4.801  -2.410 0.0814
63        0.529   2.210  -0.833   1.196   3.507  -0.891   2.704   3.342  -1.045   0.848   4.416   0.503  -0.382   5.241   0.268 0.1149
116       0.248   2.411   0.087   0.993   3.667   0.114   1.977   3.697   1.277  -0.074   4.987   0.218  -0.442   5.443  -1.162 0.0761
157       0.724   2.086  -0.994   1.689   3.146  -1.270   1.043   4.521  -1.153   2.362   2.947  -2.819   3.593   2.097  -2.724 0.0963
29        0.745   2.045  -1.012   1.541   3.262  -1.147   2.910   2.959  -1.745   1.719   4.025   0.362   0.595   4.998   0.566 0.1476
469       0.577   2.221  -0.847   1.383   3.437  -0.911   1.382   4.167   0.427   0.809   4.465  -2.137   1.509   4.149  -3.425 0.0754
297       1.984   1.212   0.633   2.995   2.265   0.622   4.397   1.682   0.754   2.706   3.378   1.874   1.816   4.476   1.372 0.0796
80        1.986   1.254  -0.651   2.713   2.498  -0.892   1.941   3.410  -1.838   4.256   2.169  -1.528   5.238   2.024  -0.404 0.0892
406       2.134   1.179  -0.226   2.953   2.378  -0.382   2.583   3.133  -1.653   4.603   1.969  -0.407   5.146   1.999   0.991 0.0706
192       1.041   1.842  -1.160   1.893   3.014  -1.335   1.063   4.258  -1.626   3.011   2.753  -2.589   4.263   2.150  -2.025 0.0887
81        0.571   2.163  -0.855   0.975   3.563  -0.760  -0.209   4.493  -1.000   2.215   3.900  -1.873   3.547   3.659  -1.225 0.1056
164       2.146   1.176   0.142   2.952   2.362   0.415   4.308   2.274  -0.276   3.163   2.564   2.090   2.054   3.413   2.635 0.0919
254       2.157   1.170  -0.041   2.974   2.355  -0.288   2.752   2.890  -1.698   4.620   2.001  -0.050   4.986   2.267   1.380 0.0746
103       1.405   1.611  -1.149   2.429   2.646  -1.261   1.847   4.026  -0.975   3.133   2.619  -2.808   4.319   1.701  -2.802 0.0906
116       1.662   1.413  -1.004   2.554   2.557  -1.165   2.915   2.770  -2.630   3.965   2.344  -0.241   3.761   2.924   1.126 0.0917
467       0.328   2.334  -0.513   1.067   3.586  -0.655   0.356   4.727   0.064   1.273   3.970  -2.298   2.553   3.368  -2.795 0.0720
197       0.196   2.390  -0.167   0.851   3.691  -0.075   1.017   4.121   1.378  -0.036   4.863  -0.932   0.450   4.920  -2.349 0.0752
289       2.118   1.165  -0.340   3.031   2.299  -0.224   3.642   2.651  -1.575   4.259   1.959   0.901   3.823   2.402   2.266 0.0717
173       1.986   1.221  -0.682   2.958   2.310  -0.648   3.032   3.022  -1.994   4.493   1.722  -0.214   4.646   1.779   1.277 0.0825
235       2.140   1.190   0.147   2.992   2.359  -0.052   3.099   2.716  -1.530   4.540   2.082   0.594   4.571   2.526   2.026 0.0721
65        1.725   1.426   0.968   2.385   2.711   1.184   3.789   2.519   1.744   1.466   3.681   2.235   0.505   4.512   1.437 0.0959
91        0.263   2.359   0.337   0.924   3.655   0.212   0.458   4.616   1.300   0.630   4.325  -1.323   1.705   3.888  -2.273 0.1057
159       1.919   1.270  -0.769   2.789   2.440  -0.849   2.229   3.475  -1.818   4.355   1.982  -1.325   5.178   1.677  -0.109 0.0752
210       0.454   2.251  -0.763   1.259   3.448  -0.990   0.901   4.547   0.004   1.049   4.011  -2.581   2.070   3.373  -3.476 0.0824
105       1.704   1.407   0.979   2.631   2.527   1.116   4.016   2.046   1.534   2.039   3.653   2.244   1.194   4.671   1.537 0.0821
103       0.685   2.146  -0.924   1.640   3.217  -1.194   0.932   4.468  -1.701   2.801   2.705  -2.326   3.965   2.093  -1.605 0.0920
TOTRMS: 0.0801
BEFORE: 279 0.07766180473879808
AFTER: 200 0.08014227831346991
