674       0.755   5.696  -0.274   0.005   6.948  -0.265   0.930   8.143  -0.466  -0.856   7.115   1.192  -2.219   6.509   1.039 0.1356
661       1.756   4.996   0.890   1.459   5.948   1.957   2.280   7.223   1.798   1.758   5.248   3.477   0.510   4.579   3.973 0.1306
392      -0.021   4.029   1.613  -0.170   4.538   2.973  -0.878   3.524   3.864  -1.027   6.006   2.965  -0.062   7.148   2.836 0.1316
158       0.029   4.018   1.560  -0.155   4.633   2.871  -0.053   3.595   3.983  -1.657   5.426   2.949  -1.494   6.849   2.504 0.1703
621       1.625   4.776   1.483   1.423   5.431   2.773   1.957   6.858   2.753   2.176   4.544   4.013   1.206   3.545   4.572 0.1385
33       -0.342   4.598   0.151  -0.909   5.624   1.021  -2.001   6.409   0.305   0.308   6.679   1.566   0.881   6.161   2.851 0.2711
421      -0.512   4.565  -0.372  -1.253   5.658   0.251  -2.717   5.283   0.452  -1.137   7.067  -0.693   0.055   7.866  -0.255 0.1500
546       0.437   5.178   1.095  -0.416   6.071   1.875   0.126   7.495   1.865  -0.553   5.511   3.475  -1.730   4.587   3.582 0.1392
658       2.813   4.361  -1.407   2.793   5.176  -2.618   4.175   5.745  -2.919   1.664   6.438  -2.466   0.329   5.977  -2.971 0.1358
588      -0.697   4.558  -0.358  -1.515   5.640   0.181  -2.769   5.097   0.856  -1.942   6.731  -1.051  -0.902   7.808  -1.148 0.1388
101       1.657   3.846   1.744   1.702   4.405   3.092   3.132   4.738   3.501   1.013   3.322   4.207  -0.455   3.601   4.334 0.1937
675       2.214   4.807   1.116   2.328   5.550   2.367   2.837   6.966   2.121   3.360   4.739   3.447   2.558   3.793   4.291 0.1284
639       0.837   5.509   0.947   0.215   6.643   1.625   0.706   7.965   1.046   0.531   6.583   3.294  -0.554   5.809   3.981 0.1361
169      -0.496   4.455  -0.206  -1.262   5.366   0.639  -2.716   4.920   0.750  -1.183   6.951   0.029  -0.010   7.662   0.636 0.1652
523       2.414   4.806   1.091   2.707   5.543   2.317   2.854   7.035   2.039   4.121   4.944   3.046   3.762   3.847   4.005 0.1370
301       2.976   2.036   2.402   4.108   1.802   3.294   5.274   1.167   2.546   3.642   0.813   4.596   3.159   1.671   5.728 0.1297
160       4.299   2.546  -1.763   5.305   2.189  -2.759   6.015   3.428  -3.292   4.591   1.330  -4.041   4.628  -0.139  -3.741 0.1805
70       -0.244   4.506   1.207  -1.077   5.434   1.966  -0.238   6.260   2.933  -2.283   4.589   2.816  -3.509   4.471   1.959 0.2470
896       0.456   5.543   0.458  -0.381   6.678   0.836   0.335   7.998   0.578  -0.828   6.567   2.473  -2.116   5.808   2.589 0.1289
980       0.841   5.428   0.836   0.171   6.505   1.560   0.828   7.850   1.275   0.182   6.192   3.232  -1.048   5.419   3.604 0.1278
226       2.526   4.638   1.311   2.936   5.121   2.627   2.197   6.402   2.996   4.615   5.385   2.666   5.308   4.131   3.109 0.1471
249       2.730   2.385   2.389   2.638   2.993   3.713   3.858   2.651   4.560   1.220   2.486   4.501   0.104   3.437   4.184 0.1379
202       0.357   4.291   1.591   0.387   5.035   2.847  -0.240   4.228   3.978  -0.419   6.522   2.676   0.558   7.572   2.239 0.1740
427       3.603   1.712  -1.836   4.318   1.835  -3.103   3.554   2.719  -4.081   4.581   0.300  -3.787   5.894  -0.243  -3.305 0.1369
192       3.011   4.088   1.217   3.839   4.170   2.417   4.702   5.426   2.403   4.821   2.789   2.556   4.098   1.739   3.346 0.1478
519      -0.734   4.261   0.822  -1.416   5.018   1.868  -2.270   4.104   2.738  -2.380   6.240   1.183  -1.574   7.497   1.050 0.1443
122      -0.342   5.167   0.242  -1.525   6.010   0.390  -1.160   7.368   0.980  -2.683   5.242   1.369  -3.598   4.420   0.510 0.1857
117      -0.260   4.565  -0.851  -1.004   5.813  -0.706  -1.711   5.877   0.643  -2.134   5.980  -1.965  -1.498   6.702  -3.115 0.1874
196      -0.681   4.527   0.479  -1.421   5.558   1.202  -2.133   4.973   2.416  -2.546   6.312   0.173  -1.902   7.493  -0.490 0.1453
560       0.381   5.628   0.204  -0.497   6.776   0.413   0.298   8.076   0.446  -1.377   6.594   1.856  -2.669   5.887   1.568 0.1275
340       2.397   4.407  -1.606   1.983   5.225  -2.743   3.150   6.045  -3.282   0.703   6.252  -2.301  -0.603   5.561  -2.554 0.1455
430      -0.583   4.592  -0.913  -1.405   5.771  -0.655  -2.844   5.379  -0.341  -1.365   6.826  -1.988  -0.236   7.799  -1.822 0.1399
532       0.654   5.772  -0.324  -0.068   7.038  -0.408   0.825   8.145  -0.957  -0.672   7.479   1.119  -2.049   6.912   1.295 0.1291
448       1.625   4.864   1.462   1.441   5.555   2.735   1.523   7.067   2.555   2.603   5.039   3.864   2.069   3.866   4.630 0.1462
444       1.171   4.848   1.325   0.646   5.591   2.467   1.366   6.925   2.632   0.789   4.672   3.890  -0.453   3.852   4.082 0.1379
39        2.351   2.949   2.489   3.461   2.938   3.438   3.686   1.540   4.003   3.174   4.038   4.701   3.737   5.379   4.334 0.2813
546       2.683   4.421  -1.495   2.509   5.293  -2.653   3.679   6.260  -2.793   1.050   6.158  -2.530  -0.051   5.375  -3.180 0.1344
105      -0.523   4.536   0.053  -1.318   5.662   0.536  -1.473   5.614   2.052  -2.847   5.671  -0.207  -2.787   6.485  -1.465 0.2105
91       -0.044   3.915   1.645  -0.356   4.544   2.925   0.474   3.937   4.051  -2.013   4.389   3.274  -2.753   5.569   2.719 0.1995
475       3.247   2.159   2.187   3.673   2.593   3.515   4.976   1.914   3.922   2.462   2.266   4.662   1.543   3.447   4.769 0.1346
42       -3.254   1.780  -0.451  -4.221   1.394  -1.475  -5.242   2.500  -1.710  -5.011  -0.045  -1.034  -4.246  -1.220  -1.569 0.3052
74        1.220   3.529  -2.841   0.913   4.466  -3.917   0.225   5.715  -3.378  -0.066   3.722  -5.091   0.802   3.086  -6.136 0.2340
154       2.634   2.599  -2.371   3.854   2.505  -3.167   3.900   3.594  -4.233   3.970   0.972  -3.895   4.709   0.040  -2.981 0.1611
155      -0.564   4.594  -0.636  -1.352   5.737  -0.185  -2.823   5.568  -0.547  -0.748   7.177  -0.858   0.288   7.760   0.056 0.1699
198       2.277   2.654   2.570   1.971   3.391   3.793   2.765   2.846   4.975   0.306   3.323   4.127  -0.384   4.481   3.470 0.1599
42        1.018   5.403   0.962   0.395   6.422   1.802   1.082   6.509   3.160  -1.260   6.093   2.006  -2.042   6.768   0.918 0.2461
76       -2.091   1.387  -2.976  -2.355   0.862  -4.313  -3.576   1.530  -4.934  -2.577  -0.822  -4.255  -1.257  -1.508  -4.442 0.1804
50        1.177   4.644  -1.431   0.199   5.504  -2.091   0.468   6.974  -1.789  -1.377   5.089  -1.609  -1.928   4.051  -2.542 0.2660
180       1.058   4.845   1.262   0.432   5.634   2.320   1.369   6.730   2.815  -0.028   4.632   3.614  -1.430   4.146   3.395 0.1825
376      -0.560   4.261   0.880  -1.138   5.014   1.989  -2.250   4.224   2.669  -1.736   6.510   1.443  -0.656   7.545   1.540 0.1462
40       -2.201   1.868  -3.019  -2.535   1.766  -4.436  -3.683   2.701  -4.798  -2.939   0.164  -4.837  -1.703  -0.573  -5.259 0.2465
27        4.125   1.771   0.000   5.483   1.432  -0.414   5.727  -0.070  -0.321   6.620   2.267   0.536   6.943   3.581  -0.111 0.3581
383       0.366   5.649  -0.183  -0.535   6.798  -0.216   0.219   8.095   0.053  -1.785   6.604   0.919  -2.944   5.905   0.273 0.1488
209      -0.413   4.534  -1.438  -1.216   5.750  -1.520  -2.598   5.538  -0.912  -1.362   6.257  -3.137  -0.237   7.191  -3.471 0.1638
113       2.630   2.639   2.371   2.365   3.423   3.574   3.602   4.203   4.004   1.844   2.413   4.838   0.349   2.298   4.802 0.1945
126       2.677   4.039  -1.700   2.672   4.568  -3.061   3.014   6.054  -3.074   1.159   4.311  -3.792   1.163   2.988  -4.499 0.1867
213       1.575   5.348  -1.539   1.087   6.575  -2.161   2.238   7.514  -2.502  -0.021   7.359  -1.137  -1.408   6.870  -1.433 0.1527
478       3.148   2.180   2.297   3.568   2.627   3.622   5.035   2.299   3.872   2.598   1.915   4.824   1.416   2.795   5.099 0.1279
306       2.023   5.104   0.974   1.934   6.076   2.059   1.493   7.440   1.539   3.429   6.213   2.858   3.484   5.227   3.987 0.1493
42        4.525   1.469   0.767   5.928   1.244   1.100   6.816   1.405  -0.128   6.139  -0.303   1.773   5.984  -0.225   3.263 0.2268
47        1.472   4.043  -1.997   0.677   4.779  -2.976   1.507   5.863  -3.654  -0.688   5.469  -2.233  -1.833   4.502  -2.297 0.2595
197       3.769   3.733  -1.181   4.583   4.037  -2.354   5.158   5.446  -2.274   3.664   3.863  -3.774   3.785   2.455  -4.278 0.1766
432       2.135   4.582   1.263   2.148   5.142   2.611   3.113   6.318   2.707   2.569   3.948   3.746   1.328   3.264   4.236 0.1473
174       2.374   4.505  -1.332   1.962   5.458  -2.358   2.683   6.791  -2.192   0.279   5.696  -2.306  -0.394   4.706  -3.210 0.1685
51        0.904   5.555  -1.537   0.250   6.640  -2.262   0.551   7.989  -1.620  -1.430   6.385  -2.324  -1.771   5.599  -3.554 0.2216
14        2.755   2.152   2.341   4.004   1.909   3.056   3.740   1.515   4.505   4.998   3.288   3.000   5.885   3.216   1.792 0.3145
235       0.585   5.739  -0.692  -0.141   6.956  -1.045   0.742   8.188  -0.882  -1.540   7.110  -0.091  -2.691   6.439  -0.780 0.1533
84        1.841   2.773   2.597   1.217   3.552   3.663   1.742   3.132   5.030  -0.474   3.383   3.609  -1.056   4.451   2.732 0.1736
438       3.199   3.971  -1.773   3.458   4.487  -3.114   4.490   5.608  -3.081   2.017   5.041  -3.826   1.367   3.918  -4.579 0.1394
28        0.615   3.929   1.714  -0.284   5.079   1.699  -0.233   5.833   3.023  -1.877   4.584   1.372  -2.113   4.607  -0.109 0.3252
237       3.810   1.828   1.276   4.699   1.983   2.423   5.787   0.915   2.423   3.815   1.913   3.874   3.374   3.294   4.257 0.1366
139       2.195   4.502   1.643   2.367   4.806   3.061   1.401   5.896   3.510   3.969   5.282   3.375   4.791   4.075   3.719 0.1638
646       1.613   5.255   0.895   1.327   6.320   1.853   2.137   7.573   1.538   1.654   5.798   3.437   0.419   5.183   4.026 0.1312
15       -3.024   1.656  -1.244  -3.842   1.253  -2.385  -5.326   1.314  -2.045  -3.423  -0.315  -2.890  -2.340  -0.235  -3.924 0.3511
76        4.412   1.131   0.556   5.775   0.764   0.182   5.793  -0.529  -0.624   6.747   0.602   1.567   7.383   1.922   1.889 0.2135
350       1.397   5.276   0.430   0.830   6.416   1.143   1.772   7.613   1.102   0.489   5.998   2.755  -0.913   5.472   2.850 0.1469
729       1.110   5.614   0.154   0.521   6.893   0.540   1.328   8.059  -0.019   0.420   7.013   2.233  -0.900   6.471   2.695 0.1347
387      -0.724   4.530  -0.734  -1.620   5.659  -0.503  -2.756   5.274   0.437  -2.249   6.230  -1.975  -1.345   7.292  -2.527 0.1437
499       1.464   5.214   1.275   1.143   6.208   2.295   1.401   7.621   1.786   2.046   5.923   3.707   1.280   5.007   4.614 0.1528
561       0.921   5.122   1.347   0.334   6.008   2.348   0.749   7.456   2.112   0.788   5.520   3.912  -0.221   4.546   4.444 0.1292
91       -0.139   4.866   1.097  -1.244   5.575   1.737  -0.766   6.874   2.375  -1.983   4.588   2.908  -3.092   3.803   2.272 0.2345
357       2.693   4.468   1.298   3.297   4.838   2.575   3.489   6.347   2.674   4.788   4.046   2.777   4.568   2.733   3.467 0.1337
93        0.688   3.957   2.092   0.795   4.623   3.386   1.572   3.770   4.381  -0.751   4.974   4.002  -1.176   6.336   3.538 0.2159
357      -0.240   4.555   0.701  -0.692   5.554   1.666  -1.644   4.941   2.686  -1.449   6.850   0.867  -0.427   7.896   0.533 0.1579
314       0.757   5.740   0.329   0.054   6.993   0.592   0.240   7.977  -0.557   0.598   7.684   2.046  -0.242   7.183   3.183 0.1583
37       -2.907   1.785  -1.777  -3.628   1.479  -3.010  -4.707   2.518  -3.287  -4.319  -0.072  -2.923  -3.347  -1.083  -3.452 0.2305
361       2.756   2.424  -2.332   3.923   2.337  -3.204   3.515   2.361  -4.672   4.810   0.925  -2.869   5.840   1.219  -1.819 0.1416
135       0.679   5.218   1.167  -0.075   6.178   1.969   0.829   7.288   2.491  -0.843   5.392   3.267  -2.210   4.945   2.842 0.1692
151       1.958   4.865   1.548   2.016   5.360   2.920   0.750   6.127   3.281   3.380   6.352   3.135   4.543   5.515   3.578 0.1542
163       4.394   2.797  -0.896   5.549   2.506  -1.740   6.547   3.658  -1.722   5.054   2.189  -3.335   4.793   0.720  -3.495 0.1779
316       3.340   3.990  -1.652   3.774   4.502  -2.948   4.520   5.823  -2.794   2.441   4.702  -3.984   2.218   3.438  -4.761 0.1513
55        1.958   3.423  -2.407   3.046   3.501  -3.377   3.372   4.950  -3.721   2.644   2.643  -4.789   3.104   1.222  -4.658 0.2163
218       0.204   4.177   1.648   0.185   4.827   2.955  -0.812   4.152   3.890  -0.195   6.477   2.792   1.069   7.266   2.618 0.1567
200       1.132   4.523   1.661   0.698   5.144   2.909   0.766   6.664   2.819   1.648   4.594   4.208   1.017   3.372   4.806 0.1697
283       3.658   1.763  -1.811   4.433   1.887  -3.042   3.520   2.017  -4.255   5.466   0.549  -3.230   6.786   0.841  -2.581 0.1443
54        4.880   2.702   1.432   6.163   2.385   2.053   7.133   3.555   1.940   6.839   0.996   1.343   6.380  -0.221   2.089 0.1933
207       2.189   5.073  -0.067   1.728   6.402   0.325   1.934   7.409  -0.800   2.538   6.921   1.727   1.764   6.492   2.939 0.1943
78        3.126   3.167  -1.765   3.661   3.228  -3.122   3.630   4.654  -3.661   2.785   2.197  -4.152   3.419   0.838  -4.156 0.2276
483       0.547   5.744   0.343  -0.204   6.973   0.587   0.358   8.131  -0.228  -0.184   7.360   2.243  -1.359   6.720   2.920 0.1449
163       2.118   4.794  -1.082   1.465   5.954  -1.681   2.385   6.646  -2.681   0.984   7.052  -0.475  -0.410   6.724  -0.028 0.1749
184       1.799   4.973  -0.572   1.062   6.234  -0.581   2.012   7.424  -0.640   0.066   6.349   0.792  -1.281   5.767   0.482 0.1801
540       3.150   4.222  -1.397   3.400   4.956  -2.634   4.643   5.830  -2.511   2.054   5.911  -3.040   1.124   5.120  -3.911 0.1380
115       2.254   4.815   1.055   2.461   5.488   2.334   3.928   5.443   2.747   1.494   4.781   3.540   0.168   5.480   3.591 0.2472
44        2.486   4.516   1.542   2.071   5.454   2.581   0.553   5.578   2.634   2.772   6.981   2.316   4.090   7.056   3.027 0.3227
69       -0.152   5.323  -0.832  -1.121   6.291  -1.337  -1.238   7.490  -0.404  -2.642   5.558  -1.539  -2.747   4.998  -2.926 0.2234
57        3.497   2.005  -1.737   4.928   1.854  -1.989   5.209   0.613  -2.828   5.783   1.772  -0.522   6.186   3.154  -0.100 0.1775
221       1.042   5.227   1.256   0.477   6.143   2.243   0.095   7.473   1.603   1.578   6.402   3.512   1.348   5.385   4.590 0.1761
269       1.835   5.089   1.117   1.596   5.941   2.278   0.599   7.046   1.951   3.056   6.617   2.828   3.675   5.708   3.848 0.1609
120       1.284   4.349   1.659   0.842   4.809   2.973   1.718   5.949   3.479   0.857   3.524   4.087  -0.477   2.839   4.077 0.2216
117       4.921   2.474  -0.020   6.293   2.026  -0.239   7.232   3.210  -0.441   6.370   0.986  -1.582   6.171  -0.430  -1.129 0.1844
303       3.840   1.599  -1.572   4.778   1.588  -2.691   4.537   2.771  -3.621   4.651   0.130  -3.557   5.603  -0.877  -2.984 0.1503
111       2.002   2.654  -2.736   1.557   3.362  -3.932   0.046   3.260  -4.100   2.340   2.748  -5.311   3.608   3.513  -5.549 0.2058
363       2.661   2.288  -2.566   3.601   2.219  -3.680   3.003   2.830  -4.942   4.058   0.608  -3.972   5.275   0.278  -3.160 0.1539
171       0.026   5.486  -0.138  -0.993   6.530  -0.209  -0.521   7.805   0.479  -2.444   5.991   0.493  -3.295   5.339  -0.556 0.1688
44       -1.982   1.272  -3.058  -2.107   0.631  -4.364  -3.531   0.740  -4.895  -1.641  -1.001  -4.271  -0.173  -1.120  -4.553 0.2124
89        0.250   3.612   2.190   0.055   4.142   3.536   1.367   4.164   4.312  -1.103   3.222   4.375  -2.466   3.803   4.144 0.1903
30        0.193   4.009  -1.781   0.204   4.596  -3.118  -0.963   5.558  -3.305   0.150   3.377  -4.302   1.547   2.970  -4.665 0.3028
97        1.265   4.120   1.533   0.881   4.848   2.739   2.106   5.238   3.557  -0.178   3.913   3.684  -1.594   4.198   3.279 0.2099
179       2.190   4.536  -1.435   1.588   5.475  -2.377   2.456   6.717  -2.545   0.030   5.919  -1.859  -0.978   4.971  -2.438 0.1679
127      -0.169   4.784   0.106  -0.647   6.009   0.742  -1.424   5.698   2.016  -1.621   6.894  -0.334  -0.766   7.847  -1.114 0.1951
345       3.003   2.360  -2.056   4.332   2.244  -2.648   4.386   2.920  -4.013   4.778   0.609  -2.789   5.493   0.177  -1.544 0.1528
62        1.286   3.464  -2.574   0.822   4.491  -3.502  -0.439   5.171  -2.982   0.532   3.818  -5.036   1.782   3.893  -5.860 0.2174
100       3.380   3.056  -2.093   3.922   3.040  -3.449   5.181   3.894  -3.547   2.758   3.587  -4.560   1.957   2.421  -5.060 0.1887
278      -0.023   5.242   0.678  -1.072   6.157   1.119  -0.534   7.574   1.277  -1.748   5.622   2.584  -2.908   4.715   2.299 0.1584
414       3.628   2.086   2.058   4.341   2.468   3.274   5.777   1.958   3.251   3.533   1.875   4.647   2.541   2.894   5.123 0.1431
268       1.901   5.133   0.088   1.447   6.394   0.667   2.082   7.584  -0.044   1.805   6.448   2.328   0.653   5.884   3.106 0.1602
204       3.168   1.977  -2.227   3.549   2.316  -3.595   2.740   3.500  -4.113   3.340   0.975  -4.619   4.606   0.173  -4.657 0.1611
101       0.252   4.229  -1.229  -0.537   5.430  -0.972  -1.785   5.103  -0.160  -0.974   6.177  -2.436   0.080   7.171  -2.824 0.2070
73        1.250   3.443   2.342   1.872   3.628   3.650   2.269   2.290   4.263   0.820   4.459   4.695   1.057   5.935   4.574 0.1702
223       0.697   5.029   1.501   0.007   5.872   2.474   0.019   7.333   2.040   0.722   5.713   4.008   0.049   4.604   4.761 0.1638
122       3.523   4.017   0.863   4.878   4.057   1.406   5.349   5.494   1.601   5.952   3.225   0.383   6.021   1.785   0.797 0.1970
336       1.273   5.594  -0.973   0.717   6.913  -1.262   1.767   7.826  -1.884   0.096   7.619   0.154  -1.348   7.243   0.308 0.1377
80        1.920   2.714   2.617   1.503   3.464   3.798   1.655   2.627   5.062  -0.107   3.984   3.633  -0.132   5.337   2.987 0.2280
96        5.030   2.422  -0.182   6.423   2.001  -0.303   7.227   2.994  -1.134   6.516   0.451  -0.996   6.485  -0.584   0.089 0.2259
235       0.435   4.736   1.609  -0.384   5.363   2.642  -0.046   6.843   2.787  -0.174   4.569   4.130  -1.182   3.465   4.255 0.1538
68        0.429   3.927   1.784   0.519   4.414   3.157  -0.750   4.094   3.938   0.807   6.090   3.174   2.285   6.344   3.177 0.2332
95        4.586   1.430  -0.326   5.956   1.308  -0.815   6.032   1.587  -2.311   6.570  -0.241  -0.478   7.240  -0.232   0.864 0.1970
116       1.022   3.588   2.312   1.289   4.048   3.672   2.608   3.488   4.191   0.018   3.604   4.710  -1.011   4.695   4.736 0.2441
55        4.332   3.415   1.733   4.944   3.863   2.980   5.919   5.008   2.732   5.742   2.573   3.747   4.790   1.877   4.674 0.2709
388       2.638   4.490   1.111   3.077   5.018   2.399   4.031   6.193   2.214   3.826   3.798   3.317   2.796   3.102   4.157 0.1378
62        2.111   2.723   2.409   1.540   3.304   3.621   2.625   3.913   4.502   0.674   2.128   4.492  -0.755   2.122   4.037 0.2735
404       0.431   5.135   1.079  -0.386   6.135   1.762   0.074   7.547   1.417  -0.331   5.898   3.444  -1.439   4.974   3.855 0.1348
160      -0.415   3.986   1.376  -0.791   4.390   2.728  -1.872   3.477   3.293  -1.326   6.004   2.737  -0.161   6.916   2.982 0.1651
88       -0.531   4.578  -0.251  -1.405   5.714   0.028  -1.208   6.222   1.451  -3.032   5.286  -0.219  -3.414   5.572  -1.641 0.2368
271      -0.467   4.200   1.244  -0.959   4.935   2.406  -1.470   3.982   3.482  -2.192   6.012   1.949  -1.589   7.338   1.591 0.1417
454       1.962   5.132   1.145   1.912   6.121   2.218   2.008   7.538   1.663   3.163   5.847   3.336   2.678   4.921   4.412 0.1586
146       1.676   4.900  -1.709   1.069   5.977  -2.486   1.977   7.201  -2.530  -0.445   6.397  -1.837  -1.514   5.569  -2.485 0.1824
95        4.554   2.093  -0.930   5.778   1.559  -1.521   6.545   2.643  -2.269   5.416   0.271  -2.571   5.437  -1.018  -1.805 0.2341
361       1.930   4.830   0.915   1.672   5.724   2.039   2.785   6.755   2.188   1.504   4.835   3.479   0.064   4.466   3.674 0.1573
482       2.224   4.635   1.382   2.437   5.164   2.726   2.579   6.681   2.703   3.815   4.459   3.429   3.418   3.220   4.175 0.1286
522       0.936   5.756  -0.271   0.319   7.080  -0.277   1.065   8.029  -1.207   0.274   7.721   1.297  -1.009   7.323   1.963 0.1468
220       2.888   2.427   2.345   2.952   3.071   3.653   4.060   2.467   4.509   1.459   2.937   4.454   0.601   4.119   4.114 0.1526
62        2.084   2.970  -2.879   2.139   3.507  -4.236   1.979   5.023  -4.234   0.936   2.796  -5.205   1.486   1.565  -5.862 0.2444
84        2.790   2.183   2.565   3.832   2.055   3.579   5.202   2.398   3.005   3.846   0.480   4.220   2.934   0.416   5.408 0.2216
14        0.433   4.958   1.757   1.700   4.636   2.407   1.727   3.184   2.869   1.969   5.673   3.728   2.720   6.886   3.266 0.3046
73        2.287   4.786   1.260   2.538   5.350   2.583   3.463   4.451   3.396   1.075   5.586   3.415   0.551   6.961   3.126 0.2548
483       2.256   4.484   1.517   2.507   4.844   2.910   3.068   6.257   3.019   3.579   3.735   3.625   2.799   2.614   4.244 0.1465
117       4.095   1.403  -0.921   5.175   1.271  -1.895   6.533   1.218  -1.205   5.134   2.558  -3.005   4.274   2.181  -4.175 0.1890
183       2.405   4.392  -2.465   2.222   5.115  -3.720   3.108   6.355  -3.773   0.592   5.555  -3.920  -0.134   4.464  -4.651 0.1595
317       2.652   4.000  -1.975   2.577   4.527  -3.335   3.605   5.630  -3.555   1.014   5.113  -3.658   0.174   4.010  -4.230 0.1627
48       -1.985   1.722  -3.258  -2.092   1.421  -4.682  -2.014   2.693  -5.519  -3.544   0.597  -5.007  -3.315  -0.881  -4.896 0.2918
177       0.659   3.740   2.052   0.975   3.946   3.463   0.793   2.660   4.260   0.003   5.179   4.115   0.694   6.500   3.953 0.1670
296       1.390   4.472   1.747   1.063   4.902   3.103   1.626   6.289   3.391   1.658   3.785   4.239   0.614   2.743   4.509 0.1629
15       -3.268   2.469  -0.561  -4.178   2.486  -1.702  -4.452   3.912  -2.165  -5.639   1.710  -1.308  -5.536   0.252  -1.641 0.4316
39        3.142   2.698   2.103   3.233   3.486   3.328   4.401   4.463   3.268   3.395   2.467   4.679   2.036   2.124   5.213 0.2380
282       2.611   4.783   1.052   3.041   5.538   2.225   2.924   7.038   1.986   4.641   5.136   2.636   4.636   3.986   3.599 0.1555
38        1.194   4.142  -1.449   0.580   5.290  -2.110   0.211   6.371  -1.102  -0.800   4.806  -2.978  -0.406   4.438  -4.378 0.3206
72        2.750   2.522   2.409   2.910   3.137   3.724   3.054   2.078   4.811   1.589   4.151   4.069   1.884   5.539   3.583 0.2353
51       -0.586   4.267   0.917  -1.177   4.930   2.076  -2.695   4.789   2.075  -0.745   6.574   2.103   0.527   6.744   2.880 0.3129
132      -0.370   4.225   1.116  -0.807   4.959   2.300  -2.149   4.440   2.803  -0.915   6.622   1.961   0.399   7.279   2.260 0.1636
207      -0.806   4.331   0.083  -1.686   5.260   0.788  -2.478   4.545   1.877  -2.746   6.018  -0.303  -2.119   7.281  -0.814 0.1602
59        1.548   4.923   0.038   0.749   6.043   0.527   1.639   7.184   1.007  -0.278   5.536   1.784  -1.588   5.087   1.209 0.2221
44        1.790   5.102   1.022   1.695   5.969   2.192   1.997   5.199   3.473   0.150   6.673   2.285   0.149   7.976   1.543 0.2435
87        3.353   2.218   1.975   3.799   2.730   3.268   5.312   2.914   3.293   3.318   1.682   4.518   1.968   2.094   5.024 0.1928
75       -0.500   3.965   1.403  -1.196   4.713   2.447  -0.325   4.862   3.688  -2.660   3.947   2.849  -3.759   4.483   1.982 0.2246
218       0.317   4.070   1.643   0.329   4.673   2.973   0.050   3.632   4.051  -0.813   5.929   3.065  -0.166   7.223   2.669 0.1424
248       3.697   3.246  -2.002   4.328   3.257  -3.318   5.194   4.499  -3.502   3.151   3.181  -4.542   2.877   1.747  -4.885 0.1710
50        1.847   3.649  -1.969   1.538   4.211  -3.280   1.106   5.668  -3.165   0.323   3.301  -4.045   0.953   2.211  -4.860 0.2328
93        1.183   3.969   1.565   0.923   4.657   2.826   2.130   4.578   3.754  -0.444   3.997   3.591  -1.672   4.733   3.144 0.1944
21        4.714   3.192   1.367   5.437   3.475   2.603   6.283   2.281   3.030   4.351   3.892   3.843   4.136   5.377   3.841 0.3578
208       2.114   5.224  -0.668   1.738   6.635  -0.679   2.706   7.454  -1.526   1.688   7.248   0.906   0.308   7.070   1.467 0.1729
64        0.860   5.394   0.694   0.135   6.506   1.302   1.044   7.321   2.215  -1.206   5.932   2.177  -2.404   5.878   1.276 0.2056
43        1.635   3.558   2.228   0.952   4.736   2.756   1.951   5.808   3.174  -0.032   4.309   4.075  -1.404   3.956   3.582 0.2337
251       1.324   5.495   1.103   0.909   6.637   1.911   0.800   7.899   1.063   2.000   6.887   3.191   1.552   6.105   4.390 0.1669
132       0.431   5.699  -0.398  -0.396   6.883  -0.611   0.174   8.091   0.122  -1.992   6.591  -0.102  -2.791   6.047  -1.248 0.1717
66        0.541   4.339  -1.296  -0.046   5.676  -1.282  -0.431   6.091   0.133  -1.408   5.737  -2.298  -0.982   6.134  -3.680 0.2061
58        1.401   3.718   2.315   2.138   4.027   3.537   1.759   3.071   4.663   1.850   5.633   4.014   2.872   6.532   3.385 0.2638
104      -0.350   4.046   1.191  -0.950   4.827   2.269  -0.629   4.221   3.630  -2.634   4.931   2.060  -2.963   6.144   1.242 0.2153
289       0.022   5.425   0.280  -0.996   6.453   0.470  -0.364   7.791   0.838  -2.099   5.980   1.674  -3.234   5.227   1.045 0.1520
295       2.910   4.380   1.186   3.694   4.727   2.367   4.263   6.136   2.254   4.953   3.606   2.593   4.472   2.483   3.463 0.1302
240       0.009   4.628   0.508  -0.327   5.624   1.522  -1.622   5.261   2.240  -0.463   7.165   0.817   0.872   7.848   0.847 0.1880
25        3.827   1.617  -1.119   5.177   1.210  -0.741   5.787   0.290  -1.792   5.161   0.436   0.773   5.359   1.454   1.856 0.2438
191       4.556   1.232  -0.379   5.900   1.049  -0.918   5.860   0.321  -2.256   6.869   0.190   0.184   7.562   1.156   1.099 0.1527
46        0.180   5.672   0.117  -0.734   6.804   0.235  -0.927   7.203   1.694  -2.235   6.432  -0.471  -2.219   6.827  -1.917 0.2379
232       1.884   5.100  -0.805   1.279   6.422  -0.935   2.327   7.473  -1.284   0.478   6.852   0.501  -0.948   6.392   0.435 0.1645
50        2.940   2.330  -2.135   4.304   1.964  -2.508   4.894   2.972  -3.488   4.336   0.405  -3.185   4.553  -0.607  -2.100 0.1715
101       1.989   3.182  -2.490   2.971   3.340  -3.559   2.324   3.902  -4.820   3.719   1.852  -3.901   4.941   1.698  -3.046 0.2114
191       0.050   4.931   1.253  -0.957   5.653   2.026  -0.543   7.103   2.248  -1.219   4.885   3.521  -2.315   3.872   3.377 0.1717
126       2.397   2.420   2.640   2.408   2.973   3.992   3.772   2.793   4.648   1.203   2.240   4.941  -0.071   3.023   4.825 0.1584
50        5.093   2.150   0.821   6.392   1.665   1.279   7.529   2.384   0.564   6.518  -0.013   1.037   6.021  -0.733   2.255 0.2487
72        1.403   4.710   1.313   1.077   5.568   2.449   2.286   5.756   3.359  -0.222   4.916   3.332  -1.513   5.451   2.788 0.2322
133       3.274   3.958   1.205   4.380   3.983   2.158   4.961   5.386   2.287   5.594   2.890   1.686   5.328   1.550   2.305 0.1701
216       0.463   5.403   0.724  -0.378   6.498   1.197  -0.294   7.698   0.261   0.070   6.953   2.772  -0.720   6.156   3.767 0.1716
416       1.139   5.593   0.771   0.645   6.801   1.424   0.980   8.044   0.607   1.297   6.938   2.989   0.392   6.254   3.970 0.1499
176      -0.609   4.256   0.880  -1.307   5.133   1.816  -1.627   4.405   3.116  -2.735   5.732   1.115  -2.442   7.020   0.405 0.1678
56        1.609   3.610   2.165   2.014   4.063   3.493   3.497   3.804   3.732   1.087   3.291   4.691  -0.135   4.111   4.982 0.2175
157       0.737   3.771   2.021   1.088   4.043   3.411   0.476   3.006   4.346   0.579   5.603   3.857   1.675   6.587   3.575 0.1523
313      -0.375   4.674  -0.660  -1.078   5.891  -0.263  -2.393   5.563   0.434  -1.367   6.878  -1.618  -0.215   7.819  -1.805 0.1409
28        0.199   4.276  -1.557  -0.538   5.521  -1.755  -0.262   6.109  -3.134  -0.131   6.649  -0.549  -1.062   6.493   0.616 0.3230
227       2.877   4.461   1.199   3.663   4.814   2.377   3.509   6.292   2.717   5.303   4.441   2.129   5.572   3.040   2.592 0.1704
223       3.006   1.915  -2.239   3.261   2.202  -3.648   1.972   2.565  -4.376   3.999   0.868  -4.400   5.490   0.994  -4.291 0.1449
103       0.488   4.313  -1.676  -0.125   5.630  -1.824  -1.350   5.769  -0.928  -0.553   5.907  -3.446   0.592   6.558  -4.161 0.2084
289       2.943   4.455  -1.034   3.056   5.411  -2.131   4.065   6.506  -1.803   1.541   6.099  -2.478   0.840   5.270  -3.512 0.1382
149       1.078   5.504   1.022   0.508   6.567   1.844  -0.185   7.616   0.981   1.715   7.298   2.792   1.819   6.583   4.106 0.1636
188      -0.815   4.472   0.001  -1.649   5.348   0.820  -2.931   4.643   1.247  -2.022   6.774  -0.027  -0.973   7.810   0.252 0.1681
35        3.693   2.020   1.231   4.316   2.251   2.531   5.610   3.043   2.387   4.620   0.773   3.314   3.434   0.396   4.151 0.2447
510       2.557   4.463  -1.461   2.293   5.356  -2.586   3.591   5.796  -3.253   1.413   6.716  -2.071  -0.056   6.433  -2.184 0.1430
103       0.172   4.762   1.146  -0.763   5.571   1.922  -0.650   7.046   1.553  -0.487   5.363   3.587  -1.327   4.230   4.095 0.1796
73        4.557   1.090   0.496   5.969   0.722   0.471   6.307  -0.078  -0.782   6.374  -0.172   1.860   6.821   0.764   2.944 0.1861
74        1.312   5.020   1.879   1.222   5.422   3.280  -0.221   5.711   3.677   2.190   6.789   3.568   3.567   6.351   3.969 0.2204
42        2.751   4.401  -1.090   2.683   5.263  -2.267   2.306   6.689  -1.880   1.564   4.648  -3.389   2.265   3.718  -4.335 0.2234
111       0.315   3.866   1.846   0.414   4.186   3.268  -0.573   3.360   4.085   0.139   5.844   3.523   1.441   6.584   3.451 0.1414
209       2.842   2.441   2.270   2.808   3.104   3.570   4.196   3.151   4.198   1.723   2.313   4.612   0.359   2.920   4.468 0.1489
283       2.021   5.171  -0.203   1.599   6.521   0.158   2.611   7.558  -0.316   1.381   6.645   1.840  -0.037   6.303   2.187 0.1628
120       2.150   4.902  -0.908   1.515   6.143  -1.343   2.136   6.652  -2.638   1.638   7.329  -0.131   0.444   7.246   0.773 0.1818
363       1.975   4.848   1.317   1.988   5.522   2.612   1.699   7.011   2.460   3.486   5.294   3.384   3.429   4.057   4.230 0.1417
78        2.688   3.798   1.862   3.265   3.681   3.198   3.857   5.008   3.658   4.458   2.470   3.225   3.828   1.156   3.578 0.2091
223       2.454   4.775  -1.032   2.051   6.040  -1.641   3.245   6.971  -1.813   0.852   6.795  -0.701  -0.502   6.348  -1.164 0.1557
129       2.275   2.560  -2.613   1.953   3.224  -3.873   0.625   2.728  -4.432   3.194   2.973  -5.009   4.206   4.073  -4.895 0.1989
132       2.774   4.399   1.093   3.267   4.913   2.368   4.606   5.622   2.193   3.419   3.651   3.497   2.135   3.505   4.259 0.1954
101       3.038   2.090   2.378   4.206   1.920   3.238   5.133   0.838   2.698   3.725   1.539   4.823   3.552   2.803   5.611 0.1884
38        1.929   2.800   2.631   1.700   3.498   3.893   1.320   2.521   4.999   0.486   4.673   3.710   1.108   5.978   3.310 0.2329
103       0.503   5.663   0.582  -0.356   6.755   1.034  -0.754   7.656  -0.129   0.427   7.666   2.237   0.105   7.095   3.586 0.1749
83        2.484   3.187  -2.183   3.691   3.443  -2.964   3.565   4.736  -3.762   4.009   2.141  -4.009   4.887   1.144  -3.313 0.1989
133       3.021   2.104  -2.295   3.302   2.492  -3.674   2.071   2.317  -4.556   4.597   1.582  -4.295   5.887   2.296  -4.020 0.1657
34        0.715   5.611  -1.519  -0.016   6.660  -2.225  -0.768   7.557  -1.249  -1.099   5.977  -3.344  -0.413   5.813  -4.668 0.3581
79        1.930   3.484  -2.071   1.814   4.131  -3.375   0.795   5.264  -3.337   1.379   2.996  -4.564   2.618   2.405  -5.168 0.2137
91        2.171   4.803  -0.566   1.524   6.106  -0.687   2.497   7.234  -0.366   0.171   6.194   0.338  -1.047   5.721  -0.399 0.1882
63       -0.476   5.072   0.253  -1.671   5.910   0.285  -1.544   7.007   1.335  -3.051   4.965   0.594  -3.635   4.494  -0.705 0.2516
44        1.099   3.502  -2.352   1.671   3.802  -3.661   1.321   5.219  -4.101   1.127   2.681  -4.818   2.074   1.519  -4.871 0.2342
196      -0.365   4.004   1.425  -0.741   4.500   2.746  -1.317   3.383   3.608  -1.865   5.767   2.606  -1.136   7.075   2.520 0.1449
45       -1.275   1.089  -3.679  -1.143   0.485  -5.002  -2.171   1.056  -5.971  -1.311  -1.204  -4.901   0.034  -1.829  -4.680 0.2309
42        4.079   1.749   0.708   5.114   1.817   1.735   6.486   2.056   1.116   5.131   0.388   2.656   4.210   0.540   3.830 0.2520
189       2.782   4.407   1.278   3.424   4.681   2.560   2.703   5.798   3.307   5.057   5.093   2.330   5.897   3.851   2.380 0.1635
111      -0.971   4.505  -0.355  -1.937   5.581  -0.149  -2.768   5.340   1.106  -2.954   5.732  -1.503  -2.352   6.702  -2.475 0.1803
209       3.087   3.768  -2.062   3.258   4.081  -3.478   4.044   5.373  -3.664   1.745   4.202  -4.245   1.344   2.858  -4.775 0.1653
78        4.049   3.273  -1.174   5.129   3.344  -2.154   5.229   4.739  -2.761   4.893   2.190  -3.380   5.568   0.907  -2.996 0.2262
118       0.281   4.387   0.990  -0.031   5.393   2.001   0.225   4.858   3.405  -1.647   5.900   1.856  -1.721   7.073   0.925 0.2043
71       -2.195   1.656  -3.002  -2.486   1.212  -4.363  -3.276   2.267  -5.127  -3.344  -0.255  -4.337  -2.377  -1.401  -4.363 0.2025
29       -0.601   0.592  -3.869  -0.341  -0.259  -5.026  -0.142   0.574  -6.287  -1.617  -1.361  -5.250  -1.331  -2.619  -4.486 0.2999
148      -0.191   4.709  -1.038  -0.824   6.000  -0.783  -2.343   5.885  -0.832  -0.289   7.155  -1.910   0.928   7.849  -1.375 0.1975
29       -0.358   4.270   0.912  -0.820   5.078   2.037  -1.620   6.282   1.556   0.499   5.593   2.978   0.773   4.580   4.051 0.2760
194       1.492   5.072  -0.105   0.781   6.298   0.248   1.536   7.530  -0.238   0.547   6.384   1.930  -0.759   5.737   2.287 0.1687
14        2.661   2.148   2.556   3.666   1.956   3.598   3.192   2.527   4.929   5.136   2.679   3.144   5.976   1.682   2.403 0.3896
148       2.206   2.994  -2.404   3.324   2.999  -3.344   3.062   3.952  -4.504   3.613   1.430  -3.932   4.599   0.736  -3.041 0.1747
132       2.991   2.318   2.268   3.217   2.865   3.603   4.040   1.907   4.457   1.735   3.199   4.366   1.319   4.607   4.055 0.1795
40        2.390   4.984   0.406   2.106   6.179   1.196   2.920   6.191   2.485   0.446   6.273   1.554  -0.255   7.040   0.473 0.2824
10       -1.377   2.314  -2.246  -2.073   2.158  -3.520  -2.165   0.691  -3.919  -1.287   3.047  -4.738  -1.862   4.431  -4.798 0.4351
76        0.477   4.063  -2.159  -0.143   5.268  -2.703  -0.902   6.030  -1.623  -1.190   4.871  -3.982  -0.431   4.895  -5.276 0.2057
80        0.903   5.647   0.332   0.209   6.867   0.734  -0.809   6.583   1.832  -0.560   7.581  -0.604   0.379   8.546  -1.264 0.2556
596       1.349   5.219   1.131   0.963   6.186   2.154   1.445   7.587   1.795   1.583   5.727   3.669   0.586   4.855   4.374 0.1320
37       -1.842   0.938  -3.060  -1.960  -0.015  -4.160  -2.636   0.622  -5.368  -2.828  -1.390  -3.663  -1.876  -2.412  -3.118 0.2363
82        2.612   1.932  -2.474   2.544   2.270  -3.893   1.202   2.903  -4.242   2.801   0.885  -4.846   4.265   0.742  -5.135 0.1839
217       0.522   5.821  -0.553  -0.154   7.063  -0.915   0.775   7.986  -1.695  -0.728   7.854   0.477  -2.123   7.392   0.774 0.1408
45        1.985   3.288   2.441   2.917   3.548   3.535   3.735   2.305   3.865   2.079   4.078   4.915   1.972   5.574   4.891 0.2154
26        0.881   3.368  -2.287  -0.231   4.242  -2.650  -1.571   3.558  -2.401  -0.110   4.711  -4.279   0.683   5.980  -4.376 0.3166
64        1.025   3.660  -2.299   0.291   4.805  -2.831  -1.183   4.736  -2.451   0.455   4.882  -4.521   1.652   5.716  -4.870 0.2279
38        1.050   3.763   2.132   1.463   4.294   3.428   0.510   5.384   3.903   3.048   4.902   3.342   4.021   3.812   3.680 0.2620
409       0.981   4.815   1.586   0.427   5.514   2.743   0.817   6.988   2.732   0.952   4.782   4.185  -0.023   3.716   4.588 0.1383
162       1.933   4.755   1.371   1.821   5.397   2.678   1.132   6.752   2.566   3.357   5.580   3.383   3.677   4.368   4.206 0.1586
92        0.681   4.118   1.923   0.929   4.815   3.182   1.076   3.830   4.336  -0.326   5.914   3.510   0.009   7.248   2.912 0.1895
59        4.077   3.592   0.315   5.523   3.509   0.129   6.184   4.863   0.359   5.889   2.938  -1.430   5.988   1.442  -1.405 0.2306
56       -0.735   4.855  -0.959  -1.596   5.969  -0.570  -2.974   5.845  -1.209  -0.882   7.450  -1.003  -0.033   7.946   0.129 0.1952
174       2.909   2.383  -2.215   4.170   2.286  -2.945   3.953   1.716  -4.342   5.279   1.323  -2.088   6.086   2.189  -1.167 0.1533
157       2.132   4.339   1.716   2.345   4.634   3.129   2.387   6.138   3.376   3.784   3.912   3.676   3.488   2.536   4.193 0.1659
29        2.879   2.118   2.400   3.983   1.384   3.014   3.979  -0.077   2.580   3.896   1.490   4.709   4.669   2.687   5.175 0.3098
162       2.246   4.776   1.487   2.499   5.281   2.833   1.466   6.329   3.230   4.064   5.936   2.936   5.029   4.865   3.351 0.1358
95        1.311   5.299   1.127   0.874   6.096   2.269  -0.471   6.758   1.995   2.039   7.275   2.649   3.013   6.715   3.642 0.1975
43        3.593   1.764  -1.680   4.051   1.978  -3.050   5.556   2.217  -3.094   3.232   3.293  -3.751   1.990   2.801  -4.434 0.2214
149       3.044   2.393  -1.992   4.432   2.202  -2.404   4.549   2.131  -3.922   5.070   0.790  -1.703   5.697   1.126  -0.383 0.1713
56       -0.597   4.431  -0.304  -1.407   5.446   0.363  -2.822   5.478  -0.202  -0.684   6.978   0.210   0.240   7.212   1.367 0.2091
139       1.295   5.364  -1.849   0.819   6.435  -2.721   1.815   7.588  -2.768  -0.698   6.995  -2.198  -1.782   6.208  -2.874 0.1703
84        3.237   4.172   0.964   4.394   4.270   1.849   4.399   5.595   2.602   5.835   4.098   0.963   6.222   2.650   0.913 0.2166
388       0.269   5.428   0.791  -0.628   6.470   1.283   0.096   7.805   1.402  -1.284   6.026   2.787  -2.565   5.276   2.572 0.1315
98        1.935   5.094   0.520   1.386   6.256   1.212   0.752   7.232   0.227   2.599   7.039   2.110   2.646   6.463   3.494 0.1841
54       -0.587   5.172  -0.609  -1.570   6.101  -0.057  -2.867   5.382   0.296  -1.881   7.358  -1.158  -0.933   8.492  -0.903 0.2568
49        2.625   4.704   1.071   3.181   5.201   2.326   3.630   4.052   3.221   2.039   6.162   3.140   2.194   7.592   2.714 0.2013
115       0.120   4.569   0.427  -0.250   5.684   1.294  -0.604   5.196   2.694  -1.556   6.545   0.629  -1.036   7.640  -0.254 0.1937
268       2.352   4.824   1.119   2.546   5.541   2.376   1.932   6.935   2.313   4.201   5.649   2.749   4.607   4.462   3.571 0.1455
93        2.567   4.521   2.593   2.840   5.139   3.887   2.788   6.660   3.791   4.356   4.643   4.475   4.190   3.404   5.303 0.1898
101       2.151   2.821  -2.812   2.058   3.541  -4.078   0.705   4.228  -4.222   2.316   2.483  -5.384   3.777   2.447  -5.718 0.2043
54        2.651   3.950  -1.638   2.832   4.566  -2.950   1.896   5.755  -3.132   2.571   3.424  -4.182   3.866   2.748  -4.520 0.2470
36        3.487   1.708  -1.779   4.073   1.871  -3.106   5.108   0.788  -3.386   4.783   3.409  -3.255   3.767   4.380  -3.781 0.2374
48        3.232   2.441  -2.042   4.654   2.203  -2.271   5.361   3.480  -2.710   4.871   0.986  -3.439   4.941  -0.350  -2.762 0.1941
22        3.280   4.270  -0.739   3.510   5.054  -1.948   2.236   5.763  -2.393   4.090   4.059  -3.199   5.589   4.023  -3.155 0.2840
33        2.046   5.093   1.131   2.065   5.952   2.311   1.852   5.141   3.584   0.876   7.161   2.183   1.462   8.370   1.515 0.2976
73        3.519   2.132  -1.573   4.952   1.870  -1.469   5.723   2.593  -2.567   5.256   0.199  -1.546   5.232  -0.378  -0.162 0.2199
229       4.290   1.392  -1.177   5.477   1.253  -2.016   5.096   1.022  -3.474   6.453  -0.023  -1.459   7.440   0.502  -0.460 0.1523
182       0.514   5.335  -0.238  -0.468   6.406  -0.094   0.181   7.773  -0.273  -1.227   6.314   1.424  -2.450   5.452   1.321 0.1558
77        3.249   3.577  -2.348   3.698   3.811  -3.717   3.705   5.300  -4.045   2.707   2.976  -4.818   3.270   1.607  -5.058 0.2189
167       3.051   4.407   1.019   4.036   4.783   2.029   4.298   6.284   2.008   5.489   3.934   1.786   5.453   2.649   2.559 0.1437
36        1.238   3.382  -2.484   0.573   4.391  -3.304  -0.641   3.806  -4.016   1.657   5.042  -4.440   2.344   6.237  -3.847 0.3031
84        2.253   4.014   1.598   2.469   4.397   2.990   3.854   5.005   3.182   2.275   3.053   4.013   0.843   2.960   4.449 0.2010
51        0.850   3.481   2.498   1.010   3.949   3.871   2.460   4.319   4.160   0.482   2.763   4.968  -0.976   2.964   5.260 0.2544
376       0.743   5.754  -0.782   0.070   7.004  -1.124   1.078   8.118  -1.382  -0.998   7.462   0.117  -2.352   6.871  -0.145 0.1425
258       3.928   1.577  -1.377   4.951   1.505  -2.417   4.426   2.049  -3.741   5.485  -0.096  -2.615   6.649  -0.351  -1.704 0.1492
526       2.251   4.963   0.788   2.294   5.963   1.851   2.857   7.283   1.340   3.225   5.399   3.158   2.339   4.671   4.125 0.1468
156       2.722   4.448  -1.120   2.651   5.399  -2.225   3.217   6.755  -1.820   1.045   5.573  -2.756   0.765   4.572  -3.837 0.1709
546       3.029   4.095  -1.637   3.157   4.683  -2.967   4.521   5.339  -3.148   1.923   5.822  -3.234   0.737   5.139  -3.847 0.1421
104       0.169   4.467  -0.124  -0.454   5.707   0.329   0.266   6.270   1.549  -2.096   5.449   0.689  -2.921   5.694  -0.539 0.2542
61        3.021   2.475  -2.005   4.407   2.099  -2.268   4.851   2.568  -3.648   4.600   0.415  -2.134   4.962   0.064  -0.721 0.1992
14        0.353   1.747  -3.393   0.488   1.346  -4.790   1.645   0.371  -4.972   0.712   2.709  -5.781  -0.621   3.217  -6.242 0.3520
66        2.301   2.948  -2.350   3.505   2.791  -3.160   3.255   3.213  -4.603   4.049   1.181  -3.109   5.010   1.014  -1.970 0.1665
72        2.713   2.604  -2.670   2.943   3.200  -3.983   1.977   4.350  -4.242   2.792   2.026  -5.203   4.128   1.392  -5.455 0.2065
345       3.527   1.751  -1.828   4.172   1.886  -3.130   3.173   2.320  -4.196   4.907   0.421  -3.583   6.322   0.397  -3.085 0.1283
35        0.450   1.102  -3.377   0.669   0.690  -4.761   0.225  -0.751  -4.981   2.307   0.866  -5.180   2.534   2.238  -5.742 0.2872
21        4.501   1.301   1.661   5.908   1.131   2.012   6.352  -0.314   1.820   6.182   1.617   3.618   6.537   3.074   3.646 0.2626
185       2.539   4.199   1.480   2.971   4.335   2.868   3.978   5.469   3.020   3.646   2.878   3.426   2.569   2.029   4.033 0.1799
17       -0.225   1.360  -3.012  -0.462   0.850  -4.360  -1.711  -0.022  -4.405   0.885  -0.032  -4.905   1.832   0.889  -5.615 0.3629
462       0.498   5.387   0.623  -0.310   6.522   1.061   0.194   7.824   0.449  -0.303   6.635   2.758  -1.444   5.838   3.316 0.1385
121       4.609   1.861  -1.018   5.872   1.354  -1.548   6.891   2.476  -1.707   5.620   0.579  -3.040   5.341  -0.876  -2.807 0.1886
17        3.807   1.724   1.379   4.720   1.839   2.513   4.043   2.523   3.695   6.118   2.697   2.065   7.153   1.737   1.560 0.3613
12        0.064   0.174   3.885  -0.943   0.428   4.912  -0.463  -0.042   6.280  -2.405  -0.340   4.511  -3.255   0.594   3.701 0.3877
95        1.757   2.691   2.660   1.422   3.405   3.889   2.483   3.183   4.960  -0.100   2.912   4.465  -1.165   3.789   3.877 0.1794
130       1.839   5.058   0.723   1.507   6.085   1.706   2.751   6.848   2.144   0.743   5.389   3.056  -0.740   5.372   2.838 0.1871
216       2.417   2.418  -2.677   3.305   2.344  -3.834   2.523   2.049  -5.109   4.496   1.156  -3.592   5.695   1.776  -2.937 0.1693
46        2.230   3.477   1.943   2.213   4.235   3.191   0.983   3.894   4.023   2.257   5.904   2.871   3.683   6.366   2.820 0.3250
36        0.460   5.618   0.631   1.811   5.813   1.147   2.117   4.827   2.269   2.011   7.407   1.702   2.510   8.268   0.580 0.2444
32        2.848   2.561  -2.362   4.026   2.618  -3.222   4.098   1.401  -4.137   5.440   2.727  -2.284   5.770   4.170  -2.041 0.2438
76        3.805   1.633  -1.503   4.572   1.732  -2.741   3.794   1.152  -3.916   6.065   0.935  -2.579   7.096   1.902  -2.075 0.2209
198       1.764   4.478   1.432   1.587   5.088   2.747   2.621   6.181   2.989   1.690   3.908   3.967   0.324   3.351   4.240 0.1538
46        0.468   4.242   1.507  -0.134   4.734   2.743  -0.192   6.257   2.757   0.735   4.171   4.092   0.161   2.861   4.545 0.2919
58        3.452   3.769   0.724   4.762   3.582   1.343   5.662   4.787   1.098   5.502   2.171   0.749   5.125   1.006   1.616 0.2357
282       1.781   5.356   0.559   1.566   6.592   1.306   2.284   7.764   0.648   2.093   6.413   2.913   0.959   5.915   3.759 0.1491
107       3.874   1.921   1.532   4.831   2.149   2.610   6.245   1.777   2.178   4.392   1.262   3.992   3.492   2.096   4.856 0.1889
25        1.779   3.157  -2.607   2.448   3.409  -3.880   1.711   2.733  -5.030   4.059   2.867  -3.821   4.943   3.980  -3.342 0.2374
87        2.072   4.029  -2.057   1.657   4.555  -3.354   2.214   5.955  -3.582  -0.039   4.577  -3.469  -0.518   3.278  -4.045 0.2109
156       1.449   4.734   1.565   1.093   5.467   2.776   0.830   6.937   2.470   2.323   5.325   3.940   2.058   4.127   4.803 0.1636
672       0.555   5.643   0.215  -0.209   6.869   0.425   0.586   8.093  -0.014  -0.655   7.018   2.059  -1.987   6.364   2.275 0.1300
48       -0.060  -0.110  -3.911   0.363  -1.301  -4.643   1.459  -0.967  -5.648  -0.961  -2.010  -5.440  -1.609  -3.016  -4.535 0.2540
226       3.473   4.050  -1.088   4.086   4.642  -2.274   5.038   5.770  -1.895   2.889   5.221  -3.333   2.504   4.135  -4.294 0.1480
632       1.951   4.871   1.160   1.879   5.712   2.351   2.591   7.041   2.128   2.553   4.907   3.688   1.483   4.128   4.394 0.1263
139       2.761   2.031   2.621   3.681   1.808   3.733   4.895   1.001   3.288   2.888   1.012   5.009   2.294   2.027   5.940 0.1493
155       2.385   2.607   2.494   1.903   3.344   3.658   2.791   3.096   4.872   0.298   2.910   4.012  -0.640   3.818   3.273 0.1573
60        1.912   4.593  -2.416   1.654   5.404  -3.603   2.108   6.843  -3.393   0.001   5.365  -3.999  -0.262   4.227  -4.940 0.1916
15        3.869   1.549  -0.920   5.104   1.106  -0.278   6.311   1.372  -1.170   5.014  -0.548   0.104   4.450  -0.712   1.484 0.2794
159       2.479   4.953  -0.935   2.183   6.350  -1.240   3.441   7.097  -1.667   1.478   7.115   0.105  -0.013   6.971   0.037 0.1688
51        4.360   1.202  -0.193   5.682   0.871  -0.718   6.752   1.020   0.357   6.054   1.856  -2.053   5.585   1.190  -3.312 0.2314
186       2.400   4.542  -1.374   2.032   5.476  -2.434   3.203   5.722  -3.379   1.500   6.948  -1.770   0.017   6.890  -1.553 0.1597
207       3.229   1.873  -2.139   3.650   2.135  -3.512   2.577   2.896  -4.280   4.015   0.678  -4.309   5.466   0.352  -4.116 0.1298
94        4.656   1.194   0.275   6.066   0.889   0.050   6.231  -0.182  -1.022   6.803   0.386   1.497   7.361   1.579   2.214 0.1529
365       2.696   4.601   1.132   3.260   5.170   2.352   3.930   6.510   2.074   4.377   4.093   3.048   3.666   3.190   4.012 0.1399
168       3.445   1.848  -2.122   4.138   1.989  -3.400   3.977   3.398  -3.959   3.557   0.848  -4.518   4.371  -0.408  -4.420 0.1819
321       2.603   4.501  -1.951   2.348   5.412  -3.063   3.597   6.213  -3.414   1.067   6.465  -2.687  -0.229   5.852  -3.128 0.1551
308       2.367   4.876   0.701   2.445   5.845   1.791   3.419   6.969   1.457   2.911   5.078   3.235   1.690   4.617   3.973 0.1537
151       3.016   4.465   0.894   3.925   4.998   1.904   4.372   6.411   1.549   5.279   3.985   2.077   5.001   2.954   3.130 0.1464
168       2.520   4.873   0.791   2.376   6.020   1.682   2.227   7.315   0.891   3.710   6.128   2.731   3.428   5.349   3.981 0.1698
48        2.168   2.853  -2.442   3.284   2.644  -3.360   3.607   3.920  -4.129   2.931   1.383  -4.445   3.399   0.081  -3.866 0.1881
73       -0.013   5.021  -0.601  -1.031   6.058  -0.745  -0.485   7.262  -1.503  -1.605   6.541   0.781  -2.780   5.693   1.165 0.2007
29        5.263   2.626   0.718   6.628   2.289   1.111   7.552   2.243  -0.101   6.659   0.797   1.925   6.484   1.026   3.397 0.2991
66        3.995   2.173  -1.746   4.878   1.673  -2.796   5.984   2.675  -3.106   3.990   1.330  -4.204   3.524  -0.095  -4.168 0.2348
143       4.032   1.734   0.755   5.198   1.730   1.635   6.150   0.594   1.279   4.715   1.598   3.260   4.511   2.969   3.833 0.1703
171       0.644   5.124   0.824  -0.247   5.967   1.616   0.350   7.353   1.826  -0.571   5.239   3.118  -1.789   4.371   3.001 0.1481
112       3.292   2.000   2.098   4.601   1.775   2.705   5.544   1.077   1.731   4.446   0.856   4.126   4.261   1.774   5.298 0.1634
249       1.179   5.465   0.278   0.566   6.691   0.783   1.578   7.830   0.834  -0.098   6.430   2.326  -1.524   5.987   2.188 0.1435
25        2.813   2.552  -2.195   2.563   3.130  -3.512   3.865   3.338  -4.276   1.732   4.606  -3.364   0.254   4.352  -3.393 0.2489
79        2.674   3.229  -1.927   2.942   3.437  -3.347   3.173   4.913  -3.651   1.657   2.842  -4.288   1.914   1.406  -4.634 0.2223
173       1.978   4.704  -1.420   1.366   5.747  -2.239   2.428   6.606  -2.917   0.345   6.723  -1.292  -1.042   6.153  -1.303 0.1713
51        4.238   1.486  -0.506   5.478   1.404  -1.273   6.651   1.016  -0.381   5.797   2.884  -2.046   5.166   2.885  -3.406 0.1834
31        0.859   5.273   1.510   2.236   5.701   1.286   3.225   4.713   1.893   2.489   7.252   1.935   2.187   8.287   0.892 0.2409
74        0.540   3.745   2.015   0.699   4.163   3.405   1.274   3.035   4.254  -0.790   4.674   4.045  -0.956   6.146   3.810 0.1935
84        2.536   4.477   1.297   2.995   4.867   2.627   4.510   5.032   2.659   2.509   3.719   3.783   1.166   4.099   4.332 0.1965
59        2.800   3.146  -2.248   2.925   3.236  -3.700   3.880   4.355  -4.100   1.402   3.486  -4.413   0.775   2.162  -4.730 0.2253
39        4.816   1.499   0.115   6.193   1.027   0.218   7.176   2.192   0.198   6.546  -0.055  -1.046   6.224  -1.454  -0.611 0.2387
153       4.219   1.453  -0.838   5.454   1.263  -1.593   5.504   2.186  -2.805   5.603  -0.357  -2.088   6.338  -1.135  -1.037 0.1841
51        4.471   1.222   0.068   5.854   0.804  -0.141   6.175   0.691  -1.627   6.149  -0.681   0.634   6.626  -0.428   2.033 0.1863
60        3.602   1.637  -1.792   4.259   1.759  -3.090   5.744   1.435  -2.987   4.045   3.325  -3.718   2.796   3.365  -4.547 0.2091
216       1.155   5.161   1.358   0.652   6.099   2.357   1.593   7.287   2.518   0.439   5.317   3.852  -0.953   4.763   3.932 0.1492
211       2.560   4.410   1.352   2.981   4.792   2.697   2.737   6.276   2.947   4.623   4.423   2.932   4.750   3.034   3.483 0.1507
330       1.371   4.930   1.207   0.944   5.804   2.295   1.219   7.267   1.966   1.726   5.375   3.743   0.901   4.359   4.475 0.1360
4         4.060   2.220  -1.872   4.577   0.869  -1.675   5.990   0.900  -1.104   4.559   0.007  -3.140   3.249  -0.710  -3.283 0.4047
81        3.402   2.070  -1.689   4.833   1.845  -1.873   5.121   1.233  -3.239   5.438   0.838  -0.644   5.901   1.679   0.509 0.1746
202       2.730   2.149   2.515   2.936   2.536   3.908   4.220   1.929   4.462   1.609   2.060   4.859   0.595   3.165   4.890 0.1288
201       3.497   3.762  -1.538   3.983   4.123  -2.867   5.255   4.958  -2.779   2.786   4.973  -3.725   1.939   4.003  -4.495 0.1402
86        4.050   1.843  -1.915   5.126   1.687  -2.889   5.363   2.982  -3.657   4.770   0.425  -3.971   5.314  -0.865  -3.432 0.2165
90        3.766   1.836   1.372   4.585   2.075   2.557   5.369   0.826   2.942   3.613   2.577   3.859   3.504   4.073   3.853 0.1962
358       1.233   4.920   0.906   0.650   5.899   1.819   1.234   7.287   1.582   0.903   5.429   3.433  -0.247   4.583   3.893 0.1345
103       3.712   1.963   1.332   4.364   2.268   2.603   5.816   1.805   2.600   3.523   1.543   3.890   2.480   2.491   4.404 0.1699
42        3.979   3.550   2.410   4.816   3.671   3.601   5.411   5.069   3.714   6.057   2.509   3.573   5.585   1.257   4.251 0.2061
28        1.272  -0.582  -3.965   2.066  -1.666  -4.537   3.301  -1.126  -5.247   1.126  -2.584  -5.616   0.461  -3.704  -4.873 0.2877
86        3.237   4.143   0.956   4.407   4.272   1.820   5.238   5.493   1.440   5.363   2.869   1.739   4.917   1.899   2.792 0.1883
132       3.906   1.497  -1.390   4.948   1.321  -2.398   5.322   2.652  -3.039   4.440   0.221  -3.590   4.841  -1.168  -3.192 0.1687
141       3.069   4.151   0.961   3.939   4.333   2.120   5.066   5.312   1.812   4.583   2.840   2.618   3.668   2.214   3.629 0.1766
44        3.882   1.551   1.262   5.268   1.136   1.065   5.352  -0.083   0.154   6.004   0.799   2.560   6.642   2.047   3.095 0.2629
139       3.619   1.807   1.420   4.327   1.980   2.685   5.459   0.969   2.823   3.251   1.832   3.993   2.686   3.180   4.331 0.1430
178       2.561   4.623  -1.073   2.292   5.754  -1.957   3.334   6.852  -1.776   0.736   6.374  -1.670  -0.252   5.677  -2.558 0.1400
139       4.128   1.576  -1.379   5.223   1.503  -2.342   4.744   1.852  -3.746   5.920  -0.048  -2.332   7.036  -0.089  -1.332 0.1719
200       1.943   4.906   2.156   2.050   5.593   3.440   2.445   7.053   3.249   3.180   4.809   4.439   2.483   3.765   5.260 0.1626
15        1.818   3.017  -2.523   1.427   3.961  -3.567   1.815   3.445  -4.947   2.138   5.480  -3.290   1.224   6.314  -2.444 0.3942
53        3.947   2.038  -1.999   5.000   1.895  -3.002   5.759   3.203  -3.191   4.342   1.383  -4.483   4.336  -0.116  -4.537 0.1801
TOTRMS: 0.1642
BEFORE: 870 0.15053374481732298
AFTER: 400 0.16421794526048944
