14       -2.529   4.494   3.432  -3.604   3.986   4.279  -3.078   3.581   5.651  -4.371   2.663   3.534  -5.510   3.154   2.692 0.3000
131      -0.540   3.948   5.121  -1.036   3.170   6.253  -1.746   4.063   7.264   0.242   2.338   7.006   0.398   0.986   6.377 0.1782
255      -2.647   4.142   3.588  -3.590   3.382   4.403  -4.565   4.307   5.122  -2.758   2.420   5.532  -2.472   1.077   4.930 0.1819
344      -2.235   4.754   3.955  -3.180   4.177   4.907  -4.102   5.245   5.482  -2.349   3.386   6.162  -2.126   1.951   5.788 0.1739
24        0.598   3.374  -3.489  -0.688   3.814  -4.023  -0.696   5.318  -4.265  -1.947   3.387  -2.962  -2.466   2.027  -3.324 0.2402
348      -3.392   6.106   0.908  -4.835   6.025   1.112  -5.469   7.412   1.103  -5.184   5.234   2.576  -5.319   3.761   2.328 0.1742
175      -3.021   5.170   2.555  -4.185   4.685   3.293  -5.073   5.841   3.738  -3.695   3.773   4.641  -3.567   2.331   4.250 0.1844
51       -0.223   4.366   4.938  -0.602   3.592   6.117  -2.116   3.556   6.286   0.126   4.239   7.510   1.457   3.583   7.730 0.2036
303      -3.147   5.964   1.470  -4.448   5.773   2.104  -5.324   7.009   1.942  -4.257   5.404   3.752  -4.155   3.918   3.924 0.1734
40        1.546   3.911   3.321   1.178   3.192   4.538   2.180   3.456   5.656   1.071   1.523   4.232  -0.329   1.179   3.819 0.2317
230      -0.052   3.391   5.037  -0.490   2.471   6.082  -0.841   3.221   7.362   0.715   1.313   6.396   0.507   0.121   5.510 0.1847
52        0.232   3.808   4.415  -0.192   2.860   5.441   0.032   3.426   6.838   0.640   1.387   5.268  -0.135   0.478   4.363 0.2146
50       -0.844   6.658   3.019  -2.176   7.256   3.035  -2.094   8.778   3.055  -3.058   6.702   4.378  -3.815   5.463   4.002 0.2354
127      -2.981   5.613   2.919  -4.108   5.253   3.775  -5.251   6.250   3.625  -3.616   5.171   5.400  -3.163   3.777   5.716 0.1988
21       -3.336   4.540   0.680  -4.563   4.196   1.393  -4.781   2.687   1.414  -5.900   4.968   0.681  -6.110   6.304   1.330 0.3079
115      -3.067   6.467   0.266  -4.502   6.337   0.500  -5.125   7.684   0.849  -4.803   5.216   1.742  -4.958   3.846   1.152 0.2074
259      -1.238   3.836   4.601  -1.967   3.046   5.589  -2.559   3.936   6.676  -0.946   1.878   6.285  -1.017   0.611   5.485 0.1688
81       -0.157   6.388   3.666  -1.449   7.037   3.871  -1.370   8.076   4.984  -2.641   5.881   4.236  -3.284   5.408   2.965 0.2223
10        6.273   1.252  -1.243   6.773   0.133  -0.449   8.002  -0.494  -1.096   5.559  -1.039  -0.245   4.777  -0.739   0.999 0.3215
78        2.003   2.215  -3.654   0.986   2.310  -4.698   0.765   3.759  -5.118  -0.477   1.628  -4.165  -0.507   0.171  -4.519 0.2318
65       -0.171   6.045   3.809  -0.159   5.838   5.255  -0.779   7.024   5.983   1.429   5.582   5.804   1.738   4.114   5.773 0.2291
118       0.061   4.783   1.568  -0.089   4.936   3.012   1.263   5.143   3.685  -0.867   3.577   3.675  -2.350   3.803   3.678 0.1928
193      -1.847   6.054   3.056  -2.552   5.787   4.306  -3.313   7.019   4.781  -1.459   5.278   5.506  -1.334   3.784   5.467 0.2008
203      -2.638   6.685   0.849  -3.935   6.676   1.521  -4.534   8.076   1.575  -3.784   6.045   3.092  -3.994   4.560   3.056 0.1813
26        2.049   3.830  -4.672   1.000   3.866  -5.687   1.244   4.990  -6.688  -0.524   4.054  -4.959  -1.107   2.704  -4.663 0.2600
12       -0.265   4.559   1.897  -1.607   4.422   2.457  -1.585   3.600   3.740  -2.652   3.707   1.323  -3.301   4.777   0.496 0.2617
152      -1.761   4.307   4.162  -2.742   3.642   5.016  -3.130   4.526   6.196  -2.131   2.157   5.575  -2.501   1.070   4.611 0.2054
34        2.545   2.125   3.326   3.445   1.157   3.945   4.576   1.857   4.690   4.084   0.106   2.770   3.188  -1.088   2.628 0.2195
229      -3.416   5.652   1.297  -4.795   5.340   1.661  -5.528   6.584   2.150  -4.835   4.131   2.856  -4.893   2.783   2.202 0.1754
25       -1.333   6.626   0.439  -2.351   6.837   1.464  -3.365   7.886   1.023  -1.629   7.304   2.930  -1.318   6.084   3.745 0.2451
45       -1.197   3.110   4.124  -1.876   2.103   4.933  -2.293   2.673   6.284  -0.874   0.748   5.157  -1.113  -0.239   4.053 0.2413
79        0.015   4.613   1.871  -0.112   4.675   3.324   1.140   5.268   3.959  -0.411   3.127   3.960  -1.891   2.889   4.021 0.1866
79       -0.552   5.479   3.224  -1.196   5.154   4.493  -1.069   6.305   5.484  -0.525   3.739   5.154  -1.291   2.546   4.666 0.2305
246       4.452   1.187   1.610   4.496   0.259   2.737   4.196  -1.165   2.286   3.392   0.735   3.940   4.073   1.658   4.906 0.1433
59       -0.541   4.647   1.205  -1.199   4.738   2.505  -0.366   5.555   3.486  -1.484   3.184   3.136  -2.832   2.703   2.688 0.1890
17        0.257   4.452   3.829   0.587   4.236   5.235   1.783   3.302   5.380  -0.752   3.601   6.069  -1.576   4.726   6.621 0.3003
20        1.025   4.516   4.050   1.751   4.153   5.264   2.402   5.376   5.900   2.929   2.977   4.921   2.334   1.610   5.085 0.2648
32       -0.377   3.496  -4.769  -1.654   3.068  -5.333  -1.973   3.833  -6.612  -2.904   3.281  -4.199  -3.053   2.033  -3.380 0.2331
16        2.867   1.410   4.934   3.430   0.639   6.039   4.949   0.562   5.935   2.767  -0.926   6.069   1.538  -0.932   6.928 0.2935
423      -3.237   5.876   1.465  -4.597   5.652   1.948  -5.335   6.971   2.144  -4.572   4.775   3.404  -4.628   3.307   3.105 0.1639
51       -0.229   4.512  -1.933  -1.641   4.864  -1.813  -1.854   5.912  -0.727  -2.571   3.481  -1.480  -3.022   2.859  -2.769 0.2436
49       -1.020   5.742   2.928  -1.945   5.443   4.017  -1.712   6.370   5.205  -1.784   3.821   4.503  -2.726   2.966   3.709 0.2498
79       -0.395   7.192   2.956  -1.595   8.020   2.878  -1.502   9.213   3.822  -2.977   7.097   3.240  -3.524   6.501   1.978 0.2138
30       -0.631   4.887  -0.626  -2.086   4.844  -0.506  -2.550   5.509   0.784  -2.638   3.237  -0.564  -2.924   2.858  -1.987 0.2842
42        4.286   3.050   5.332   3.522   3.119   6.575   4.438   3.359   7.769   2.628   1.691   6.802   1.275   1.843   6.173 0.2261
18        0.124   6.317   3.578  -0.994   7.203   3.888  -1.734   6.737   5.136  -2.067   7.286   2.571  -1.661   8.411   1.666 0.2557
32        0.283   5.500   4.122  -1.112   5.835   4.391  -1.249   6.609   5.697  -2.061   4.425   4.447  -2.586   4.120   3.076 0.2480
138       1.228   3.465   3.221   1.793   2.895   4.441   3.317   2.891   4.389   1.213   1.316   4.683  -0.042   1.364   5.502 0.1904
18        2.407   2.658  -4.652   1.673   1.922  -5.677   1.404   2.799  -6.895   0.208   1.330  -5.049   0.426  -0.040  -4.478 0.2537
15        0.988   3.241  -3.805  -0.219   3.800  -4.406   0.107   5.018  -5.263  -1.342   4.220  -3.200  -2.238   3.050  -2.922 0.2787
160      -0.719   4.369   5.066  -1.533   3.850   6.161  -2.235   4.979   6.907  -0.575   2.947   7.237  -0.558   1.511   6.808 0.1840
69        0.112   4.916   4.249  -0.207   4.332   5.549  -0.223   5.396   6.640   0.909   3.111   5.940   0.409   1.793   5.427 0.2246
64       -2.112   6.491  -0.601  -3.431   6.628   0.010  -4.123   7.903  -0.460  -3.302   6.625   1.705  -3.413   5.218   2.212 0.2215
69        0.124   4.233   2.420   0.084   4.038   3.867   1.051   4.980   4.574   0.451   2.425   4.258  -0.814   1.620   4.296 0.2154
88        2.390   1.258  -4.075   1.506   1.164  -5.233   0.174   1.856  -4.964   1.243  -0.464  -5.648   2.284  -0.902  -6.634 0.1833
25       -2.659   4.566   2.471  -3.961   3.986   2.788  -4.616   4.713   3.956  -3.801   2.331   3.146  -3.952   1.531   1.886 0.2641
9         6.053   1.320   1.785   6.913   0.524   0.914   8.384   0.726   1.260   6.637   0.921  -0.716   5.561   0.037  -1.271 0.3219
33       -1.297   3.583   3.460  -1.747   2.896   4.667  -0.572   2.285   5.421  -2.879   1.689   4.275  -4.261   2.270   4.308 0.3079
71        0.951   5.347   4.972   0.132   6.235   5.791   0.984   6.983   6.809  -1.087   5.355   6.584  -2.314   5.313   5.723 0.2392
121       2.435   1.025   3.791   2.622  -0.255   4.470   2.855  -1.379   3.468   1.274  -0.612   5.444   1.490  -0.055   6.820 0.1697
7        -0.721   3.969   4.847   0.013   5.116   5.374   1.439   5.149   4.836   0.032   5.079   7.073  -1.156   5.825   7.603 0.3679
225      -3.509   6.271   0.621  -4.963   6.227   0.745  -5.596   7.521   0.248  -5.412   5.940   2.360  -5.527   4.463   2.593 0.1855
65       -0.692   4.155  -1.903  -2.125   4.344  -1.695  -2.419   5.723  -1.118  -2.738   3.138  -0.665  -3.193   1.966  -1.482 0.2293
7         0.587   4.785  -3.137  -0.093   6.073  -3.029   0.036   6.645  -1.622  -1.734   5.914  -3.446  -1.901   6.152  -4.918 0.2725
66        2.045   2.571   3.421   2.733   1.640   4.311   4.245   1.740   4.147   2.219   0.047   4.017   1.042  -0.268   4.891 0.2106
5        -0.632   4.826   1.152  -2.040   4.515   1.379  -2.937   5.320   0.446  -2.461   4.818   2.998  -2.243   3.578   3.812 0.2685
17        4.145   0.709  -3.663   3.893   0.365  -5.059   3.630   1.614  -5.893   2.575  -0.703  -5.178   3.070  -2.117  -5.107 0.2466
216      -1.869   5.330   4.038  -2.987   5.046   4.933  -3.640   6.334   5.422  -2.465   4.117   6.258  -2.594   2.659   5.928 0.1975
62       -0.304   7.167   2.538  -1.424   8.051   2.227  -1.677   9.036   3.362  -2.828   7.144   1.918  -2.905   6.826   0.454 0.2213
7         3.646   5.480  -1.961   2.890   5.984  -3.104   3.135   7.474  -3.310   1.229   5.689  -2.893   0.880   4.353  -3.480 0.3046
128       3.817   2.491   2.604   4.367   1.340   3.314   5.621   0.816   2.622   3.206   0.104   3.430   2.416   0.277   4.693 0.1951
84       -1.546   3.459   4.277  -2.194   2.490   5.155  -2.941   3.187   6.286  -1.048   1.408   5.794  -0.916   0.224   4.882 0.2159
29        1.201   4.277   4.827   1.909   3.615   5.918   1.213   3.858   7.252   3.520   4.154   5.994   4.383   3.274   5.139 0.2172
32        1.353   3.971   3.997   1.579   3.199   5.216   2.455   3.968   6.198   2.293   1.702   4.846   1.220   0.680   4.612 0.2586
87        1.594   2.369   4.884   1.547   1.162   5.703   1.830   1.480   7.167   2.662   0.013   5.130   1.996  -0.867   4.115 0.2255
42        3.085   2.854   3.504   3.270   1.737   4.425   4.535   1.915   5.257   3.336   0.268   3.571   1.953  -0.299   3.444 0.2530
31       -0.017   5.701   4.323  -1.336   6.002   4.872  -1.283   6.125   6.391  -2.454   4.803   4.423  -3.104   5.186   3.127 0.2478
70        1.885   2.853   5.122   1.854   1.828   6.162   2.176   2.423   7.528   2.949   0.580   5.797   2.254  -0.475   4.988 0.2313
30       -2.432   4.958   1.957  -3.750   4.390   2.227  -4.177   4.654   3.666  -3.750   2.718   1.916  -4.137   2.476   0.487 0.3163
25        1.533   3.758  -3.160   0.621   3.299  -4.204  -0.453   4.343  -4.492  -0.102   1.827  -3.756   0.741   0.687  -4.243 0.2650
36       -1.904   4.902   4.029  -2.642   4.186   5.066  -3.974   3.671   4.535  -2.900   5.192   6.412  -1.759   5.044   7.374 0.2224
182      -0.744   4.356   4.916  -1.545   3.765   5.984  -1.816   4.777   7.091  -0.765   2.396   6.623  -1.198   1.176   5.867 0.1982
70       -2.038   3.660   3.913  -3.002   2.835   4.636  -3.490   3.539   5.897  -2.315   1.332   5.036  -2.577   0.352   3.931 0.2305
89        0.444   3.859   2.967   0.631   3.452   4.356   2.102   3.190   4.658  -0.291   2.064   4.697  -1.647   2.473   5.188 0.2124
37       -0.279   3.087   3.754  -0.167   2.377   5.024   0.956   1.347   4.981  -1.639   1.619   5.412  -2.488   2.557   6.217 0.2298
24       -1.136   5.462   4.048  -2.505   5.910   4.289  -2.876   5.770   5.761  -3.595   5.031   3.326  -3.787   5.737   2.017 0.2920
15       -0.563   3.250  -3.262  -2.020   3.325  -3.319  -2.659   2.304  -2.384  -2.566   3.078  -4.910  -2.650   4.397  -5.620 0.2540
20        0.447   6.426  -2.302  -0.812   7.058  -1.917  -1.076   8.307  -2.748  -0.797   7.450  -0.263  -1.341   6.298   0.529 0.2653
26        2.542   4.435   4.693   3.582   3.865   5.544   3.878   4.773   6.733   5.002   3.597   4.648   4.973   2.215   4.066 0.2707
93        3.055   0.908   3.207   3.586  -0.390   3.614   4.355  -1.049   2.475   2.329  -1.408   4.135   2.122  -1.233   5.610 0.1771
21        4.349   0.447   3.695   5.374  -0.437   4.241   6.093  -1.195   3.132   4.686  -1.533   5.345   4.717  -0.941   6.722 0.2600
21        2.498   4.546   3.423   2.701   3.911   4.722   4.176   3.900   5.104   2.089   2.325   4.709   0.653   2.338   5.141 0.2618
37        0.466   4.830   2.280   0.351   4.784   3.735   1.640   4.277   4.372  -0.955   3.798   4.197  -2.197   4.631   4.305 0.2520
18        1.851   4.709   3.561   3.016   4.874   4.426   4.268   4.298   3.775   2.746   4.130   5.931   2.130   5.120   6.875 0.2968
11        0.141   4.360   1.996   0.080   4.194   3.445  -1.326   4.462   3.970   1.193   5.228   4.208   2.507   4.521   4.363 0.3146
130      -3.007   5.559   1.382  -4.300   5.140   1.915  -4.984   6.283   2.655  -4.110   3.805   2.951  -4.228   2.537   2.160 0.1945
41       -0.560   3.825   4.953  -1.195   3.007   5.982  -2.443   3.688   6.531  -0.102   2.689   7.245   0.644   1.421   6.953 0.2611
20       -1.016   4.892   3.525  -2.025   4.280   4.384  -1.589   4.300   5.844  -2.336   2.683   3.890  -3.448   2.679   2.883 0.2691
33        1.467   5.203   4.698   0.206   5.520   5.364   0.442   6.365   6.611  -0.623   4.094   5.775  -1.527   3.698   4.645 0.2220
20        7.277  -0.180   1.428   7.347  -1.101   2.560   8.690  -1.819   2.601   6.082  -2.234   2.481   4.888  -1.704   3.217 0.2643
18        1.551   3.406  -4.376   0.178   3.616  -4.827   0.121   4.651  -5.945  -0.804   4.105  -3.529  -1.398   2.897  -2.868 0.2379
80       -2.068   5.600   3.619  -2.675   5.210   4.889  -3.795   6.168   5.279  -1.500   5.156   6.116  -0.909   3.779   6.182 0.1895
12       -1.634   7.055  -2.582  -2.480   6.938  -3.766  -3.467   8.096  -3.852  -3.318   5.458  -3.752  -2.501   4.415  -4.454 0.2583
14        0.302   6.328   1.464  -1.141   6.520   1.347  -1.535   7.947   1.710  -1.969   5.416   2.339  -2.255   4.164   1.564 0.3129
23       -0.564   6.799   0.354  -1.636   7.103   1.297  -1.329   8.371   2.085  -1.878   5.799   2.361  -2.898   4.864   1.781 0.2847
93       -3.220   6.786  -0.099  -4.679   6.815  -0.124  -5.197   8.233  -0.330  -5.310   6.167   1.317  -5.515   4.690   1.153 0.1947
36        4.601   1.513  -1.232   5.570   0.596  -0.640   5.617  -0.722  -1.405   5.195   0.309   0.993   5.896   1.319   1.852 0.2166
18       -1.117  -0.642  -3.886  -2.027  -1.772  -3.717  -1.480  -3.023  -4.393  -3.563  -1.395  -4.343  -4.407  -0.786  -3.263 0.2926
10        4.346   1.264  -2.967   4.440   0.078  -3.814   4.529   0.462  -5.287   3.106  -0.943  -3.557   3.426  -1.919  -2.464 0.3484
118      -2.693   5.445   1.946  -3.750   4.951   2.823  -4.535   6.104   3.439  -3.096   3.971   4.048  -3.063   2.545   3.584 0.1983
15        1.385   2.999   3.390   0.207   3.432   4.137  -0.414   2.270   4.903  -0.940   4.120   3.089  -0.693   5.595   2.976 0.2285
34        0.725   4.557  -2.589  -0.516   4.577  -3.357  -1.589   5.392  -2.645  -1.071   2.993  -3.630  -0.495   2.476  -4.914 0.2567
7        -0.416   4.391  -2.155  -1.767   4.818  -1.803  -2.814   3.985  -2.533  -1.980   6.467  -2.161  -1.602   7.291  -0.966 0.3386
83       -0.126   4.529   5.160  -0.608   3.950   6.411  -1.645   4.852   7.070   0.688   3.676   7.477   1.233   2.296   7.257 0.2229
32       -0.571   3.105   4.406  -1.119   2.025   5.222  -2.340   2.494   6.005   0.063   1.429   6.288   0.811   0.308   5.629 0.2544
27        3.269   1.900   3.152   3.103   0.856   4.159   2.934  -0.512   3.509   1.767   1.198   5.153   2.215   2.011   6.331 0.1924
34        4.342  -0.513  -2.724   3.738  -1.290  -3.802   2.217  -1.260  -3.714   4.294  -2.896  -3.760   5.527  -3.021  -4.603 0.2876
41        2.701   1.429  -4.288   1.892   0.763  -5.305   2.486   0.963  -6.695   0.294   1.342  -5.265  -0.519   0.501  -4.326 0.2281
69        2.843   1.024   3.658   3.480  -0.177   4.191   3.317  -1.354   3.236   2.830  -0.567   5.713   3.626   0.113   6.786 0.1821
58        2.546   1.589  -3.880   1.715   1.364  -5.059   0.960   2.629  -5.449   0.619   0.094  -4.778   1.243  -1.205  -5.191 0.2397
10        3.547   0.668  -3.766   2.817   0.062  -4.875   3.710  -0.885  -5.669   2.187   1.265  -5.898   0.811   1.644  -5.436 0.2576
122       1.330   1.274  -4.070   0.190   1.081  -4.961  -1.119   1.427  -4.261   0.143  -0.522  -5.526   0.928  -0.626  -6.800 0.1795
85        0.644   3.696   4.926   0.714   2.756   6.041   0.364   3.440   7.358   2.264   2.064   6.137   2.305   0.812   5.314 0.2094
45        1.958   2.195   3.417   2.399   1.070   4.238   3.626   1.440   5.062   2.737  -0.280   3.262   1.497  -1.110   3.109 0.2425
140      -3.100   6.457   1.077  -4.450   6.433   1.634  -5.253   7.645   1.178  -4.390   6.378   3.332  -4.371   4.949   3.786 0.1932
20       -1.657   6.013   0.746  -3.112   5.906   0.717  -3.753   6.875   1.704  -3.597   4.314   1.064  -3.695   3.532  -0.212 0.3030
47       -1.327   3.446   4.685  -2.322   2.681   5.431  -2.365   3.114   6.892  -1.990   1.017   5.326  -2.700   0.439   4.138 0.2274
137      -2.800   5.122   2.846  -4.164   4.870   3.304  -4.822   6.153   3.799  -4.168   3.700   4.537  -4.313   2.335   3.931 0.2085
25       -0.401   4.527   1.668  -1.095   4.345   2.939  -1.057   5.620   3.773  -0.409   3.057   3.811  -1.109   1.780   3.452 0.2203
24       -1.000   7.352   1.938  -2.069   8.206   1.430  -2.793   8.915   2.569  -3.175   7.292   0.517  -2.746   7.280  -0.920 0.2068
72        1.531   4.199   3.061   1.137   3.677   4.367   2.358   3.316   5.205   0.131   2.318   4.184  -1.301   2.760   4.129 0.2131
41       -0.734   4.169  -3.829  -2.183   4.044  -3.958  -2.710   4.914  -5.094  -2.947   4.465  -2.499  -3.098   3.242  -1.643 0.2349
165      -2.006   4.201   4.367  -3.119   3.704   5.170  -3.687   4.802   6.061  -2.622   2.383   6.119  -2.839   1.110   5.356 0.1859
21        3.486   3.613   5.176   2.565   3.552   6.308   3.125   4.301   7.512   2.242   1.936   6.724   1.047   1.451   5.958 0.2740
6        -0.198   5.104  -0.270  -1.592   5.204  -0.691  -1.791   6.363  -1.661  -2.608   5.393   0.659  -3.042   4.045   1.152 0.3205
141       0.245   3.400   4.996  -0.303   2.529   6.032  -0.234   3.194   7.402   0.528   1.046   6.061  -0.148   0.076   5.140 0.1979
41        1.465   4.477   5.416   1.177   4.015   6.770   1.156   5.178   7.755   2.324   2.859   7.259   1.844   1.488   6.883 0.2407
18        1.152   3.510  -5.125   0.145   3.226  -6.143  -0.315   4.505  -6.833  -1.186   2.424  -5.453  -0.965   0.942  -5.515 0.3150
35       -0.003   4.766   3.240  -0.797   4.294   4.371  -0.384   4.991   5.661  -0.642   2.609   4.542  -1.708   1.925   3.739 0.2623
225      -1.587   4.044   4.496  -2.317   3.274   5.499  -3.265   4.166   6.293  -1.235   2.492   6.551  -0.905   1.133   6.009 0.1908
7        -3.377   4.612  -1.784  -4.711   4.062  -1.558  -5.547   4.108  -2.832  -5.499   4.911  -0.313  -5.203   4.256   1.003 0.3547
21        4.228   0.390   2.936   4.288  -1.069   2.970   4.871  -1.564   4.288   5.211  -1.655   1.668   4.316  -1.899   0.490 0.2897
16        2.824   3.311   5.382   2.204   3.398   6.700   2.862   4.483   7.545   2.295   1.901   7.500   1.076   1.087   7.179 0.3131
40        1.345   4.024  -4.269   0.057   4.592  -4.657   0.053   4.988  -6.129  -0.312   5.941  -3.689  -1.077   5.494  -2.479 0.2601
79       -0.524   4.834   0.888  -1.226   5.015   2.155  -0.256   5.376   3.274  -2.088   3.607   2.562  -3.472   3.685   1.990 0.2163
65        1.731   2.463  -3.759   0.630   2.792  -4.661   0.160   4.227  -4.452  -0.665   1.715  -4.434  -0.504   0.539  -5.350 0.2145
41        4.344   2.117   1.653   5.575   1.492   1.178   6.158   2.255  -0.005   5.289  -0.127   0.744   5.512  -1.011   1.935 0.2350
127      -2.336   6.264   2.728  -3.310   6.129   3.807  -4.186   7.372   3.914  -2.522   5.842   5.286  -2.362   4.364   5.488 0.1929
37        0.077   4.445  -2.344  -1.208   4.235  -3.006  -2.158   5.397  -2.741  -1.910   2.776  -2.488  -1.468   1.661  -3.388 0.2892
48        2.907   2.292   3.141   3.108   1.099   3.957   4.587   0.880   4.254   2.461  -0.268   3.180   1.030  -0.446   3.592 0.2297
51        5.526   2.601   4.754   5.044   2.588   6.132   6.169   2.907   7.110   4.357   1.078   6.506   2.892   1.102   6.184 0.2119
13       -0.243   4.875   4.096  -0.491   4.462   5.475   0.817   4.222   6.219  -1.448   3.058   5.511  -2.898   3.442   5.555 0.3345
16       -1.899   6.667   3.000  -3.260   7.194   2.959  -3.747   7.568   4.354  -4.315   6.060   2.258  -4.376   6.282   0.776 0.2295
60        0.383   3.692  -5.255  -0.899   3.499  -5.925  -0.857   4.027  -7.355  -2.144   4.266  -5.057  -2.723   3.306  -4.061 0.1817
57        2.237   2.202  -3.921   1.344   2.476  -5.044   0.513   3.728  -4.791   0.324   1.146  -5.327   0.976   0.215  -6.306 0.2153
59       -0.207   5.323   4.935  -1.234   5.286   5.972  -1.676   6.693   6.357  -0.663   4.458   7.343  -0.990   3.000   7.220 0.2352
83       -1.307   7.010   1.649  -1.839   7.194   2.996  -2.454   8.580   3.159  -0.617   6.959   4.154  -0.584   5.515   4.559 0.2253
6        -2.835   3.495   2.176  -4.105   2.824   2.441  -4.872   3.524   3.557  -3.842   1.194   2.847  -3.867   0.359   1.602 0.2996
9        -1.809   5.726   3.120  -2.875   5.431   4.074  -2.304   4.945   5.401  -3.937   4.267   3.435  -5.042   4.954   2.689 0.2661
22        0.137   6.377   1.896  -0.231   6.566   3.296   0.540   7.726   3.914   0.050   5.142   4.181  -1.183   4.288   4.159 0.2517
14       -1.874   4.414  -2.217  -3.211   4.033  -1.769  -4.238   5.097  -2.139  -3.221   3.771  -0.089  -2.911   2.331   0.194 0.3211
13        3.070   5.062   3.450   3.754   4.619   4.662   5.253   4.880   4.572   3.465   2.966   4.935   2.240   2.806   5.785 0.3279
54       -1.193   6.556   0.922  -1.925   6.622   2.183  -2.367   8.049   2.486  -0.970   6.025   3.456  -1.202   4.551   3.606 0.2357
110      -2.037   4.391   4.416  -3.137   3.873   5.224  -4.233   4.918   5.395  -2.570   3.368   6.745  -2.176   1.922   6.677 0.1998
28       -4.069   4.468   1.429  -5.230   3.672   1.818  -6.407   4.565   2.194  -4.838   2.646   3.116  -4.342   1.334   2.585 0.2227
9        -1.276   5.270   1.057  -1.622   5.756   2.389  -1.191   4.765   3.464  -3.294   6.046   2.500  -3.583   7.463   2.104 0.3194
74       -3.452   5.482   1.173  -4.870   5.169   1.322  -5.587   6.245   2.130  -5.068   3.653   2.065  -5.128   2.585   1.014 0.1988
119       2.056   2.827   3.385   3.002   2.150   4.267   4.355   2.852   4.264   3.187   0.525   3.804   2.182  -0.320   4.530 0.2065
45        0.088   5.124   1.165  -1.053   5.182   2.075  -0.596   5.369   3.517  -1.992   3.772   1.939  -3.047   3.972   0.892 0.2387
23        0.006   5.700   2.193  -0.691   5.643   3.475   0.295   5.676   4.637  -1.653   4.244   3.565  -3.024   4.545   3.037 0.2831
169      -3.147   5.043   2.831  -4.423   4.641   3.417  -5.373   5.827   3.528  -4.179   3.944   4.948  -3.986   2.464   4.798 0.1849
65        0.927   5.863   4.338  -0.199   6.606   4.896   0.033   6.930   6.368  -1.641   5.725   4.712  -2.284   6.085   3.406 0.2069
18        4.239   1.967  -2.110   5.236   0.900  -2.103   5.237   0.141  -3.424   4.950  -0.171  -0.814   5.700   0.293   0.398 0.3294
17        1.550   2.362  -4.740   0.442   1.893  -5.567   0.359   2.678  -6.870  -1.026   2.016  -4.717  -1.280   0.741  -3.970 0.2037
18       -1.496   3.391   3.724  -1.716   2.682   4.981  -2.266   1.283   4.733  -2.778   3.559   5.979  -1.990   4.491   6.850 0.4459
104       2.621   3.294   3.184   2.641   2.432   4.362   3.926   1.615   4.424   1.292   1.396   4.363   0.156   2.056   5.087 0.1852
31       -0.921   4.553  -4.243  -2.377   4.617  -4.333  -2.818   5.223  -5.660  -3.012   5.518  -3.040  -3.304   4.603  -1.888 0.2468
233      -2.794   5.929   1.931  -3.888   5.626   2.849  -4.741   6.861   3.113  -3.282   5.013   4.314  -3.180   3.519   4.227 0.1801
30       -1.325   3.657  -3.877  -2.712   3.247  -4.078  -3.412   4.155  -5.082  -3.553   3.254  -2.601  -3.437   1.905  -1.953 0.2616
44       -2.332   5.178   3.493  -3.277   4.612   4.451  -4.712   4.751   3.955  -3.109   5.366   5.966  -2.103   4.616   6.788 0.2131
19       -0.029   3.619  -3.334  -1.311   3.145  -3.848  -2.135   4.297  -4.412  -2.182   2.348  -2.626  -1.840   0.887  -2.640 0.3042
48        0.797   5.923   4.454  -0.373   6.462   5.142   0.031   7.494   6.188  -1.261   5.209   5.872  -2.288   4.696   4.906 0.2247
15        3.221   5.065   3.510   4.230   4.954   4.560   5.173   6.151   4.544   5.114   3.512   4.382   4.445   2.417   5.158 0.2841
35        1.052   5.270   4.710  -0.177   5.668   5.391   0.027   6.954   6.183  -0.713   4.427   6.422  -1.637   3.516   5.670 0.2627
21        3.772   0.808   3.842   4.379  -0.241   4.657   5.402  -1.036   3.855   3.184  -1.281   5.273   2.713  -0.770   6.602 0.2287
13        2.380   6.215   0.061   1.184   7.052   0.036   1.546   8.521  -0.152   0.289   6.850   1.468  -0.703   5.740   1.285 0.2931
53        0.852   3.047  -5.403  -0.201   2.487  -6.245   0.002   2.872  -7.706  -1.728   3.010  -5.712  -2.266   2.038  -4.705 0.1861
23       -0.714   5.629   2.065  -1.172   5.751   3.446  -0.203   6.585   4.275  -1.365   4.213   4.146  -2.765   3.730   3.913 0.2651
11       -1.266   3.244   3.972  -1.796   2.507   5.116  -0.900   1.327   5.473  -3.374   1.963   4.790  -4.362   3.003   5.230 0.2680
25       -1.941   5.363   3.097  -2.503   4.892   4.360  -3.135   3.514   4.199  -3.655   5.997   4.945  -2.979   7.003   5.829 0.3134
17        0.106   5.399  -1.764  -1.312   5.732  -1.855  -1.632   6.994  -1.062  -2.263   4.437  -1.299  -2.588   3.527  -2.446 0.2575
7         0.711   7.285   1.723   0.524   7.830   3.064   1.516   8.953   3.344   0.686   6.605   4.231  -0.653   5.983   4.492 0.3263
22        2.256   1.502  -4.221   1.305   0.762  -5.045   1.441   1.142  -6.515  -0.285   1.044  -4.514  -0.657   0.020  -3.483 0.2802
31       -0.265   4.730  -1.507  -1.718   4.866  -1.541  -2.268   5.233  -0.167  -2.436   3.425  -2.090  -2.577   3.474  -3.582 0.2488
105       3.032   2.466   3.087   4.104   1.615   3.595   5.386   1.808   2.793   3.633  -0.018   3.558   2.975  -0.379   4.857 0.2031
26       -0.260   6.524   3.568  -1.286   7.561   3.625  -1.887   7.663   5.022  -2.509   7.247   2.486  -2.165   7.912   1.186 0.2334
35        3.560   1.012  -4.063   2.755   0.373  -5.100   3.595   0.062  -6.334   1.440   1.363  -5.524   0.263   1.029  -4.657 0.2440
12        0.263   6.147   3.520   0.090   6.189   4.969   1.345   5.707   5.686  -1.246   5.246   5.434  -2.481   6.098   5.443 0.3794
61        3.791   2.014   2.559   4.911   1.083   2.672   6.188   1.690   2.104   4.553  -0.375   1.876   3.901  -1.323   2.837 0.2233
49        3.372   0.896  -3.862   2.820   0.595  -5.180   1.699   1.563  -5.540   2.248  -1.005  -5.232   3.350  -1.916  -5.684 0.2164
132       1.259   5.951   4.637   0.364   6.901   5.291   0.985   7.450   6.570  -1.130   6.167   5.636  -2.062   6.362   4.477 0.1988
14        5.455   0.318  -1.997   5.473  -0.966  -2.691   6.841  -1.240  -3.303   4.275  -1.005  -3.897   2.999  -1.539  -3.318 0.3169
27        4.361   2.884   3.930   5.347   1.835   4.172   6.345   2.256   5.244   6.165   1.446   2.733   5.434   0.346   2.024 0.2753
27        1.842   3.085   5.254   1.681   2.208   6.410   2.611   2.619   7.545   1.973   0.591   5.973   0.689  -0.048   5.535 0.2278
9        -2.873   4.275   1.206  -4.146   3.713   1.648  -4.006   3.040   3.008  -4.733   2.601   0.504  -5.599   3.316  -0.490 0.2983
26        4.798  -0.842   2.799   4.760  -2.299   2.710   4.772  -2.933   4.096   6.073  -2.872   1.795   5.679  -2.954   0.351 0.2777
45        0.921   4.094   4.917   1.020   3.308   6.144   0.105   3.865   7.228   2.626   3.272   6.698   3.336   2.093   6.099 0.2182
67       -1.568   5.746   3.582  -2.775   5.582   4.388  -2.888   6.682   5.437  -2.785   4.057   5.138  -3.464   3.064   4.243 0.2389
72       -2.474   5.869   3.353  -3.586   5.618   4.266  -4.759   6.544   3.968  -3.085   5.812   5.879  -2.589   4.500   6.409 0.2396
23        0.802   3.493   3.710   1.228   2.945   4.995   2.244   1.825   4.805  -0.113   2.374   5.870  -0.660   3.478   6.726 0.2660
73       -3.066   4.256   3.166  -4.210   3.603   3.795  -5.389   4.562   3.918  -3.783   3.006   5.329  -3.283   1.598   5.195 0.2110
24       -1.249   5.165   2.343  -2.191   4.480   3.223  -2.725   5.422   4.295  -1.452   3.131   3.948  -1.658   1.923   3.084 0.2925
18        3.772   3.214  -3.974   2.906   3.403  -5.134   3.236   4.703  -5.859   1.273   3.398  -4.662   0.740   1.997  -4.720 0.2800
8        -4.486   2.765   2.505  -5.835   2.224   2.371  -6.859   3.127   3.049  -5.915   0.657   3.026  -5.599  -0.348   1.958 0.3600
13       -0.597   4.507   2.046  -1.303   4.301   3.307  -0.445   3.521   4.296  -2.771   3.485   3.039  -3.862   4.485   2.799 0.3008
46        3.666   2.361   4.802   4.574   2.034   5.898   5.854   1.391   5.377   3.812   0.997   7.010   3.123   1.813   8.063 0.1936
57       -0.182   5.021   4.790  -0.030   4.546   6.162  -1.041   5.211   7.089   1.550   4.835   6.718   2.416   3.652   6.403 0.2410
17       -0.654   4.090   3.473  -0.719   3.636   4.859   0.023   2.316   5.039  -2.337   3.468   5.353  -2.816   4.760   5.944 0.2431
21        2.155   5.054   3.014   1.659   4.693   4.339   2.705   4.972   5.411   1.206   3.055   4.377  -0.240   2.927   3.999 0.2875
15       -2.398   4.524   2.549  -3.282   4.040   3.605  -2.575   3.020   4.489  -4.687   3.356   2.935  -5.738   4.415   2.788 0.2949
93        4.387   1.899   4.314   5.543   1.491   5.107   6.739   1.181   4.215   5.159   0.136   6.060   4.634   0.592   7.389 0.1540
15       -1.862   6.018   0.409  -3.284   5.699   0.501  -3.715   5.526   1.952  -3.635   4.290  -0.384  -3.992   4.660  -1.793 0.2955
14       -0.908   4.156   3.360  -1.190   3.803   4.748  -0.008   4.140   5.651  -1.568   2.150   4.875  -3.047   1.962   4.716 0.2529
42        3.830   4.626   4.944   3.161   5.313   6.045   4.168   5.799   7.081   2.019   4.289   6.777   0.690   4.459   6.102 0.2288
15       -3.328   5.260   1.672  -4.187   4.925   2.804  -5.144   3.793   2.451  -5.062   6.292   3.310  -4.278   7.029   4.355 0.2593
38       -0.520   4.229  -2.258  -1.919   4.620  -2.103  -2.072   6.136  -2.133  -2.550   3.998  -0.652  -3.143   2.644  -0.904 0.2398
43        2.191   2.638  -4.011   1.227   2.939  -5.066   1.523   4.287  -5.712  -0.356   2.924  -4.445  -0.927   1.542  -4.565 0.2170
46       -1.841   5.243   3.741  -2.289   4.717   5.028  -3.803   4.829   5.170  -1.522   5.538   6.304  -0.249   4.830   6.660 0.2541
40        2.910   2.353   4.799   3.271   1.187   5.600   3.638   1.591   7.023   4.564   0.351   4.880   4.027  -0.686   3.939 0.2497
38        0.438   3.877   2.994   0.391   3.346   4.353   1.669   3.677   5.116   0.146   1.664   4.326  -1.324   1.372   4.354 0.2108
103      -2.464   6.970  -0.005  -3.848   7.163   0.417  -4.336   8.567   0.077  -4.004   6.880   2.086  -4.323   5.433   2.320 0.1862
47       -1.782   6.307   3.044  -2.429   6.201   4.349  -3.574   7.200   4.477  -1.298   6.447   5.594  -0.694   5.132   5.988 0.2219
29        0.426   5.947   1.980  -0.419   5.882   3.169  -0.115   7.031   4.122  -0.212   4.393   3.964  -1.197   3.398   3.428 0.2844
32        0.285   6.820   1.245   0.070   7.044   2.672  -0.172   8.519   2.966   1.402   6.481   3.567   1.182   5.046   3.942 0.2611
6         1.229   3.746   3.115   0.103   4.620   3.434  -0.471   4.296   4.808  -1.108   4.482   2.248  -0.864   5.491   1.165 0.2190
14        0.353   1.657   4.253   0.374   0.402   4.998   0.567  -0.787   4.065  -1.063   0.216   5.888  -0.889   0.819   7.250 0.2972
27        2.105   1.971   3.620   2.518   0.724   4.257   3.294   0.994   5.540   3.462  -0.203   3.189   2.571  -1.113   2.396 0.2073
27        2.084   4.687   3.845   2.269   4.157   5.193   3.563   4.673   5.812   2.272   2.457   5.167   0.873   1.952   5.355 0.2495
14        1.288   6.282   2.713   1.197   6.397   4.166   1.945   7.626   4.668   1.811   4.997   4.911   0.702   4.004   5.100 0.2634
156      -1.249   3.545   4.775  -2.200   2.878   5.659  -2.619   3.793   6.804  -1.531   1.442   6.276  -1.861   0.303   5.358 0.1748
106      -2.953   4.534   3.316  -4.140   3.953   3.937  -4.755   4.912   4.950  -3.754   2.478   4.690  -3.936   1.355   3.712 0.2052
23        2.838   3.881  -3.739   2.097   4.760  -4.639   2.697   6.161  -4.656   0.460   4.832  -4.183  -0.305   3.756  -4.894 0.2787
9        -2.678   5.678  -0.077  -4.090   5.582   0.285  -4.287   4.668   1.489  -5.002   5.014  -1.033  -5.477   6.178  -1.851 0.3379
5         5.295   2.708  -2.949   5.961   1.413  -2.849   7.311   1.434  -3.556   4.979   0.189  -3.503   4.104  -0.380  -2.426 0.1420
31        2.262   2.854  -3.964   1.405   3.480  -4.967   1.542   4.997  -4.937  -0.217   3.036  -4.722  -0.518   1.790  -5.502 0.2670
46        4.538   2.357   1.311   5.392   1.220   1.641   5.979   0.592   0.382   4.518   0.057   2.520   4.641   0.343   3.987 0.2240
86       -3.862   5.876   0.832  -5.314   5.732   0.772  -6.008   7.067   1.016  -5.844   4.583   1.909  -5.863   3.225   1.274 0.1722
219      -2.820   6.045   0.911  -4.051   5.829   1.667  -4.759   7.148   1.952  -3.718   5.019   3.124  -3.805   3.538   2.904 0.1777
9         3.907   1.515   4.882   3.894   0.673   6.075   5.307   0.258   6.469   2.931  -0.704   5.820   1.519  -0.411   6.231 0.3322
21        1.690   3.293  -5.169   1.112   2.555  -6.289   0.231   3.458  -7.144   0.213   1.227  -5.725   1.104   0.025  -5.627 0.3467
54        2.303   3.759   5.137   2.703   2.895   6.244   2.648   3.643   7.571   4.268   2.283   5.984   4.179   0.984   5.239 0.2190
20        0.479   3.895   4.171   0.469   2.913   5.252  -0.476   3.337   6.370   2.039   2.692   5.868   2.721   1.589   5.114 0.2757
25       -2.333   5.147   1.811  -3.380   4.525   2.616  -3.950   5.508   3.632  -2.778   3.148   3.412  -2.977   1.941   2.545 0.2356
9         2.041   1.656  -3.694   0.955   1.895  -4.641   0.992   0.887  -5.784   1.041   3.477  -5.255   0.241   4.397  -4.382 0.3112
45        2.546   3.370  -4.396   1.444   3.780  -5.261   1.961   4.463  -6.522   0.388   4.818  -4.426  -0.679   4.008  -3.752 0.2463
5        -1.527  -0.622  -4.599  -1.221  -2.016  -4.905  -2.146  -2.555  -5.990  -1.346  -2.973  -3.505  -0.017  -3.021  -2.812 0.3723
13       -0.083   4.920   0.893  -0.832   5.165   2.123  -1.949   4.143   2.298  -1.476   6.738   2.123  -0.491   7.681   2.748 0.3038
28       -2.028   7.390  -0.182  -3.249   7.712  -0.916  -3.868   9.009  -0.408  -4.370   6.441  -0.789  -4.161   5.475  -1.917 0.2792
12       -0.612   5.686   0.126  -1.981   5.494   0.596  -2.433   6.665   1.461  -2.112   4.041   1.468  -2.469   2.926   0.530 0.3277
64        4.334   1.503   1.913   4.677   0.242   2.564   5.059  -0.819   1.538   3.380  -0.307   3.516   3.514   0.239   4.906 0.2045
34        0.970   2.358  -3.619  -0.308   2.372  -4.325  -0.945   3.756  -4.280  -1.367   1.221  -3.659  -1.194  -0.088  -4.370 0.2346
44        1.227   6.504   3.853   0.274   7.562   4.178   0.339   7.924   5.657  -1.304   7.086   3.763  -1.597   7.502   2.352 0.2072
14        1.213   2.764   3.419   1.775   1.893   4.447   0.674   1.263   5.294   2.849   2.761   5.439   4.233   2.680   4.868 0.3001
19        0.156   5.607   1.800  -0.925   5.578   2.780  -0.495   6.226   4.091  -1.429   3.978   3.059  -2.529   3.627   2.103 0.2738
18       -2.220   5.848  -2.813  -3.633   5.689  -3.144  -4.298   7.041  -3.374  -4.441   4.844  -1.909  -4.393   3.373  -2.195 0.3012
55       -1.838   6.687   2.569  -2.777   6.680   3.687  -3.217   8.096   4.042  -2.080   5.928   5.043  -2.385   4.460   5.013 0.2192
32        0.023   5.024   4.882  -1.211   5.351   5.589  -0.923   5.808   7.014  -2.258   4.011   5.606  -3.148   4.056   4.400 0.2416
19       -1.936   4.514   3.784  -2.788   3.785   4.720  -2.495   4.191   6.159  -2.576   2.109   4.533  -3.554   1.592   3.519 0.2438
9        -1.063   3.823   4.585  -1.827   3.151   5.632  -1.611   1.643   5.587  -3.483   3.508   5.479  -3.806   4.734   6.281 0.2542
281       4.695   0.908   0.429   5.163   0.158   1.591   4.616  -1.265   1.582   4.711   0.947   3.028   5.793   1.903   3.434 0.1699
70        4.504   1.314  -1.338   5.517   0.509  -0.659   5.231  -0.980  -0.817   5.591   0.917   0.989   6.591   2.017   1.188 0.2068
26        0.003   2.840   4.538  -0.382   1.723   5.395  -0.891   2.216   6.745   0.930   0.665   5.617   0.913  -0.385   4.547 0.2332
22        0.068   2.712   4.904  -0.404   1.601   5.725  -0.009   1.790   7.185   0.212   0.128   5.141  -0.740  -0.448   4.134 0.2304
20       -0.106   3.682  -4.161  -1.324   3.168  -4.781  -1.942   4.201  -5.716  -2.449   2.713  -3.590  -2.240   1.272  -3.229 0.2700
26       -1.114   6.640   2.427  -2.479   7.033   2.088  -3.116   7.835   3.216  -3.422   5.661   1.742  -3.339   5.353   0.277 0.2944
43        0.482   3.383   5.068  -0.081   2.501   6.087   0.487   2.820   7.464   0.219   0.874   5.695  -0.912   0.342   4.866 0.2428
8         0.768   5.822   3.165   1.520   6.423   4.263   1.829   7.888   3.980   2.962   5.564   4.535   2.716   4.477   5.537 0.2678
31        1.779   2.757   5.237   1.930   1.594   6.107   0.620   1.262   6.812   3.157   1.865   7.252   4.470   1.397   6.699 0.2449
24       -3.664   4.934   0.030  -4.990   4.360   0.244  -6.084   5.363  -0.103  -5.160   3.845   1.856  -4.720   2.416   1.973 0.2560
104       0.220   4.196   5.104  -0.168   3.498   6.327  -0.438   4.483   7.459   1.040   2.395   6.790   0.769   1.063   6.157 0.1776
56        2.738   3.485   3.211   2.922   2.636   4.385   4.400   2.362   4.637   2.081   1.170   4.195   0.692   1.316   4.741 0.2206
15        1.222   1.083   3.958   1.043  -0.190   4.650   1.593  -1.347   3.824  -0.602  -0.451   4.995  -0.927   0.122   6.342 0.2053
8         1.092   3.270   5.724   0.465   2.630   6.877   0.631   1.116   6.823  -1.185   3.034   6.954  -1.358   4.276   7.776 0.3466
47        0.604   4.276   2.871   1.121   4.196   4.234   2.430   4.966   4.369   1.349   2.574   4.688   0.096   2.053   5.326 0.2346
31        0.379   3.143   5.029  -0.178   2.136   5.927  -1.583   2.518   6.377   0.830   1.925   7.280   1.837   0.852   6.992 0.2572
18        4.743   1.405   3.979   5.044   0.167   4.692   6.420   0.229   5.343   4.958  -1.162   3.635   3.563  -1.712   3.635 0.2858
9         3.473   2.643   4.420   2.650   3.127   5.524   3.119   2.548   6.854   1.016   2.736   5.263   0.349   3.851   4.514 0.3167
12       -0.021   5.780   2.568   0.178   6.112   3.976   0.936   5.004   4.699  -1.316   6.390   4.738  -1.669   7.844   4.631 0.3445
68        3.055   1.410   3.242   3.961   0.318   3.587   3.394  -1.026   3.146   4.262   0.303   5.260   5.461   1.153   5.560 0.1959
8         5.263   1.698   0.802   5.773   2.395   1.980   6.754   1.522   2.752   4.490   2.866   2.991   4.024   4.238   2.603 0.1938
60       -3.640   6.587  -0.086  -5.054   6.654  -0.444  -5.564   8.090  -0.400  -5.977   5.676   0.597  -6.082   4.295   0.022 0.2445
21        1.926   3.703   4.664   2.693   2.780   5.496   2.725   3.245   6.947   4.277   2.620   4.899   4.329   1.492   3.913 0.2369
9        -2.798   4.330   2.070  -3.927   3.859   2.868  -3.680   2.449   3.389  -5.359   3.901   1.952  -6.024   5.234   2.124 0.2870
21       -1.972   5.887   0.183  -3.325   5.598   0.649  -3.926   6.798   1.371  -3.322   4.242   1.675  -3.529   2.999   0.862 0.2832
29        4.381   3.099   2.486   5.188   2.045   3.094   6.661   2.205   2.736   4.632   0.515   2.605   3.593   0.029   3.571 0.2366
55       -4.191   5.114   0.926  -5.621   4.837   0.824  -6.445   6.064   1.193  -6.044   3.528   1.824  -5.924   2.249   1.050 0.1837
8        -1.319  -0.393  -4.715  -1.193  -1.796  -5.098  -0.981  -1.938  -6.601  -2.572  -2.668  -4.619  -2.364  -3.214  -3.238 0.3700
32       -2.178   5.779   1.085  -3.398   5.606   1.868  -4.432   6.668   1.515  -3.048   5.662   3.531  -2.749   4.279   4.026 0.2333
7        -1.864  -0.657  -4.407  -2.585  -1.917  -4.568  -3.698  -1.785  -5.601  -3.228  -2.426  -3.079  -2.230  -3.295  -2.373 0.5485
84        1.060   2.962   5.564   0.475   2.260   6.702   0.472   3.138   7.948   1.321   0.817   7.008   0.699  -0.302   6.227 0.1942
19        5.138   3.916  -0.446   6.258   2.981  -0.501   7.304   3.437  -1.511   5.710   1.420  -0.893   5.383   0.674   0.366 0.2847
69        3.765   2.457   2.698   4.263   1.312   3.455   5.770   1.157   3.287   3.473  -0.112   2.967   2.248  -0.317   3.809 0.2089
57        2.640   1.091   3.918   2.678  -0.176   4.643   2.356  -1.346   3.720   1.588  -0.146   5.948   2.287   0.368   7.171 0.1842
64        1.221   4.125   2.897   1.976   3.931   4.131   3.477   3.995   3.872   1.571   2.443   4.847   0.423   2.639   5.792 0.2298
12       -0.437   4.655   1.619  -1.884   4.818   1.525  -2.577   4.304   2.782  -2.485   4.009   0.156  -2.485   4.944  -1.017 0.2188
51       -3.874   4.720   2.004  -5.258   4.304   2.210  -6.061   5.396   2.907  -5.317   2.868   3.118  -5.291   1.689   2.191 0.1939
23        2.218   4.172   3.436   1.707   3.439   4.590   2.806   3.196   5.617   1.030   1.958   4.099  -0.428   2.149   3.801 0.2343
28       -1.878   7.345  -0.794  -3.175   7.511  -0.145  -3.600   8.975  -0.135  -3.125   6.908   1.444  -3.514   5.460   1.442 0.2594
53       -2.300   6.870  -0.432  -3.515   7.121   0.336  -4.257   8.343  -0.193  -3.144   7.332   1.982  -3.193   6.005   2.679 0.2096
14       -1.035   4.804   1.077  -2.139   4.835   2.032  -2.165   6.153   2.798  -2.021   3.532   3.118  -2.767   2.353   2.567 0.2550
103       1.164   6.243   4.317   0.129   7.095   4.897   0.734   8.131   5.837  -1.018   6.154   5.726  -2.120   5.764   4.786 0.1910
25        1.368   3.212   5.387   0.399   2.747   6.376   0.602   3.447   7.714   0.517   1.063   6.574  -0.408   0.379   5.612 0.2210
18        2.246   1.694   5.004   1.952   0.500   5.791   2.988   0.298   6.891   1.892  -0.872   4.788   0.489  -1.070   4.296 0.2496
101      -1.638   5.376   2.926  -2.263   4.792   4.109  -2.809   5.874   5.033  -1.150   3.817   4.948  -1.230   2.411   4.432 0.2085
10        1.637   3.114   4.051   0.353   3.507   4.625   0.356   3.343   6.141  -0.907   2.594   3.941  -1.436   3.300   2.729 0.3457
15        1.319   2.882   5.828   0.397   2.307   6.803  -1.042   2.706   6.499   0.817   2.794   8.376   1.776   1.804   8.967 0.3134
9        -1.539   6.527   2.743  -1.231   6.885   4.125   0.183   7.440   4.247  -1.418   5.535   5.143  -2.826   5.488   5.658 0.2925
41       -0.278   4.141   5.198  -1.219   3.707   6.226  -0.918   4.374   7.563  -1.174   2.016   6.396  -2.177   1.393   5.470 0.2324
19        0.279   3.910   5.546  -0.736   3.710   6.577  -1.474   5.009   6.880  -0.028   3.097   7.995  -0.036   1.598   7.951 0.2373
19        4.786   3.320   4.830   4.057   3.701   6.036   4.918   3.516   7.280   2.627   2.792   6.177   1.506   3.513   5.489 0.2484
7         2.661   1.769   3.137   3.613   0.719   3.488   2.931  -0.405   4.259   4.893   1.361   4.405   5.994   1.802   3.486 0.2944
15        4.902   1.713   3.851   5.992   1.096   4.601   7.347   1.581   4.100   5.902  -0.598   4.493   5.066  -1.127   5.621 0.2791
19        5.715   2.374   3.838   5.790   2.498   5.291   7.115   1.960   5.819   4.493   1.679   6.024   3.335   2.618   6.184 0.3252
98       -1.688   5.170   3.790  -2.180   4.613   5.047  -3.002   5.640   5.817  -0.883   4.068   6.002  -0.599   2.630   5.685 0.1781
8         4.431   3.994  -3.444   5.499   3.036  -3.712   6.001   3.161  -5.146   4.961   1.450  -3.419   5.237   1.085  -1.991 0.3124
18        0.424   5.068   4.034  -0.926   4.990   4.584  -1.093   5.940   5.765  -1.280   3.398   5.062  -1.899   2.657   3.914 0.2875
31       -0.687   5.313   4.225  -2.086   5.586   4.544  -2.275   7.032   4.989  -2.636   4.527   5.755  -3.209   3.296   5.118 0.2680
116      -3.689   5.509   0.779  -5.049   5.123   1.147  -6.040   6.237   0.832  -5.126   4.724   2.798  -4.856   3.259   2.972 0.1815
15        5.669  -0.475  -1.772   6.436  -1.718  -1.789   6.116  -2.542  -3.031   6.122  -2.628  -0.388   7.101  -2.250   0.683 0.2947
9         1.953   3.815   3.348   1.085   4.724   4.090   0.048   3.955   4.900   0.313   5.805   3.030   1.157   7.034   2.865 0.4111
67       -1.642   3.142   4.552  -2.588   2.348   5.331  -3.191   3.171   6.464  -1.825   0.964   5.958  -1.959  -0.166   4.982 0.1827
16       -0.495   3.802  -4.129  -1.900   3.517  -4.404  -2.086   3.000  -5.826  -2.847   4.908  -4.161  -3.320   4.948  -2.738 0.2789
5        -1.365   7.176   1.214  -1.992   7.431   2.508  -1.056   8.205   3.429  -2.454   5.969   3.241  -3.856   5.625   2.832 0.2755
16       -1.453   5.144  -2.108  -2.867   5.095  -1.746  -3.689   6.039  -2.616  -3.073   5.486  -0.105  -3.004   4.235   0.720 0.3154
38        1.836   1.592   3.866   2.283   0.409   4.597   2.083  -0.855   3.770   1.454   0.277   6.075   2.216   1.003   7.143 0.1907
12       -0.495   3.964   3.810  -0.411   3.513   5.196  -0.320   4.695   6.154   0.930   2.488   5.406   0.517   1.068   5.158 0.2366
13       -3.559   5.303   1.221  -4.745   4.664   1.784  -5.419   3.760   0.759  -5.843   5.837   2.339  -5.552   6.154   3.776 0.3239
27        2.059   4.634   3.562   1.940   3.971   4.857   2.855   4.617   5.891   2.301   2.316   4.711   1.045   1.555   4.408 0.2534
21        4.005   2.319   5.159   4.152   1.399   6.283   4.982   2.023   7.399   4.866  -0.056   5.769   3.794  -1.019   5.353 0.2637
22        3.900   1.189   2.784   4.992   0.219   2.766   4.586  -1.051   2.028   5.476  -0.158   4.352   6.561   0.785   4.781 0.2263
12        2.758   3.351   4.776   3.460   2.981   6.002   4.444   1.845   5.748   2.350   2.532   7.208   1.964   3.741   8.008 0.3167
5        -4.587   3.804   3.409  -4.831   5.163   3.883  -6.108   5.234   4.713  -4.928   6.240   2.571  -3.563   6.783   2.269 0.5355
33       -3.382   5.137   1.765  -4.673   4.580   2.159  -5.311   5.405   3.269  -4.493   2.966   2.662  -4.661   2.053   1.484 0.2264
32        1.704   2.839  -3.864   0.691   3.453  -4.718   0.440   4.901  -4.316  -0.759   2.568  -4.649  -0.754   1.516  -5.718 0.2264
16        1.524   6.269   1.374   1.011   6.504   2.720   1.380   7.899   3.212   1.606   5.330   3.796   0.663   4.164   3.835 0.2984
62        0.350   4.278   5.117   0.378   3.526   6.369  -0.151   4.366   7.525   1.958   2.998   6.708   2.174   1.644   6.099 0.1944
23        1.095   2.626   4.220   1.009   1.358   4.939   1.288   1.550   6.425   2.096   0.228   4.282   1.414  -0.548   3.195 0.2539
12       -2.192   5.894   0.988  -3.438   6.578   0.654  -4.627   5.630   0.747  -3.347   7.249  -0.905  -2.812   8.647  -0.818 0.3254
40        1.081   4.666   4.983   1.008   3.985   6.273   1.019   4.985   7.423   2.298   2.890   6.439   1.887   1.548   5.911 0.2039
15        0.249   4.590  -4.132  -1.108   4.410  -4.641  -1.627   5.691  -5.283  -2.151   3.920  -3.391  -2.174   2.422  -3.317 0.2367
9        -2.789   3.605   2.473  -3.740   2.619   2.977  -5.108   3.248   3.216  -3.162   1.917   4.414  -2.350   0.700   4.084 0.2833
18        6.208   0.795   0.205   7.166   0.692   1.302   8.002  -0.576   1.184   6.359   0.721   2.799   6.239   2.139   3.274 0.3108
29        2.359   3.523   3.080   2.053   2.886   4.358   2.893   1.630   4.559   0.399   2.504   4.450  -0.348   3.657   5.051 0.2512
13        1.173   3.809  -3.353   0.366   3.244  -4.431  -1.085   3.697  -4.325   0.451   1.546  -4.406   1.593   1.090  -5.265 0.2775
5        -1.509  -0.766  -5.237  -2.341  -1.888  -5.660  -3.611  -1.977  -4.822  -1.470  -3.345  -5.556  -0.772  -3.604  -6.857 0.2398
25        0.774   3.662   3.241   0.871   2.994   4.536   1.539   3.894   5.568   1.733   1.536   4.388   0.779   0.419   4.086 0.2480
39       -0.839   6.097   3.460  -1.491   5.932   4.755  -1.363   7.195   5.599  -0.831   4.605   5.587  -1.603   3.365   5.243 0.2482
33        2.832   2.725   4.954   3.470   1.660   5.723   3.349   1.916   7.220   5.107   1.513   5.286   5.237   0.532   4.159 0.2178
35        3.952   3.252   2.771   4.714   2.265   3.531   6.129   2.759   3.809   4.767   0.785   2.697   3.601  -0.064   3.109 0.2468
41        1.398   2.811   5.156   1.296   1.721   6.121   0.651   2.195   7.419   2.831   1.064   6.439   3.106  -0.053   5.476 0.2238
46        2.588   5.247   4.549   1.506   5.916   5.265   2.032   6.656   6.489   0.319   4.791   5.731  -0.712   4.674   4.648 0.2290
29        1.023   5.234   3.989   1.710   4.879   5.227   1.839   6.086   6.149   3.247   4.236   4.889   3.143   2.749   4.732 0.2415
48       -2.222   4.398   3.769  -3.091   3.553   4.584  -4.473   3.418   3.955  -3.225   4.182   6.157  -2.147   3.599   7.023 0.2398
22       -0.756   4.345   1.064  -1.424   4.242   2.358  -2.861   3.762   2.198  -1.395   5.739   3.162  -0.160   5.829   4.009 0.3608
49        1.608   2.624   5.360   1.194   1.732   6.439   1.564   2.309   7.801   1.901   0.198   6.244   0.995  -0.669   5.422 0.1882
52        1.270   1.527  -4.057   0.070   1.589  -4.887  -1.161   1.144  -4.105   0.259   0.625  -6.275   0.847   1.451  -7.380 0.2317
38       -2.409   5.598   2.709  -3.665   5.207   3.342  -4.814   5.231   2.342  -4.012   6.232   4.654  -3.412   5.663   5.905 0.2482
54        2.524   0.999   3.388   2.681  -0.332   3.967   3.621  -1.189   3.126   1.170  -1.097   4.115   0.579  -0.781   5.457 0.1877
24       -1.749   5.422   3.915  -2.534   4.872   5.016  -3.998   4.715   4.621  -2.404   5.864   6.390  -1.246   5.409   7.227 0.1872
101      -3.339   5.644   1.385  -4.788   5.553   1.532  -5.472   6.819   1.028  -5.204   5.272   3.156  -5.266   3.795   3.409 0.2073
75        3.345   2.650   3.004   4.644   2.059   3.316   5.711   2.532   2.336   4.544   0.362   3.294   4.190  -0.136   4.664 0.2372
15       -0.051   4.078   2.438  -1.407   4.619   2.423  -2.359   3.737   3.222  -1.964   4.779   0.824  -1.607   6.141   0.305 0.2966
67        4.794   0.788  -0.170   5.514   0.035   0.852   4.732  -1.204   1.273   5.824   1.017   2.205   7.147   1.702   2.033 0.2437
32       -1.261   4.447  -4.411  -2.586   4.177  -4.963  -2.804   4.941  -6.264  -3.792   4.587  -3.837  -4.103   3.395  -2.981 0.2421
46       -3.060   6.140   2.107  -4.486   6.043   2.409  -5.275   7.128   1.685  -4.746   6.153   4.085  -4.709   4.780   4.688 0.2431
11        2.302   2.229   3.512   3.366   1.317   3.921   3.248   0.963   5.398   4.889   2.004   3.606   5.336   1.620   2.227 0.3083
108      -3.291   5.753   1.387  -4.738   5.665   1.559  -5.316   6.993   2.034  -5.131   4.431   2.661  -5.322   3.141   1.920 0.1703
10       -0.344  -0.425  -4.525  -0.949  -1.652  -5.037  -1.815  -2.321  -3.976   0.254  -2.728  -5.572   0.540  -2.477  -7.022 0.4823
18       -2.005   5.563  -1.239  -3.384   5.391  -0.791  -4.166   6.694  -0.911  -3.421   4.834   0.815  -3.421   3.334   0.824 0.2354
15        5.048   1.981   0.769   6.165   1.919  -0.170   5.937   2.849  -1.356   6.395   0.325  -0.714   7.355  -0.381   0.197 0.2677
12        1.645   4.364   5.017   0.872   5.089   6.021   1.149   4.553   7.420  -0.790   4.987   5.676  -1.191   6.135   4.799 0.2774
7        -0.148   5.536  -0.273  -1.539   5.624  -0.707  -1.842   4.595  -1.791  -1.885   7.188  -1.276  -2.375   8.036  -0.139 0.2950
6         0.428   5.751   1.576  -0.760   5.788   2.423  -0.596   4.885   3.639  -2.136   5.326   1.536  -2.761   6.540   0.915 0.3373
47       -1.283   5.476   3.529  -1.584   5.089   4.904  -2.534   6.085   5.559  -0.152   4.965   5.813   0.376   3.564   5.725 0.2085
43        2.254   5.392   4.730   1.253   6.088   5.534   1.834   7.347   6.165   0.642   5.059   6.742  -0.554   4.323   6.215 0.2294
6        -1.209   5.701   3.508  -1.360   5.577   4.955  -1.474   4.115   5.371  -2.723   6.442   5.486  -2.322   7.846   5.829 0.3259
40        0.234   5.698   4.607  -0.982   6.231   5.214  -0.892   7.743   5.386  -1.270   5.490   6.716  -2.120   4.270   6.517 0.2395
79       -2.560   5.690   1.935  -3.421   5.338   3.061  -4.374   6.478   3.400  -2.484   4.938   4.422  -2.196   3.466   4.415 0.1894
7        -1.189   2.870   4.490  -1.334   1.812   5.486  -2.803   1.538   5.786  -0.514   2.227   6.916   0.897   1.722   6.848 0.2643
77        0.445   4.352   5.213  -0.258   3.975   6.436  -0.287   5.129   7.431   0.473   2.613   7.145  -0.166   1.367   6.608 0.2056
7        -2.191   6.867  -0.912  -2.817   7.310  -2.155  -4.328   7.428  -1.996  -2.446   6.238  -3.421  -1.189   6.687  -4.105 0.4520
6        -0.575   2.766   4.141  -1.054   1.741   5.064   0.002   1.408   6.111  -1.494   0.336   4.212  -2.943   0.415   3.832 0.3165
26        4.489   1.741  -2.204   5.771   1.197  -1.769   6.024  -0.174  -2.386   5.827   1.092  -0.073   6.381   2.367   0.489 0.2622
29        1.223   2.447   4.726   1.146   1.228   5.527   0.812   1.546   6.979   2.611   0.369   5.440   2.557  -0.596   4.293 0.2454
18        3.304   1.843   3.096   3.474   0.414   3.346   3.317   0.094   4.827   4.995  -0.108   2.794   4.882  -0.554   1.366 0.3188
33        0.051   4.529  -2.297  -1.330   4.535  -2.771  -2.178   5.522  -1.978  -2.000   2.976  -2.668  -1.752   2.239  -3.951 0.2078
6         6.259  -0.112  -2.504   6.746  -1.488  -2.535   7.240  -1.864  -3.927   5.524  -2.561  -2.040   5.602  -2.757  -0.555 0.2719
46       -0.172   4.631   4.852   0.054   3.970   6.134  -1.238   3.869   6.935   1.233   4.805   7.031   2.590   4.252   6.711 0.2597
26       -0.358   4.447  -1.810  -1.709   4.170  -2.290  -2.745   4.455  -1.208  -1.834   2.556  -2.808  -1.493   2.470  -4.265 0.2534
9        -2.352   4.439  -2.491  -3.653   3.885  -2.129  -3.963   2.633  -2.942  -4.876   5.045  -2.356  -5.060   5.831  -1.092 0.4195
27        0.502   4.169   5.402  -0.047   3.508   6.582  -1.407   4.086   6.953   1.025   3.651   7.895   1.967   2.484   7.901 0.2315
28       -0.120   4.598  -1.849  -1.292   5.371  -1.447  -0.990   6.232  -0.227  -2.601   4.336  -1.121  -3.395   4.123  -2.375 0.3006
32        0.511   3.969   5.244   0.935   3.142   6.370  -0.156   2.154   6.768   1.350   4.118   7.700   2.809   4.459   7.633 0.2625
30        0.311   3.950   5.177   0.252   3.001   6.285  -1.156   2.443   6.454   0.764   3.741   7.728   2.244   3.557   7.886 0.1920
71       -3.903   6.142  -0.020  -5.328   6.065  -0.328  -5.832   7.374  -0.925  -6.217   5.680   1.069  -6.346   4.191   1.186 0.1853
16       -0.191   3.640   4.045  -0.452   2.542   4.971  -0.498   3.038   6.411   0.733   1.334   4.808   0.290   0.335   3.781 0.2270
8         4.516   3.414   4.242   3.944   4.173   5.351   4.356   3.579   6.692   2.248   4.216   5.228   1.835   5.417   4.430 0.2837
13       -0.069   7.365   0.655  -0.926   8.063  -0.299  -1.737   9.155   0.388  -1.968   6.964  -1.074  -1.311   6.445  -2.319 0.2991
11        0.271   4.821   4.371  -0.618   5.626   5.202  -1.607   4.747   5.960  -1.456   6.759   4.250  -0.667   8.032   4.177 0.3579
18       -0.587   6.261  -1.593  -1.498   6.831  -0.605  -2.136   8.115  -1.123  -0.676   7.136   0.852  -0.761   5.927   1.736 0.3252
46       -0.785   5.224   3.427  -0.953   4.642   4.756  -1.463   5.681   5.749   0.514   3.982   5.304   0.603   2.545   4.884 0.2181
30        3.207   2.143   4.810   3.571   0.887   5.460   2.817   0.709   6.772   5.248   0.829   5.738   5.929   0.206   4.556 0.2454
8         4.717   4.345  -0.568   5.833   3.491  -0.962   7.092   4.313  -1.212   5.434   2.598  -2.353   4.814   1.294  -1.949 0.3070
10        1.869   5.890   4.243   2.953   5.992   5.216   4.052   6.923   4.716   3.597   4.455   5.550   2.861   3.845   6.705 0.2738
45        0.842   5.004   4.628   1.509   4.572   5.853   1.025   5.376   7.054   3.196   4.719   5.694   3.760   3.440   5.150 0.2355
19       -0.626   3.648   4.912  -0.971   2.610   5.879  -2.456   2.273   5.816  -0.551   3.101   7.452   0.852   2.664   7.754 0.2276
32       -1.487   5.014   4.314  -1.791   4.367   5.587  -3.060   3.529   5.488  -1.954   5.528   6.819  -0.620   5.765   7.463 0.2326
12        2.130   4.722   3.421   2.324   3.843   4.570   2.953   4.595   5.737   3.294   2.513   4.142   2.422   1.393   3.660 0.2454
12       -1.205   6.971   2.065  -2.433   7.699   1.758  -3.569   7.276   2.682  -2.878   7.453   0.136  -2.249   8.511  -0.722 0.2557
8         2.040   4.319   3.393   1.133   5.193   4.131  -0.308   4.711   4.018   1.259   6.792   3.566   2.311   7.518   4.351 0.3873
19        2.565   4.196   4.684   3.067   3.170   5.593   2.427   1.817   5.301   2.777   3.615   7.208   3.948   4.394   7.730 0.2906
5        -2.395   4.228  -1.271  -3.516   3.356  -1.611  -4.073   2.668  -0.370  -3.036   2.194  -2.756  -3.267   2.729  -4.138 0.3707
8         1.006  -1.128  -4.941   1.727  -2.397  -4.906   3.009  -2.322  -5.726   0.740  -3.656  -5.480  -0.017  -4.260  -4.334 0.2583
50        1.642   3.325   3.309   2.126   2.630   4.498   3.515   2.045   4.264   1.044   1.399   4.948   0.029   1.951   5.904 0.2060
18        1.140   3.447  -4.189  -0.133   3.418  -4.904   0.039   3.866  -6.350  -1.277   4.402  -4.120  -2.030   3.587  -3.111 0.2753
18       -0.839   4.967   2.121  -1.714   4.577   3.222  -2.285   5.801   3.930  -0.873   3.601   4.332  -1.020   2.161   3.942 0.2544
10       -1.351  -1.056  -5.532  -1.827  -2.418  -5.756  -1.431  -2.917  -7.141  -3.515  -2.495  -5.569  -3.846  -2.807  -4.140 0.2805
8        -2.289   6.016   0.918  -3.634   5.949   1.483  -3.952   4.543   1.979  -4.787   6.435   0.332  -5.009   7.915   0.441 0.3862
16        4.093   2.549  -4.444   3.568   2.087  -5.726   3.630   3.191  -6.775   1.969   1.539  -5.549   1.974   0.074  -5.228 0.2841
19        4.886   1.887   0.314   5.701   0.677   0.255   6.668   0.723  -0.922   4.710  -0.700   0.142   4.389  -1.200   1.520 0.2905
7         6.275   1.115  -0.007   6.658   0.081   0.949   8.063   0.325   1.487   6.569  -1.456   0.228   5.197  -2.027   0.435 0.3954
44        2.099   1.206  -4.229   1.200   1.085  -5.374  -0.239   1.392  -4.977   1.300  -0.475  -6.044   2.361  -0.498  -7.103 0.1864
25       -0.677   4.988   0.254  -1.308   5.522   1.457  -0.414   6.555   2.134  -1.674   4.266   2.543  -3.054   3.751   2.265 0.1841
19        0.222   5.529   3.485  -1.150   6.004   3.333  -1.552   6.903   4.497  -2.223   4.691   3.212  -2.387   4.309   1.771 0.2381
45        3.919   2.700   2.757   4.557   1.652   3.548   5.700   1.002   2.777   3.418   0.476   4.004   2.811   0.852   5.323 0.2435
81        3.399   0.703   3.226   4.038  -0.555   3.603   4.214  -1.465   2.393   3.128  -1.347   4.801   3.598  -0.910   6.156 0.1789
35       -0.778   6.900   3.355  -1.854   7.886   3.354  -1.912   8.637   4.680  -3.348   7.134   3.044  -3.603   7.120   1.566 0.1895
7         0.179   4.199  -3.156  -1.110   4.860  -3.342  -1.712   5.275  -2.005  -2.185   3.839  -4.175  -2.054   4.073  -5.650 0.2713
7         0.815   5.961  -2.816   0.065   7.197  -2.613   1.003   8.381  -2.409  -0.980   7.044  -1.280  -2.309   6.526  -1.744 0.3150
12        3.979   1.486   2.178   4.949   0.406   2.021   4.718  -0.694   3.051   6.534   1.007   2.155   7.032   1.410   0.799 0.2907
17       -3.354   3.694   2.670  -4.438   2.826   3.120  -5.782   3.541   3.044  -4.150   2.293   4.709  -3.377   1.008   4.673 0.2569
16        2.927   2.985   3.179   3.053   1.780   3.994   2.193   1.873   5.249   4.679   1.519   4.419   5.338   0.666   3.376 0.3097
65        3.623   2.087   2.640   3.984   0.798   3.222   5.494   0.672   3.385   3.394  -0.473   2.259   2.018  -0.853   2.720 0.1875
7         4.069   4.446   1.776   4.648   3.492   2.718   4.975   4.164   4.047   6.048   2.785   2.062   5.675   1.542   1.311 0.2804
25        2.612   2.530   3.810   3.557   1.758   4.613   4.719   1.259   3.763   2.771   0.446   5.355   2.252   0.868   6.697 0.2469
21        6.176   0.836   2.886   6.621   0.970   4.270   6.854  -0.396   4.905   5.483   1.849   5.177   5.818   3.310   5.118 0.3277
23        1.616   4.718  -4.531   0.328   5.127  -5.083   0.494   6.274  -6.073  -0.734   5.582  -3.836  -1.513   4.384  -3.380 0.2323
121       4.057   1.269   2.215   3.866   0.304   3.294   3.737  -1.112   2.747   2.491   0.703   4.211   2.887   1.612   5.336 0.1352
13        3.246   1.157  -4.365   3.148   0.344  -5.574   2.182   0.965  -6.576   2.653  -1.236  -5.188   3.859  -2.088  -4.928 0.2338
37        3.608   1.584   2.735   3.582   0.352   3.519   4.317  -0.772   2.799   1.978  -0.112   3.840   1.527   0.505   5.131 0.1900
21        2.829   2.507   5.996   2.948   1.599   7.133   2.918   2.365   8.451   4.380   0.690   7.019   4.108  -0.579   6.266 0.2359
22       -0.304   5.118  -0.951  -1.739   5.312  -0.768  -2.023   6.560   0.060  -2.432   3.949  -0.025  -2.880   2.979  -1.077 0.2349
112       3.864   2.351   2.585   4.611   1.233   3.153   6.111   1.418   2.955   4.107  -0.233   2.456   2.982  -0.810   3.262 0.1649
35        4.527   1.217   1.530   4.678   0.334   2.683   3.805  -0.907   2.541   4.288   1.160   4.117   5.523   1.803   4.676 0.2157
20        5.338   0.682  -3.549   5.021  -0.334  -4.549   5.583   0.046  -5.914   3.339  -0.559  -4.654   2.918  -1.632  -3.694 0.3184
19       -0.340   5.626   2.519  -0.210   6.017   3.920   0.496   7.361   4.052   0.636   4.827   4.792  -0.336   3.829   5.347 0.3030
39        0.601   3.424  -5.008  -0.671   3.215  -5.694  -0.489   3.239  -7.207  -1.800   4.398  -5.224  -2.568   3.909  -4.032 0.2020
9         3.876   4.254   3.260   5.298   4.184   3.581   6.064   5.331   2.931   5.947   2.694   3.082   5.830   1.699   4.198 0.2493
21        1.573   5.873   3.715   0.826   6.886   4.455   0.474   6.395   5.854  -0.588   7.313   3.613  -0.294   8.460   2.693 0.2989
35        2.320   2.896  -3.923   1.534   3.651  -4.894   0.595   4.630  -4.199   0.646   2.595  -5.888   1.462   2.238  -7.094 0.2744
47        3.429   2.020   4.838   4.263   1.521   5.928   5.662   1.171   5.433   3.543   0.161   6.651   2.654   0.603   7.774 0.1853
14        5.940   0.724   2.966   6.340  -0.418   3.784   7.848  -0.432   4.006   5.844  -1.872   3.055   4.472  -2.233   3.543 0.3634
34        5.640   3.401   4.493   5.197   3.784   5.830   6.379   3.920   6.783   4.087   2.648   6.436   2.695   3.055   6.053 0.1934
35        2.820   6.176   3.950   1.902   7.250   4.318   2.442   8.054   5.495   0.370   6.619   4.696  -0.471   6.569   3.455 0.2531
29        4.071   0.482   1.714   3.941  -0.024   3.077   3.255  -1.385   3.095   3.075   1.078   4.039   4.029   2.042   4.679 0.2000
26        4.112   2.350   2.503   4.685   1.120   3.043   6.151   1.314   3.413   4.530  -0.148   1.921   3.233  -0.864   2.152 0.2360
26        1.460   3.072   5.567   1.330   2.083   6.633   0.096   2.354   7.485   2.723   2.077   7.609   3.712   1.092   7.061 0.2224
24       -0.533   3.357  -5.476  -1.502   2.717  -6.361  -1.611   3.461  -7.686  -3.026   2.635  -5.612  -3.141   1.347  -4.851 0.2626
4         1.569  -0.051  -5.543   2.507  -1.102  -5.926   2.220  -1.608  -7.334   2.440  -2.390  -4.818   3.431  -2.156  -3.717 0.3528
5         1.463   2.381   3.521   1.481   1.188   4.363   0.203   1.076   5.185   2.836   1.207   5.391   3.988   0.528   4.713 0.2119
41        1.013   4.608   2.624   0.289   4.281   3.849   1.230   3.721   4.909  -0.953   3.167   3.525  -2.214   3.907   3.191 0.2187
7         0.551   4.513   2.153  -0.052   3.669   3.181  -1.434   4.180   3.569   0.950   3.597   4.553   1.900   2.444   4.418 0.3264
79        4.197   1.368   2.180   4.128   0.417   3.287   3.579  -0.927   2.823   3.166   1.038   4.543   4.027   1.811   5.498 0.1696
8        -1.370   3.981  -2.462  -2.822   3.973  -2.307  -3.219   3.613  -0.880  -3.529   2.882  -3.402  -3.850   3.595  -4.682 0.2971
14        0.156   3.922   2.952  -1.102   4.633   3.164  -2.297   3.723   2.907  -1.185   6.003   2.160  -0.603   7.185   2.877 0.4160
29        3.347   1.025  -4.710   2.960   0.123  -5.791   3.626   0.520  -7.103   1.270   0.109  -5.975   0.681  -0.965  -5.109 0.2643
19        5.511   3.168   3.873   5.060   3.098   5.260   6.225   3.285   6.225   4.288   1.614   5.559   2.821   1.748   5.278 0.2252
16       -0.079   5.374   1.701   0.003   5.776   3.102   1.452   5.966   3.535  -0.757   4.624   4.095  -2.203   4.984   4.262 0.2532
11       -0.273  -1.134  -4.431  -1.037  -2.354  -4.680  -1.228  -3.153  -3.396  -0.262  -3.310  -5.853  -0.763  -2.933  -7.216 0.3896
11        0.276   5.778  -2.509  -1.030   6.385  -2.266  -0.927   7.905  -2.208  -1.701   5.791  -0.821  -2.523   4.572  -1.116 0.3001
20        2.109   1.790  -4.973   1.511   1.496  -6.272   0.728   2.693  -6.800   0.494   0.137  -6.163   1.286  -1.104  -6.448 0.3220
27        3.149   2.462   3.588   3.476   1.209   4.262   4.592   1.409   5.280   3.926   0.024   3.129   2.709  -0.737   2.692 0.2159
19        0.191   4.192   3.452   0.421   3.976   4.878   1.845   4.355   5.267   0.115   2.355   5.290  -1.324   2.202   5.682 0.2482
25        3.311   3.730   3.164   3.926   2.872   4.172   5.441   3.042   4.187   3.524   1.244   3.890   2.265   0.904   4.630 0.2329
8        -2.215   3.659  -2.848  -2.860   2.723  -3.763  -2.375   1.298  -3.524  -2.569   3.175  -5.376  -3.655   4.099  -5.841 0.4373
23        3.327   5.140   2.263   3.649   4.636   3.595   4.805   5.416   4.212   4.033   2.981   3.526   2.786   2.170   3.717 0.2694
12        4.804   3.254   2.002   5.800   2.279   2.436   6.950   2.189   1.440   5.085   0.750   2.639   4.597   0.610   4.050 0.2658
19        0.347   6.294   3.897  -0.897   7.036   4.077  -1.268   7.137   5.552  -2.159   6.300   3.207  -2.221   6.883   1.827 0.2024
37        3.254   5.118   4.551   2.736   5.945   5.638   3.671   5.919   6.841   1.184   5.421   6.094   0.152   6.152   5.287 0.2010
11        2.432   3.061   4.066   3.381   2.529   5.039   3.946   1.190   4.579   2.640   2.358   6.559   2.816   3.622   7.347 0.3273
18        2.885   2.238   5.648   2.665   1.278   6.726   3.140   1.836   8.063   3.462  -0.185   6.388   2.538  -1.094   5.633 0.2395
24        2.479   2.439   5.634   2.154   1.631   6.806   1.911   2.509   8.027   3.401   0.520   7.125   3.131  -0.759   6.391 0.2807
7        -0.501   4.980   1.499  -1.178   4.362   2.635  -2.080   5.363   3.348  -0.042   3.720   3.725   0.254   2.296   3.358 0.3228
14        3.269   3.310   4.901   4.172   3.162   6.039   5.625   3.341   5.613   3.962   1.642   6.770   2.918   1.744   7.843 0.2598
5        -0.699  -0.852  -4.243  -1.533  -2.035  -4.438  -2.890  -1.867  -3.766  -0.750  -3.418  -3.833   0.075  -4.041  -4.919 0.3047
24       -1.498   5.449  -3.107  -2.949   5.606  -3.134  -3.410   6.218  -4.452  -3.466   6.570  -1.832  -3.764   5.695  -0.651 0.2415
21        4.216   0.380  -3.631   4.105  -0.182  -4.974   3.175   0.655  -5.844   3.547  -1.787  -4.901   4.718  -2.719  -4.803 0.2267
25       -2.748   5.616   1.977  -3.815   5.258   2.908  -5.164   5.775   2.421  -3.481   5.871   4.458  -2.703   4.855   5.241 0.2578
9        -0.276   2.249  -3.729  -1.635   1.906  -4.137  -2.498   1.556  -2.930  -1.615   0.609  -5.235  -1.521   1.140  -6.635 0.2762
8         4.087   2.639   2.459   4.710   1.319   2.417   5.881   1.234   3.390   5.235   0.960   0.840   4.135   0.265   0.094 0.3298
48        2.489   0.932   3.657   2.840  -0.338   4.287   3.666  -1.207   3.346   1.438  -1.169   4.769   1.082  -0.778   6.173 0.1767
12        4.709   1.912  -0.440   5.421   0.717   0.004   6.183   0.981   1.298   6.490   0.180  -1.204   5.784  -0.792  -2.100 0.3148
21        3.991   1.313   2.271   5.104   0.401   2.022   4.619  -1.040   1.913   6.266   0.533   3.256   7.275   1.578   2.883 0.2161
30        1.425   5.723   4.568   0.734   6.781   5.300   1.198   6.839   6.750  -0.948   6.546   5.234  -1.506   7.257   4.037 0.2079
25        4.385   1.579   1.849   5.578   0.868   1.398   6.712   1.839   1.090   5.225  -0.070   0.025   4.790  -1.440   0.454 0.2858
19        1.068   4.627   2.808   1.738   4.604   4.105   3.169   4.096   3.975   0.873   3.635   5.203  -0.126   4.481   5.936 0.2686
23       -1.452   6.558   3.402  -2.715   6.802   4.092  -2.847   8.266   4.495  -2.844   5.805   5.464  -3.507   4.515   5.084 0.2357
9        -0.418   6.479   0.903  -0.075   7.474   1.915   1.400   7.389   2.290  -1.042   7.270   3.298  -2.286   8.098   3.165 0.4695
11        2.902   3.784  -4.751   3.626   2.782  -5.528   3.922   3.288  -6.935   2.738   1.334  -5.604   3.119   0.454  -4.450 0.3150
17        3.756   5.208   2.077   4.195   4.964   3.448   5.147   6.056   3.922   4.946   3.444   3.568   3.919   2.404   3.903 0.2618
11        0.271   5.305   5.033   0.046   4.720   6.352   1.187   5.059   7.304  -0.130   3.033   6.230  -1.578   2.695   6.032 0.3095
7         4.936  -0.087  -3.207   5.251  -1.501  -3.393   5.046  -1.923  -4.843   4.297  -2.462  -2.365   5.010  -2.659  -1.061 0.2894
9         3.852   3.452   3.862   4.971   2.576   4.197   5.403   2.768   5.646   6.283   2.863   3.154   6.175   1.968   1.956 0.2991
13        0.089   5.518   1.445  -1.265   5.946   1.107  -2.194   5.830   2.309  -1.871   5.028  -0.189  -1.528   5.703  -1.484 0.3886
12       -2.436   6.230  -0.280  -3.859   6.100   0.018  -4.086   5.805   1.496  -4.555   4.875  -0.934  -5.061   5.466  -2.216 0.4144
7        -0.573  -0.952  -4.154  -1.487  -2.085  -4.265  -2.088  -2.440  -2.910  -0.684  -3.433  -4.919  -0.811  -3.415  -6.413 0.1952
30        4.420   4.058   2.203   5.326   3.151   2.902   6.697   3.788   3.097   5.478   1.689   2.048   4.434   0.722   2.521 0.2682
21       -4.358   5.817  -0.501  -5.733   5.490  -0.869  -6.693   6.593  -0.438  -6.197   4.009  -0.176  -5.869   2.890  -1.120 0.2515
42        2.482   2.503   3.330   3.553   1.784   4.013   4.738   2.700   4.293   4.054   0.447   3.089   3.246  -0.757   3.472 0.2029
15        4.712   1.479   2.897   6.095   1.021   2.813   6.538   0.872   1.363   6.281  -0.457   3.634   6.644  -0.192   5.065 0.3009
40        1.395   1.511  -4.025   0.265   1.290  -4.923  -0.939   2.128  -4.508  -0.155  -0.357  -4.954   0.612  -1.048  -6.042 0.2414
11        3.936   1.908   4.635   4.950   1.489   5.598   6.111   2.476   5.638   5.520  -0.068   5.221   4.683  -1.092   5.928 0.2385
22        4.854   4.013   0.574   5.890   3.079   1.007   7.257   3.753   1.040   5.933   1.723  -0.018   5.012   0.666   0.513 0.2625
12        4.323   3.216   3.143   5.741   2.913   3.317   6.551   4.185   3.542   6.339   2.073   1.966   6.181   0.597   2.185 0.2953
62        4.817   1.358   0.695   5.268   0.247   1.527   4.973  -1.092   0.861   4.527   0.313   3.057   5.379   1.121   3.990 0.2139
21        4.894   1.874  -0.152   5.663   0.699   0.247   6.146  -0.081  -0.970   4.731  -0.308   1.252   4.934   0.088   2.684 0.2203
10        2.316   3.551   5.704   2.268   2.940   7.029   3.342   3.522   7.941   2.453   1.254   6.912   1.106   0.612   6.765 0.2688
26        4.224   4.487   5.102   3.489   4.900   6.294   4.423   5.517   7.328   2.663   3.577   6.969   1.289   3.487   6.373 0.2074
26        4.509   3.410   4.996   3.881   3.428   6.314   4.699   4.253   7.300   3.684   1.845   6.901   2.349   1.314   6.471 0.2444
30        2.423   1.504   4.931   2.853   0.754   6.108   4.181   0.050   5.855   1.668  -0.380   6.555   0.715   0.250   7.527 0.2419
9         1.632   5.568  -3.633   0.689   6.658  -3.397   1.126   7.927  -4.118   0.535   6.958  -1.730  -0.575   6.117  -1.172 0.2480
19        4.745   1.765   0.972   5.297   0.455   1.304   6.050  -0.140   0.120   4.060  -0.601   1.799   3.880  -0.500   3.284 0.2046
32        0.597   2.330   4.671   0.107   1.306   5.591   0.110   1.813   7.028   1.049  -0.103   5.467   0.459  -1.010   4.428 0.2141
10        1.039   3.285   3.212   0.670   2.420   4.330   1.837   2.243   5.294   0.149   0.906   3.761  -1.333   0.940   3.533 0.5335
14       -1.901   4.559  -3.827  -3.232   4.086  -4.194  -4.238   5.231  -4.201  -3.745   2.866  -3.127  -3.321   1.528  -3.657 0.3433
14        3.394   3.859  -4.241   2.493   4.592  -5.126   3.112   5.914  -5.566   1.003   4.873  -4.356   0.070   3.735  -4.644 0.2299
6         1.633   1.291  -4.512   1.419  -0.090  -4.933   0.559  -0.155  -6.189   0.694  -0.986  -3.683   1.759  -1.601  -2.825 0.3056
16        5.675  -0.452  -2.214   5.321  -1.500  -3.166   6.566  -2.114  -3.795   4.300  -0.883  -4.377   2.870  -1.036  -3.952 0.2887
7         3.542   4.959   2.079   3.954   4.573   3.425   4.178   5.799   4.304   5.369   3.632   3.366   5.001   2.182   3.257 0.1909
18        7.328   1.007   2.439   7.457   0.511   3.806   8.731  -0.308   3.975   6.101  -0.424   4.229   5.055   0.460   4.839 0.2352
45        3.617   0.791   3.173   4.464  -0.370   3.430   4.295  -1.424   2.342   4.107  -1.040   4.951   4.975  -0.402   5.995 0.1634
8         2.460   3.248   4.573   3.519   2.422   5.146   2.976   1.518   6.246   4.768   3.400   5.758   5.786   3.643   4.683 0.2614
13        2.220   6.171  -0.158   0.864   6.711  -0.121   0.852   8.128   0.439  -0.148   5.709   0.806  -0.777   4.675  -0.080 0.3138
20        3.171   1.564   3.105   2.843   0.488   4.036   2.871  -0.868   3.339   1.316   0.753   4.735   1.475   1.550   5.995 0.1848
15        4.672   2.315   0.728   5.693   1.363   0.300   5.493   0.962  -1.157   5.670  -0.017   1.293   6.600   0.185   2.452 0.3514
22       -1.574   5.562   0.944  -2.754   5.275   1.755  -3.680   6.484   1.823  -2.296   4.802   3.323  -2.126   3.313   3.366 0.2773
21        4.403   4.996   1.531   5.594   4.439   2.166   6.701   5.481   2.267   6.146   3.082   1.303   5.496   1.845   1.848 0.2358
8        -2.432   5.790   2.067  -3.519   6.709   1.742  -4.375   7.002   2.968  -4.483   6.070   0.495  -3.947   6.519  -0.832 0.4020
37        2.605   1.827   3.269   3.269   0.655   3.832   4.774   0.873   3.934   2.941  -0.722   2.889   1.705  -1.398   3.404 0.2070
27        2.320   3.997   3.195   2.353   3.385   4.520   3.600   2.528   4.699   0.958   2.446   4.774  -0.112   3.296   5.391 0.2434
5         4.517   1.519   1.315   5.637   1.094   0.480   6.535   0.113   1.224   6.541   2.441  -0.030   5.994   2.945  -1.333 0.2013
10        4.666   1.401  -1.617   5.635   0.314  -1.516   4.936  -1.036  -1.408   6.655   0.552  -0.176   7.857   1.343  -0.597 0.3292
56        3.009   1.814   3.095   4.004   0.821   3.489   5.413   1.398   3.420   3.890  -0.559   2.502   2.933  -1.536   3.117 0.1898
33        1.665   3.417  -4.807   0.405   3.388  -5.544   0.482   4.252  -6.797  -0.874   3.910  -4.553  -1.470   2.731  -3.843 0.2317
11        3.327   0.442  -4.795   3.216  -0.584  -5.828   3.216   0.037  -7.220   1.805  -1.505  -5.600   2.112  -2.680  -4.720 0.2855
15        3.572   0.743  -4.199   3.004  -0.168  -5.188   2.328   0.600  -6.318   1.892  -1.224  -4.453   2.606  -2.459  -3.990 0.3187
4         0.391  -1.588  -5.324   0.955  -2.911  -5.578   1.041  -3.193  -7.073   0.024  -4.109  -4.810   0.555  -4.345  -3.428 0.2759
13        1.421   5.681  -2.613   0.228   6.483  -2.863   0.119   7.631  -1.866  -1.166   5.512  -2.790  -1.467   4.965  -4.153 0.4041
60        4.264   1.993   2.104   5.076   0.801   2.333   6.293   0.781   1.414   4.147  -0.604   2.100   3.514  -1.005   3.399 0.2055
29        2.688   3.162   3.226   3.265   2.297   4.251   4.663   2.765   4.641   3.320   0.687   3.708   2.049  -0.012   4.088 0.2057
75        3.074   1.897   3.049   3.961   0.813   3.463   5.295   0.884   2.730   3.223  -0.694   3.188   2.450  -1.102   4.407 0.1892
23        3.989   1.909  -4.192   3.310   1.524  -5.425   4.198   1.768  -6.640   1.849   2.377  -5.590   0.740   1.598  -4.948 0.2751
13        1.943   3.943   3.930   3.132   3.960   4.778   4.349   4.458   4.007   3.434   2.409   5.406   2.722   2.253   6.717 0.3222
31       -0.606   4.859   3.804  -0.942   4.234   5.079  -1.934   5.084   5.863   0.463   3.977   6.003   1.025   2.621   5.691 0.2357
59        1.197   3.320   3.220   1.902   2.793   4.385   3.358   3.243   4.395   1.816   1.095   4.413   0.600   0.669   5.181 0.2006
7         5.078   1.946  -0.618   5.623   0.655  -1.026   7.118   0.575  -0.744   5.326   0.380  -2.678   4.012  -0.325  -2.839 0.2963
34        2.901   0.629  -4.320   2.379   0.028  -5.544   0.926   0.424  -5.774   2.519  -1.665  -5.480   3.842  -2.080  -6.053 0.2250
6         5.512   2.354   3.466   5.201   1.824   4.791   6.385   1.057   5.367   3.833   0.818   4.721   2.598   1.636   4.956 0.3376
13        4.212  -0.914   3.403   3.941  -2.348   3.457   3.197  -2.718   4.735   5.390  -3.230   3.351   5.692  -3.524   1.911 0.2291
14       -0.510   5.716  -3.003  -1.888   6.103  -2.715  -2.189   7.499  -3.248  -2.184   6.043  -1.042  -2.681   4.677  -0.671 0.2394
11        3.707  -0.393   3.651   3.938  -1.738   4.169   3.283  -2.789   3.280   3.349  -1.871   5.759   4.436  -1.507   6.727 0.2336
27        2.273   1.000   3.767   2.178  -0.273   4.476   2.536  -1.439   3.562   0.613  -0.486   5.107   0.551   0.085   6.492 0.1726
28       -0.595   6.805   0.617  -1.152   7.180   1.914  -2.087   8.377   1.784   0.095   7.531   3.016   0.483   6.280   3.746 0.2348
10        5.095   2.652   1.047   6.219   1.805   0.658   6.451   1.856  -0.847   5.952   0.200   1.153   6.511   0.002   2.531 0.3215
7         5.268   1.556   4.780   5.602   0.599   5.831   7.074   0.207   5.768   4.624  -0.785   5.706   3.381  -0.595   6.524 0.2555
11        2.523   1.939  -3.897   1.418   1.317  -4.621   1.692   1.286  -6.120  -0.034   2.145  -4.311  -0.711   1.538  -3.118 0.2990
21        3.080   3.136   3.401   2.845   2.135   4.437   4.150   1.720   5.106   2.066   0.774   3.781   0.580   0.956   3.871 0.2362
23        4.336   4.196   1.345   5.048   3.201   2.142   6.315   3.790   2.751   5.432   1.844   1.193   4.316   0.846   1.271 0.2800
5         3.528   1.914  -2.848   3.404   1.084  -4.042   2.013   1.208  -4.654   3.734  -0.542  -3.671   5.198  -0.810  -3.857 0.3574
28        2.395   2.557   4.792   2.735   1.281   5.416   2.889   1.432   6.924   4.165   0.654   4.743   3.825  -0.216   3.569 0.2858
7         2.481   3.893   2.848   3.215   3.063   3.799   2.562   1.694   3.950   3.307   3.834   5.311   4.546   4.678   5.367 0.3466
8        -1.992  -1.032  -5.120  -2.882  -2.189  -5.110  -2.719  -3.018  -6.379  -4.499  -1.693  -4.941  -4.855  -1.633  -3.486 0.3347
5        -2.392   4.907   2.523  -1.353   5.553   3.320  -0.072   4.727   3.325  -1.894   5.799   4.913  -2.554   7.142   5.015 0.4116
22        2.727   4.139   4.884   1.612   4.328   5.807   2.102   4.790   7.174   0.721   2.888   5.963  -0.369   2.860   4.933 0.2634
12        4.817   1.731  -0.281   5.548   1.663  -1.543   5.551   3.014  -2.249   4.872   0.477  -2.556   5.545  -0.839  -2.303 0.2209
12        4.208   4.635   1.810   4.589   3.931   3.031   6.069   4.127   3.338   4.236   2.274   2.895   2.845   2.016   3.395 0.2419
19        4.359   1.593  -2.151   5.573   0.941  -1.667   5.914  -0.280  -2.513   5.394   0.490  -0.038   5.860   1.610   0.845 0.2539
5         4.882   0.942   1.416   5.991   0.497   0.577   5.497   0.047  -0.793   6.839  -0.767   1.335   7.941  -0.195   2.177 0.2679
6         2.451   1.302   3.296   2.826  -0.108   3.269   3.899  -0.411   4.309   3.374  -0.548   1.721   2.215  -1.026   0.898 0.2741
8         0.626   3.333  -3.338  -0.704   3.245  -3.935  -1.350   1.896  -3.640  -0.618   3.496  -5.614  -0.779   4.958  -5.910 0.4262
26        3.812   1.003   3.002   4.697  -0.138   3.218   5.106  -0.775   1.895   3.942  -1.293   4.212   4.262  -1.002   5.649 0.2244
9         5.208   2.530   1.812   6.499   2.122   1.265   7.305   3.331   0.803   6.280   1.038  -0.026   6.262  -0.367   0.498 0.2562
6         2.701   1.042  -3.210   2.114   0.226  -4.269   3.026   0.171  -5.489   0.588   0.833  -4.708  -0.470   0.182  -3.867 0.3099
80        3.608   0.793   2.833   4.269  -0.482   3.095   4.707  -1.150   1.797   3.239  -1.517   3.966   3.449  -1.311   5.436 0.1701
45       -0.056   3.532  -4.854  -1.417   3.265  -5.309  -1.622   3.747  -6.741  -2.545   4.010  -4.277  -2.919   3.062  -3.177 0.1860
31        3.766   1.503   2.409   4.863   0.547   2.296   5.912   1.031   1.302   4.276  -0.978   1.828   3.940  -1.781   3.049 0.1758
13        4.093   2.220   2.512   4.061   1.628   3.846   4.912   0.365   3.906   2.461   1.275   4.301   1.870   2.458   5.008 0.3307
4        -2.119   2.339  -3.063  -3.401   1.781  -2.644  -4.437   1.889  -3.756  -3.962   2.569  -1.246  -3.456   1.852  -0.030 0.4652
19        0.887   6.739   2.710  -0.400   7.422   2.618  -0.271   8.890   3.008  -1.551   6.655   3.607  -2.261   5.596   2.818 0.2860
19        3.187  -0.139   3.946   3.299  -1.517   4.414   3.339  -2.493   3.243   2.005  -1.900   5.448   2.384  -1.579   6.863 0.1646
TOTRMS: 0.2225
BEFORE: 1013 0.20722619556921107
AFTER: 600 0.22245228285802035
