697       3.909   1.581  -1.471   4.900   1.560  -2.543   4.784   2.800  -3.422   4.723   0.157  -3.487   5.577  -0.938  -2.920 0.1203
251       0.384   5.194   0.535  -0.564   6.223   0.952  -0.479   7.447   0.047  -0.282   6.671   2.567  -1.100   5.804   3.477 0.1735
230       1.248   4.487   1.156   0.717   5.409   2.156   1.092   6.850   1.830   1.283   4.995   3.705   0.329   4.032   4.346 0.1831
213       2.522   2.461   2.487   2.416   3.130   3.780   3.780   3.247   4.451   1.338   2.294   4.794  -0.048   2.835   4.604 0.1578
1646      3.841   1.571  -1.288   4.448   1.678  -2.612   3.493   2.334  -3.602   4.912   0.143  -3.178   6.322  -0.141  -2.752 0.1050
22        3.240   2.212   2.374   3.749   2.571   3.695   2.615   2.700   4.704   4.629   4.024   3.616   6.071   3.721   3.340 0.2704
131       2.042   4.866  -0.768   1.301   6.095  -1.035   1.558   6.593  -2.453   1.720   7.298   0.091   0.803   7.216   1.275 0.1995
1759      0.501   4.062   1.372   0.605   4.703   2.680   1.710   4.067   3.516  -0.878   4.612   3.506  -1.706   5.819   3.180 0.1019
191       1.294   4.012   1.584   0.959   4.659   2.849   1.539   6.067   2.916   1.523   3.732   4.157   0.459   2.762   4.578 0.1993
605       1.102   3.417   2.185   1.687   3.598   3.510   3.069   2.960   3.592   0.670   2.939   4.703  -0.288   3.991   5.179 0.1152
106       3.690   2.350  -2.025   4.516   2.073  -3.197   5.820   2.859  -3.147   3.666   2.443  -4.623   2.916   1.230  -5.088 0.2129
574       0.438   4.213  -0.919  -0.215   5.453  -0.508  -0.049   5.691   0.988  -1.866   5.417  -0.913  -2.056   5.984  -2.288 0.1240
128      -0.162   5.065   0.257  -1.208   6.076   0.379  -0.741   7.419  -0.170  -1.684   6.243   2.003  -2.813   5.299   2.293 0.2021
183       1.310   5.217   0.985   0.776   6.231   1.889   0.137   7.377   1.112   2.002   6.828   2.904   2.061   6.003   4.155 0.1652
275       4.147   1.495  -1.022   5.253   1.431  -1.973   5.011   2.357  -3.159   5.477  -0.165  -2.516   6.448  -0.868  -1.614 0.1475
104       4.196   1.649   0.381   5.502   1.535  -0.262   5.399   1.781  -1.762   6.177   0.002   0.033   6.998   0.050   1.287 0.1989
671       3.115   2.726  -1.889   3.223   3.552  -3.089   1.913   4.275  -3.377   3.670   2.601  -4.425   5.165   2.563  -4.535 0.1292
256       2.477   4.281  -1.596   2.303   5.006  -2.851   3.649   5.324  -3.493   1.428   6.441  -2.591  -0.038   6.168  -2.753 0.1503
133       2.550   2.668   2.359   2.147   3.436   3.533   3.229   4.431   3.936   1.801   2.395   4.832   0.348   2.022   4.800 0.2103
210       0.895   4.531   1.433   0.197   5.174   2.542  -0.058   6.648   2.250   1.090   5.010   3.980   0.677   3.752   4.685 0.1518
714       2.072   3.179  -2.273   1.681   4.233  -3.205   0.484   5.016  -2.676   1.318   3.572  -4.729   2.561   3.540  -5.568 0.1240
480       0.503   4.465  -0.176   0.167   5.626   0.644   0.545   5.395   2.102  -1.491   5.979   0.520  -1.715   6.939  -0.610 0.1306
135       1.604   4.066  -1.786   1.029   4.832  -2.888   2.086   5.698  -3.564  -0.251   5.803  -2.330  -1.537   5.039  -2.428 0.1843
838       2.187   4.888   0.906   2.120   5.659   2.145   1.053   6.744   2.059   3.632   6.353   2.494   4.433   5.407   3.338 0.1308
86        2.432   3.570   1.821   2.832   3.701   3.219   3.188   5.144   3.555   4.149   2.681   3.557   3.643   1.345   4.014 0.2452
160       2.053   4.233  -1.775   1.754   4.984  -2.991   3.006   5.658  -3.541   0.550   6.146  -2.691  -0.800   5.544  -2.946 0.1568
827       1.840   5.043   1.251   1.810   5.638   2.584   0.482   6.341   2.841   3.096   6.734   2.773   4.292   6.012   3.319 0.1154
275       3.051   2.300  -2.070   4.384   2.190  -2.656   4.425   2.811  -4.047   4.868   0.562  -2.729   5.589   0.198  -1.465 0.1634
1032      3.683   1.931  -1.437   4.192   2.245  -2.769   3.083   2.775  -3.670   4.907   0.871  -3.470   6.364   0.831  -3.119 0.1235
115       2.933   3.856  -1.705   3.254   4.363  -3.036   4.584   5.107  -3.034   2.015   5.384  -3.597   1.000   4.574  -4.346 0.1712
134       0.149   4.025   1.739  -0.292   4.843   2.864   0.882   5.573   3.506  -1.085   3.883   4.021  -2.552   3.836   3.712 0.2136
102       0.292   4.449   1.437  -0.661   5.074   2.351  -0.740   6.578   2.116  -0.230   4.758   3.965  -0.897   3.494   4.421 0.2034
746       0.376   3.763   1.670   0.452   4.208   3.058   1.754   3.756   3.709  -0.876   3.622   3.943  -1.999   4.614   3.875 0.1305
263       1.080   5.418   0.886   0.456   6.335   1.835  -0.689   7.104   1.186   1.608   7.420   2.457   2.223   6.840   3.696 0.1572
204       4.496   1.645  -0.899   5.796   1.138  -1.327   6.868   2.217  -1.221   5.710   0.556  -2.922   5.350  -0.900  -2.904 0.1627
154       3.510   2.069   2.371   3.937   2.540   3.685   5.387   3.008   3.656   3.744   1.313   4.846   2.377   1.411   5.455 0.1945
39       -1.015   0.883  -3.457  -0.859   0.087  -4.671  -0.782   0.978  -5.905  -2.143  -1.016  -4.827  -1.780  -2.305  -4.151 0.3687
655       2.696   2.693  -2.162   2.614   3.486  -3.385   1.404   4.412  -3.359   2.542   2.470  -4.747   3.932   2.190  -5.235 0.1313
554       2.541   4.578   1.282   3.046   4.873   2.620   2.037   5.688   3.420   4.525   5.706   2.526   5.655   4.719   2.513 0.1264
169       2.791   2.555   2.124   4.144   2.419   2.656   5.134   2.058   1.555   4.183   1.244   3.885   3.921   1.897   5.209 0.1518
509       1.852   3.028  -2.358   1.365   3.983  -3.349   0.394   4.977  -2.723   0.614   3.168  -4.639   1.632   2.862  -5.697 0.1400
294       3.702   1.640  -1.768   4.643   1.432  -2.865   5.165   2.761  -3.399   3.910   0.547  -4.117   4.130  -0.919  -3.889 0.1432
1694      0.948   3.794   1.897   1.426   4.187   3.220   2.667   3.395   3.613   0.203   3.969   4.381  -0.605   5.227   4.497 0.1020
49        1.280   3.474  -2.836   1.723   3.969  -4.136   0.910   5.184  -4.567   1.608   2.743  -5.309   2.897   1.978  -5.362 0.2858
129       3.230   2.242  -1.883   4.636   1.876  -2.024   5.456   3.043  -2.562   4.799   0.528  -3.048   4.739  -0.729  -2.233 0.2032
340       0.942   4.147  -1.475   0.377   5.492  -1.413   0.006   5.866   0.017  -0.989   5.608  -2.419  -0.565   6.044  -3.790 0.1576
118       1.202   3.371   2.404   1.422   3.809   3.779   2.853   4.294   3.979   1.076   2.549   4.866  -0.368   2.615   5.266 0.2259
256      -0.132   4.471   0.083  -0.851   5.651   0.554   0.020   6.492   1.479  -2.280   5.194   1.354  -3.406   5.124   0.366 0.1839
583       3.486   1.754  -1.831   4.125   1.924  -3.133   3.555   3.130  -3.870   3.935   0.521  -4.075   5.089  -0.405  -3.830 0.1262
557       0.722   4.005   1.579   0.945   4.649   2.870   2.308   4.277   3.441  -0.283   4.223   3.966  -1.405   5.213   3.869 0.1314
133       2.562   4.541   1.143   2.962   5.102   2.431   2.977   6.626   2.385   4.494   4.518   2.882   4.333   3.260   3.683 0.2000
74        2.905   2.309   2.315   3.980   2.198   3.296   5.237   2.914   2.816   4.326   0.565   3.617   3.478   0.090   4.760 0.2095
228       1.562   4.636   1.425   1.220   5.343   2.655   0.796   6.778   2.364   2.535   5.330   3.733   2.447   4.121   4.615 0.1563
193       2.236   4.554  -1.237   1.634   5.497  -2.176   2.466   5.611  -3.448   1.462   7.026  -1.452   0.123   7.115  -0.784 0.1635
154      -0.607   4.441   0.441  -1.305   5.447   1.236  -1.931   4.826   2.479  -2.499   6.217   0.303  -1.909   7.419  -0.372 0.1935
499       2.284   4.613   1.281   2.465   5.032   2.668   1.416   6.062   3.071   4.025   5.668   2.898   4.960   4.566   3.298 0.1236
8        -1.117   2.487  -2.366  -1.909   2.316  -3.581  -2.098   0.840  -3.909  -1.171   3.115  -4.887  -1.683   4.522  -4.967 0.3261
131       2.521   2.959  -2.148   2.766   3.132  -3.577   3.611   4.372  -3.843   1.295   3.237  -4.423   0.862   1.864  -4.846 0.2200
399       1.914   3.183   2.267   2.941   3.278   3.300   4.261   2.689   2.817   2.433   2.486   4.716   1.709   3.458   5.600 0.1378
59        1.096   5.682   0.232   0.495   6.901   0.765   0.583   6.936   2.286  -1.128   7.027   0.272  -1.199   7.775  -1.026 0.3197
322       4.500   1.241  -0.690   5.602   1.153  -1.644   5.107   1.340  -3.074   6.398  -0.342  -1.494   7.510  -0.217  -0.495 0.1419
76        2.949   4.235   0.789   3.577   4.747   2.005   3.213   3.890   3.212   3.118   6.361   2.275   4.095   7.278   1.601 0.1927
124       0.074   4.385  -1.437  -0.643   5.653  -1.544  -1.922   5.633  -0.715  -1.007   5.992  -3.170   0.114   6.781  -3.779 0.2290
84       -0.761   4.563   0.012  -1.577   5.696   0.437  -1.036   6.311   1.723  -3.193   5.215   0.656  -3.945   5.387  -0.630 0.2037
95        1.525   5.186   0.339   0.970   6.433   0.859   1.740   7.638   0.331   0.989   6.427   2.559  -0.298   5.851   3.071 0.2488
168       2.000   3.564  -2.127   1.850   4.044  -3.498   2.852   5.150  -3.805   0.266   4.602  -3.761  -0.587   3.472  -4.254 0.1625
377       2.268   4.532   1.237   2.342   5.097   2.581   1.672   6.464   2.640   3.962   5.219   3.085   4.363   3.956   3.787 0.1402
672       4.156   1.492  -1.120   4.975   1.553  -2.326   4.141   1.956  -3.537   5.729   0.056  -2.609   7.061   0.029  -1.922 0.1266
51        3.120   2.306   1.945   3.328   2.871   3.276   2.172   3.782   3.672   4.794   3.730   3.334   5.899   2.805   3.750 0.2207
142       2.936   2.052  -2.351   3.363   2.230  -3.736   3.242   3.688  -4.164   2.447   1.240  -4.771   3.126  -0.089  -4.922 0.1828
168       1.251   4.070   1.714   0.800   4.546   3.018   0.813   6.069   3.082   1.774   3.902   4.254   1.191   2.604   4.726 0.2013
161       0.471   3.985   1.506   0.516   4.630   2.815   1.015   3.666   3.885  -1.020   5.225   3.237  -1.161   6.635   2.746 0.1918
1054      0.409   4.328   0.718   0.291   5.213   1.873   1.082   4.675   3.060  -1.342   5.413   2.304  -1.911   6.590   1.570 0.1121
137       0.811   4.386   1.248   0.163   5.277   2.206   0.847   6.639   2.237   0.170   4.584   3.758  -1.074   3.769   3.948 0.2223
32        0.277   1.324  -3.389   0.504   1.037  -4.802  -0.795   0.652  -5.499   1.651  -0.206  -4.978   3.024   0.389  -5.064 0.2344
54        4.237   1.330  -0.543   5.412   1.138  -1.389   6.655   0.871  -0.548   5.659   2.498  -2.379   4.921   2.315  -3.672 0.2138
173       3.104   4.094   1.094   4.074   4.101   2.185   3.720   5.156   3.227   5.640   4.378   1.585   6.289   3.066   1.257 0.1928
152       0.569   5.633   0.393  -0.289   6.749   0.780  -0.723   7.555  -0.439   0.512   7.756   1.890   0.227   7.288   3.286 0.1619
146       2.743   4.374   0.994   3.223   4.918   2.261   3.709   3.808   3.186   1.997   5.817   3.023   2.081   7.249   2.583 0.2250
200       2.829   2.404  -2.294   4.125   2.281  -2.954   4.318   3.377  -3.995   4.276   0.752  -3.683   4.884  -0.210  -2.706 0.1594
117       0.415   5.554  -0.695  -0.407   6.705  -1.057   0.168   7.431  -2.268  -0.540   7.776   0.257  -1.737   7.409   1.082 0.2112
651       0.006   4.277  -0.038  -0.555   5.318   0.818  -0.071   5.167   2.255  -2.254   5.277   0.767  -2.743   6.170  -0.335 0.1244
92        0.837   5.557   0.433   0.182   6.794   0.850  -0.928   6.514   1.857  -0.449   7.615  -0.499   0.586   8.557  -1.039 0.2343
54        4.040   1.840   1.487   5.186   1.882   2.392   6.374   2.579   1.739   5.622   0.311   2.871   4.878  -0.056   4.121 0.3158
88        2.004   4.602   1.163   1.912   5.345   2.417   3.024   6.382   2.523   1.979   4.282   3.743   0.590   3.849   4.106 0.2368
370       1.233   3.494  -2.162   0.549   4.652  -2.731  -0.199   5.430  -1.655  -0.527   4.164  -3.953   0.183   4.162  -5.273 0.1230
218       2.756   2.321   2.372   2.767   2.889   3.717   3.996   2.433   4.495   1.353   2.457   4.555   0.295   3.495   4.321 0.1617
17       -0.785   3.887   1.150  -1.629   4.610   2.098  -3.091   4.571   1.672  -1.107   6.221   2.248  -0.095   6.319   3.350 0.4143
447       0.673   3.932  -1.603  -0.088   5.177  -1.656  -0.381   5.702  -0.255  -1.540   4.950  -2.510  -1.315   5.235  -3.965 0.1205
129       2.427   4.620   0.692   2.094   5.762   1.538   0.660   5.670   2.045   2.320   7.216   0.687   3.724   7.703   0.892 0.1682
264       3.841   1.802  -1.215   4.669   1.991  -2.403   3.833   1.896  -3.675   5.922   0.843  -2.442   7.126   1.393  -1.737 0.1447
112       2.453   2.864  -2.326   3.710   2.632  -3.032   4.369   3.949  -3.426   3.448   1.675  -4.412   3.592   0.226  -4.050 0.1917
87       -0.872   4.231   0.482  -1.830   5.189   1.026  -1.186   6.064   2.094  -3.178   4.378   1.671  -4.220   4.214   0.604 0.2038
198       1.408   4.768   1.514   1.001   5.377   2.778   0.109   6.590   2.541   2.367   5.825   3.687   2.773   4.686   4.573 0.1611
766       0.121   4.093   1.039  -0.096   4.813   2.290   0.758   4.235   3.412  -1.739   4.766   2.724  -2.447   5.948   2.130 0.1229
70        0.500   5.732  -0.409  -0.310   6.938  -0.554   0.568   8.173  -0.715  -1.340   7.125   0.786  -2.643   6.434   0.516 0.2649
737       1.149   5.346   1.109   0.737   6.062   2.313  -0.718   6.507   2.217   1.742   7.407   2.577   2.905   7.002   3.433 0.1214
93        2.418   4.623   0.601   2.401   5.607   1.680   1.624   5.088   2.884   1.726   7.070   1.137   2.811   7.951   0.594 0.1930
145       1.813   4.157   1.620   1.682   4.752   2.947   1.884   6.262   2.893   2.796   4.053   4.024   2.167   2.866   4.692 0.1884
190       2.821   2.357  -2.398   3.921   2.313  -3.356   3.498   2.883  -4.705   4.478   0.718  -3.547   5.570   0.448  -2.554 0.1632
160      -0.190   4.353   0.957  -0.603   5.232   2.047  -1.509   4.500   3.030  -1.396   6.605   1.433  -0.393   7.690   1.178 0.1713
166       3.108   2.279  -2.553   3.657   2.640  -3.857   3.368   4.099  -4.191   3.024   1.628  -5.068   3.907   0.427  -5.229 0.1756
681       1.556   3.643   2.070   2.399   3.933   3.226   3.658   3.075   3.217   1.534   3.684   4.669   0.853   4.959   5.070 0.1255
120       2.893   3.901   1.427   3.617   4.004   2.692   3.474   5.397   3.293   5.260   3.631   2.467   5.472   2.161   2.673 0.1874
465       3.796   1.804  -1.572   4.596   1.999  -2.778   3.908   2.958  -3.744   4.888   0.510  -3.544   6.160  -0.084  -3.014 0.1511
77        3.424   2.169   1.706   3.659   2.621   3.075   4.881   3.530   3.150   3.857   1.290   4.114   2.523   0.886   4.668 0.2485
102       2.128   2.969  -2.758   2.093   3.789  -3.966   1.467   5.151  -3.686   1.234   2.994  -5.199   2.181   2.160  -6.010 0.1989
719       3.307   1.985  -1.815   3.621   2.359  -3.191   2.533   3.249  -3.781   3.823   0.971  -4.152   5.263   0.550  -4.128 0.1306
120       3.693   1.870   1.628   4.459   2.123   2.844   5.953   1.941   2.600   3.943   1.095   4.096   2.841   1.760   4.867 0.2198
73        2.133   4.506   1.321   2.318   5.062   2.658   2.128   3.993   3.728   1.238   6.349   2.921   1.879   7.635   2.493 0.2225
70        1.539   3.067   2.476   0.816   4.035   3.297   1.780   4.919   4.080  -0.241   3.237   4.363  -1.578   3.066   3.706 0.2701
880       0.305   4.291   0.044  -0.121   5.373   0.928   0.587   5.292   2.275  -1.806   5.328   1.151  -2.472   6.166   0.100 0.1221
97        1.344   3.931   1.912   1.787   4.453   3.201   1.170   3.667   4.353   1.392   6.101   3.342   2.524   6.933   2.819 0.2534
9         4.544   2.381  -0.894   3.649   3.075  -1.816   3.643   2.404  -3.185   4.104   4.706  -1.969   3.384   5.524  -0.938 0.3380
98        2.454   2.607  -2.534   3.493   2.597  -3.560   2.886   2.617  -4.957   4.493   1.234  -3.378   5.640   1.572  -2.473 0.2275
64        0.319   4.364  -1.629  -0.374   5.514  -2.203   0.273   6.821  -1.760  -2.016   5.497  -1.764  -2.801   4.739  -2.792 0.2656
817       0.172   4.093   0.924  -0.070   4.866   2.139   0.976   4.555   3.204  -1.628   4.550   2.742  -2.601   5.523   2.146 0.1230
170       0.646   4.856   1.392  -0.150   5.648   2.325  -0.460   7.025   1.750   0.660   5.805   3.812   0.268   4.675   4.717 0.1643
23        1.503   2.784   2.515   0.862   3.586   3.554   0.800   2.826   4.874  -0.702   4.043   3.069  -0.638   5.356   2.347 0.4770
436       2.710   4.471   1.037   3.163   4.924   2.350   2.414   6.178   2.785   4.837   5.221   2.330   5.571   3.970   2.708 0.1412
22        3.890   1.696   1.787   4.817   1.760   2.913   4.153   2.381   4.136   6.205   2.645   2.490   7.237   1.716   1.924 0.2174
50        1.798   3.003   2.504   1.218   3.942   3.460   1.864   3.797   4.833  -0.462   3.707   3.578  -1.160   4.575   2.574 0.2433
99        1.326   3.402  -2.651   1.023   4.250  -3.800   1.162   5.726  -3.445  -0.547   3.934  -4.373  -0.491   2.854  -5.413 0.2527
118       2.832   4.295   1.002   3.486   4.733   2.232   3.599   3.588   3.232   2.636   6.032   2.926   3.175   7.325   2.392 0.1753
62       -0.933   4.041   0.848  -1.869   4.829   1.644  -1.456   4.856   3.111  -3.445   4.209   1.493  -4.138   4.878   0.343 0.2621
146       4.599   1.509  -0.512   5.893   1.536  -1.188   5.834   2.384  -2.453   6.398  -0.042  -1.567   7.205  -0.595  -0.430 0.1752
47        0.311   4.130  -1.969  -0.460   5.329  -2.283  -1.957   5.050  -2.223  -0.038   5.921  -3.820   1.090   6.900  -3.686 0.2519
72        2.389   2.558   2.632   3.112   2.571   3.901   4.526   3.111   3.721   3.165   1.009   4.569   1.974   0.804   5.457 0.2061
108      -0.663   4.487  -0.798  -1.548   5.635  -0.627  -1.593   6.081   0.830  -3.115   5.262  -1.171  -3.237   5.614  -2.624 0.2082
84        3.395   3.644  -1.633   3.989   4.007  -2.917   4.932   5.195  -2.769   2.774   4.364  -4.052   2.393   3.113  -4.787 0.2449
39        4.935   1.942   1.229   6.353   1.746   1.517   7.081   1.157   0.315   6.549   0.735   2.870   6.595   1.570   4.115 0.2864
60        1.916   3.188  -2.359   1.475   4.196  -3.318  -0.032   4.125  -3.537   2.289   4.002  -4.799   3.546   4.820  -4.789 0.2209
191       1.230   4.998   0.872   0.585   5.961   1.760   0.167   7.214   1.000   1.624   6.375   3.041   1.400   5.436   4.189 0.1712
45        3.560   3.601   0.745   4.813   3.380   1.460   5.235   4.628   2.227   6.040   2.917   0.378   6.058   1.423   0.252 0.3004
152       3.102   2.211   2.221   3.268   2.770   3.560   4.719   3.159   3.816   2.747   1.658   4.735   1.290   1.877   5.020 0.1724
941       0.992   4.070   1.592   1.457   4.642   2.853   2.576   3.802   3.457   0.168   4.774   3.954  -0.489   6.114   3.797 0.1110
37        1.093   3.616  -2.161   1.758   3.745  -3.455   2.150   5.192  -3.728   0.752   3.169  -4.698   1.010   1.707  -4.914 0.2682
110       4.589   1.301   0.020   6.003   1.054  -0.250   6.540   2.025  -1.295   6.238  -0.548  -0.767   6.497  -1.425   0.422 0.2030
53        0.680   4.380  -0.759  -0.280   5.442  -1.047   0.431   6.753  -1.362  -1.342   5.654   0.264  -2.540   4.769   0.085 0.2980
53        0.451   4.553  -2.022  -0.252   5.405  -2.977   0.604   6.600  -3.379  -1.728   5.938  -2.322  -2.811   4.961  -2.670 0.2453
95        1.973   4.234   1.789   2.042   4.452   3.231   1.295   5.720   3.630   3.661   4.544   3.741   4.148   3.174   4.107 0.1780
137       1.660   4.090   1.913   1.492   4.396   3.331   1.115   5.858   3.536   2.916   4.035   4.188   2.862   2.616   4.673 0.1852
47        0.101   1.654  -3.294   0.101   1.320  -4.715  -0.785   0.113  -4.996   1.686   1.018  -5.253   2.302   2.297  -5.737 0.2208
181       1.935   4.497  -1.380   1.312   5.415  -2.329   2.333   5.951  -3.326   0.568   6.704  -1.507  -0.854   6.344  -1.196 0.1905
171       3.081   2.357   2.220   3.393   2.935   3.524   4.849   2.688   3.900   2.366   2.296   4.718   1.139   3.151   4.833 0.1841
83        0.779   4.624   0.865   0.792   5.626   1.927   1.829   5.285   2.990  -0.748   5.760   2.636  -1.544   6.802   1.908 0.2287
119      -0.387   4.596  -0.710  -1.129   5.822  -0.428  -2.494   5.511   0.174  -1.312   6.744  -1.845  -0.156   7.688  -1.980 0.2313
133       2.547   3.192   2.049   3.860   3.321   2.675   4.936   2.636   1.840   3.836   2.669   4.245   3.462   3.741   5.225 0.2003
82        3.579   2.096  -1.759   4.268   1.734  -2.994   5.526   2.571  -3.187   3.231   1.922  -4.329   2.494   0.639  -4.575 0.2369
14        0.983   3.542   2.419   1.379   4.004   3.746   0.205   4.643   4.478   2.666   5.109   3.630   3.968   4.369   3.696 0.2323
53        2.993   2.964  -1.962   4.425   2.815  -2.207   5.113   4.173  -2.280   4.694   1.946  -3.643   4.778   0.481  -3.333 0.2097
113      -0.673   4.645  -0.070  -1.417   5.763   0.501  -1.574   5.606   2.009  -2.945   5.895  -0.233  -2.851   6.800  -1.425 0.2114
155       0.358   4.867   0.764  -0.597   5.763   1.409  -0.622   7.125   0.726  -0.220   5.944   3.057  -0.939   4.895   3.853 0.1658
848       4.067   1.496  -0.842   4.909   1.499  -2.036   4.150   2.040  -3.241   5.481  -0.068  -2.362   6.789  -0.279  -1.659 0.1073
68        2.901   2.079   2.333   4.207   1.778   2.912   4.186   1.940   4.428   5.403   2.779   2.235   5.986   2.113   1.025 0.2537
7         1.709   4.772   1.707   2.860   5.387   1.053   4.070   4.460   1.088   3.240   6.870   1.792   2.490   7.975   1.109 0.2642
55        0.301   1.410  -3.320   0.457   1.046  -4.725  -0.652   0.101  -5.174   1.976   0.328  -4.988   2.976   1.389  -5.338 0.1751
23        2.715   4.520   0.954   3.120   5.160   2.202   4.634   5.119   2.373   2.362   4.410   3.526   1.058   5.093   3.809 0.2620
121       2.337   2.539   2.475   1.931   3.227   3.697   3.076   3.282   4.702   0.583   2.459   4.391  -0.675   3.068   3.845 0.1679
77       -0.449   4.035   1.051  -1.071   4.813   2.118  -1.083   4.035   3.429  -2.656   5.251   1.686  -2.634   6.574   0.980 0.2067
199       1.600   3.014   2.343   2.426   3.023   3.546   3.875   2.681   3.219   1.814   1.930   4.695   0.832   2.634   5.582 0.1603
110      -0.014   5.307  -0.509  -1.028   6.326  -0.768  -0.516   7.373  -1.750  -1.504   7.070   0.684  -2.663   6.323   1.273 0.1881
106       0.150   4.382  -1.296  -0.535   5.660  -1.472  -0.159   6.641  -0.367  -2.219   5.431  -1.501  -2.668   5.201  -2.914 0.2357
430       2.364   3.156  -2.220   2.078   4.200  -3.200   0.698   4.807  -2.970   2.184   3.577  -4.779   3.587   3.736  -5.285 0.1452
198       1.555   3.640  -2.134   1.063   4.092  -3.432   1.949   5.193  -4.002  -0.540   4.643  -3.300  -1.483   3.502  -3.541 0.1789
334       4.231   1.408  -0.907   5.474   1.175  -1.636   5.827   2.368  -2.516   5.352  -0.232  -2.583   5.809  -1.415  -1.783 0.1420
143       2.147   4.819  -0.756   1.577   6.089  -1.196   2.445   6.739  -2.267   1.390   7.144   0.124   0.032   6.951   0.730 0.2086
82        1.434   4.948   0.995   1.055   6.030   1.899   2.132   7.107   1.948   0.765   5.423   3.461  -0.681   5.049   3.591 0.2429
47        3.487   1.718  -1.826   4.063   1.889  -3.157   5.264   0.971  -3.358   4.519   3.508  -3.403   3.370   4.266  -3.999 0.2099
136       0.051   4.358   1.112  -0.286   5.347   2.132   0.836   5.486   3.154  -1.736   4.925   2.911  -2.893   5.544   2.185 0.1945
23       -1.750   0.964  -3.139  -1.841  -0.078  -4.158  -1.386   0.442  -5.517  -3.431  -0.669  -4.263  -3.598  -1.826  -3.323 0.2937
214       0.356   5.532   0.258  -0.581   6.625   0.505  -0.693   7.537  -0.711  -0.099   7.523   1.865  -0.729   6.943   3.096 0.1804
86        4.027   1.299   0.254   5.215   0.972  -0.530   5.014   1.319  -2.001   5.599  -0.676  -0.367   6.534  -0.859   0.791 0.2431
112       2.124   4.800   1.023   2.157   5.656   2.205   3.053   6.868   1.981   2.692   4.777   3.559   1.513   4.165   4.256 0.2068
122      -0.221   4.068   1.269  -0.804   4.902   2.316   0.261   5.374   3.299  -2.023   4.051   3.142  -3.342   4.288   2.469 0.1874
78        3.273   1.846  -2.003   3.606   2.082  -3.405   5.102   2.314  -3.582   2.735   3.412  -4.006   1.433   2.939  -4.581 0.2206
80        1.854   3.360   2.281   1.242   4.470   3.007   2.290   5.491   3.432   0.401   3.896   4.368  -1.019   3.598   3.989 0.2180
104       2.478   2.505  -2.623   2.384   3.141  -3.933   3.454   2.610  -4.880   2.523   4.829  -3.785   1.161   5.428  -3.596 0.2146
95        0.309   4.558   0.742   0.130   5.649   1.696  -0.153   5.113   3.095  -1.132   6.673   1.197  -0.578   7.763   0.329 0.2371
332       2.198   4.868   0.733   1.995   5.811   1.829   1.226   7.041   1.361   3.489   6.277   2.494   3.855   5.340   3.607 0.1457
207       2.232   4.838   0.760   2.115   5.838   1.817   1.871   7.226   1.235   3.515   5.849   2.782   3.344   4.887   3.920 0.1705
80        3.538   2.335   1.498   4.995   2.245   1.458   5.484   1.883   0.061   5.549   1.099   2.586   5.806   1.775   3.900 0.2135
131       2.324   2.678  -2.700   3.324   2.720  -3.763   3.040   3.854  -4.740   3.372   1.236  -4.590   4.369   0.329  -3.933 0.1936
172       1.644   5.011   1.567   1.393   5.821   2.756   0.577   7.062   2.412   2.860   6.272   3.487   3.255   5.236   4.497 0.1583
213       3.000   1.888  -2.153   3.125   2.162  -3.582   1.770   2.490  -4.198   3.824   0.835  -4.382   5.315   0.995  -4.404 0.1733
526       1.719   5.071   1.414   1.802   5.555   2.789   0.433   5.980   3.305   2.895   6.853   2.896   4.269   6.328   3.188 0.1299
81        4.770   1.642   0.226   6.100   1.061   0.386   7.086   2.090   0.926   6.658   0.439  -1.094   6.244  -0.997  -1.221 0.2103
223       0.489   5.514   0.984  -0.283   6.285   1.955  -1.670   6.615   1.416   0.539   7.716   2.364   1.430   7.461   3.544 0.1488
177       2.684   2.556  -2.791   3.086   2.909  -4.150   3.324   4.409  -4.280   1.908   2.406  -5.267   2.219   1.013  -5.729 0.1883
77        2.824   4.398   0.824   3.000   5.225   2.014   1.947   4.900   3.068   2.927   6.874   1.606   4.305   7.369   1.279 0.1737
138       2.468   2.633   2.253   3.717   2.498   2.997   4.893   2.265   2.056   3.606   1.225   4.118   3.094   1.753   5.425 0.1542
58        3.194   4.157   0.694   4.486   4.308   1.357   5.116   2.951   1.647   4.312   5.191   2.800   4.489   6.653   2.516 0.2606
129       0.006   5.439  -0.107  -1.031   6.466  -0.131  -0.850   7.401  -1.321  -1.017   7.357   1.317  -1.935   6.709   2.311 0.1636
33        0.075   4.497  -0.366  -0.654   5.718  -0.036  -1.843   5.916  -0.968   0.380   7.066  -0.115   1.009   7.293   1.228 0.3529
128       1.893   4.994  -0.097   1.295   6.288   0.220   1.592   7.312  -0.869   1.863   6.852   1.721   0.956   6.368   2.813 0.2053
16       -1.196   0.848  -3.652  -1.070  -0.014  -4.823  -2.278   0.127  -5.742  -0.885  -1.636  -4.348   0.573  -1.947  -4.186 0.4816
84        4.760   1.427   0.291   6.142   1.352  -0.172   6.208   1.283  -1.693   6.923   0.004   0.508   7.568   0.400   1.803 0.2077
61        2.266   4.646   0.988   1.743   5.752   1.784   0.220   5.776   1.758   2.360   7.233   1.219   3.635   7.552   1.941 0.2072
107       4.260   2.081  -0.971   5.412   1.620  -1.741   6.679   2.360  -1.329   5.133   1.823  -3.406   4.494   0.585  -3.961 0.2010
503       1.549   3.490  -2.191   0.984   4.671  -2.838   0.003   5.385  -1.916   0.212   4.240  -4.290   1.196   4.313  -5.420 0.1295
36        2.317   2.869   2.268   2.028   3.730   3.412   0.852   4.654   3.119   3.399   4.646   3.827   4.218   3.891   4.832 0.2663
148       3.829   1.810  -1.934   4.714   1.997  -3.081   4.436   3.323  -3.779   4.539   0.711  -4.180   5.511  -0.377  -3.836 0.1550
354       2.636   2.358  -2.231   2.552   2.951  -3.562   1.494   4.048  -3.609   2.206   1.758  -4.723   3.489   1.190  -5.254 0.1496
106      -0.014   4.210   1.088  -0.314   4.983   2.290  -1.462   4.356   3.073  -0.695   6.589   1.883   0.557   7.415   1.882 0.2283
41        4.561   1.145   0.789   5.948   0.858   1.146   6.752   0.428  -0.075   6.013  -0.349   2.342   5.984   0.290   3.699 0.2910
271       0.832   4.474   0.722   0.937   5.398   1.848   1.568   4.720   3.058  -0.596   6.011   2.256  -0.854   7.268   1.481 0.1567
140       4.113   1.568  -0.941   5.159   1.625  -1.959   4.654   1.093  -3.295   6.523   0.743  -1.458   7.454   1.647  -0.706 0.1883
87        3.499   2.066   1.773   4.028   2.480   3.070   5.278   1.686   3.431   2.848   2.291   4.280   2.053   3.557   4.403 0.2302
50        3.314   3.936   0.176   4.772   3.980   0.115   5.347   2.622  -0.271   5.415   4.482   1.607   5.550   5.975   1.616 0.2315
367       3.939   1.669  -1.497   5.013   1.583  -2.481   5.347   2.956  -3.052   4.585   0.518  -3.736   5.034  -0.870  -3.389 0.1423
39        1.907   5.302   1.041   1.906   6.347   2.061   1.707   5.756   3.452   0.693   7.493   1.735   1.254   8.585   0.874 0.2309
216       2.866   3.839  -1.692   2.998   4.248  -3.087   4.460   4.453  -3.463   2.117   5.674  -3.372   0.721   5.324  -3.794 0.1514
149       1.967   5.172   0.311   1.567   6.392   1.007   1.106   7.459   0.022   2.850   6.985   1.951   2.775   6.391   3.326 0.1776
70        3.181   2.256  -1.929   3.524   2.729  -3.268   2.461   2.323  -4.282   5.042   2.124  -3.739   6.115   3.085  -3.321 0.2132
37        2.458   4.500  -0.952   2.245   5.464  -2.029   0.762   5.615  -2.345   3.094   4.991  -3.424   4.468   5.591  -3.401 0.2230
74        0.546   4.193  -2.510  -0.002   5.411  -3.100  -0.975   6.093  -2.145  -0.777   5.061  -4.572   0.208   5.175  -5.696 0.2856
179       1.711   3.755   2.036   2.652   4.068   3.107   3.737   3.003   3.213   1.836   4.219   4.590   1.415   5.645   4.787 0.1861
191       1.279   4.241   1.395   1.850   4.894   2.570   2.812   3.965   3.301   0.616   5.403   3.624   0.202   6.800   3.271 0.1505
229       2.483   4.423  -1.280   2.169   5.251  -2.441   3.374   5.379  -3.366   1.647   6.792  -1.947   0.157   6.784  -1.775 0.1432
497       1.448   5.149   1.201   1.104   5.840   2.440  -0.219   6.584   2.305   2.340   6.923   2.878   3.332   6.220   3.756 0.1343
23        3.936   1.710   1.820   4.843   1.793   2.962   4.668   3.112   3.706   6.456   1.620   2.452   6.837   0.170   2.485 0.2870
92        0.742   3.926   2.367   0.769   4.684   3.614   2.181   5.155   3.940   0.158   3.744   4.893  -1.322   3.955   5.006 0.2216
112       2.514   4.537   1.264   2.964   5.031   2.562   3.608   6.406   2.434   4.060   3.937   3.265   3.309   2.946   4.103 0.2241
254       4.092   1.964  -0.423   5.100   2.149  -1.463   4.452   2.477  -2.803   6.066   0.758  -1.607   7.249   0.873  -0.692 0.1481
43       -0.308   4.346  -0.305  -1.117   5.472   0.153  -1.436   6.422  -0.997  -0.317   6.311   1.397  -0.704   5.727   2.723 0.2797
401       3.519   1.775  -1.914   4.301   1.818  -3.146   4.260   3.207  -3.773   3.730   0.661  -4.253   4.461  -0.632  -4.046 0.1251
57        3.355   2.197  -1.656   4.793   2.004  -1.822   5.119   1.477  -3.214   5.388   0.937  -0.640   5.814   1.716   0.569 0.2456
40        1.918   3.113  -2.278   2.917   3.137  -3.343   4.223   2.499  -2.885   3.197   4.733  -3.858   2.257   5.069  -4.978 0.3081
122       1.331   5.329   0.889   0.856   6.426   1.728   0.766   7.724   0.935   1.880   6.631   3.070   1.389   5.787   4.208 0.1866
51        1.912   2.948   2.669   1.693   3.713   3.893   2.492   3.133   5.054   0.038   3.746   4.283  -0.604   4.938   3.637 0.2682
49        2.650   2.599  -2.492   2.642   3.153  -3.843   4.040   3.143  -4.449   2.022   4.736  -3.832   0.536   4.693  -4.034 0.2290
197       1.771   4.598   1.610   1.671   4.981   3.016   0.547   5.988   3.232   3.146   5.626   3.562   4.002   4.524   4.109 0.1432
185       3.989   1.827  -1.954   5.045   1.465  -2.896   6.041   2.606  -3.068   4.377   1.043  -4.402   4.096  -0.430  -4.429 0.1787
66        0.999   3.609   2.160   1.472   3.849   3.521   1.307   2.605   4.387   0.640   5.158   4.216   1.379   6.431   3.926 0.2186
188       2.560   4.252   1.413   3.025   4.366   2.792   2.274   5.465   3.535   4.697   4.672   2.831   5.442   3.371   2.877 0.1505
87       -0.185   4.796   0.981  -1.277   5.630   1.473  -1.082   7.086   1.067  -1.402   5.507   3.164  -2.336   4.389   3.517 0.1912
170       2.209   4.282   1.492   2.296   4.785   2.860   2.068   6.291   2.907   3.807   4.402   3.539   3.724   3.071   4.225 0.1602
113       0.028   4.022   1.559  -0.118   4.600   2.891  -0.683   3.579   3.873  -1.121   5.972   2.836  -0.284   7.193   2.596 0.2081
57        0.725   5.852   0.502  -0.010   7.010   1.005  -0.512   6.768   2.423  -1.315   7.376  -0.022  -0.866   8.344  -1.075 0.2167
119      -0.700   4.709  -0.366  -1.475   5.891  -0.001  -2.314   5.634   1.245  -2.476   6.366  -1.290  -1.740   7.339  -2.162 0.2105
22        1.787   3.040  -2.482   1.233   3.929  -3.500   0.217   3.200  -4.371   2.476   4.571  -4.466   2.963   5.856  -3.866 0.3335
18        3.644   1.854  -1.263   5.053   1.527  -1.068   5.412   1.504   0.413   6.040   2.641  -1.890   6.303   2.145  -3.281 0.2595
366       2.036   4.718   1.514   2.201   5.047   2.927   0.966   5.755   3.473   3.578   6.018   3.153   4.770   5.144   3.403 0.1188
50        2.229   4.756  -0.174   1.648   6.060   0.131   0.264   5.913   0.752   1.558   7.012  -1.275   2.821   7.809  -1.421 0.2109
61        0.950   3.694  -2.377   0.398   4.811  -3.137   0.091   5.996  -2.228  -1.009   4.330  -3.962  -0.640   3.820  -5.324 0.2423
98        0.255   5.668   0.586  -0.709   6.633   1.107  -1.574   7.203  -0.012   0.092   7.891   1.923   0.243   7.531   3.371 0.1740
397       3.698   2.443  -1.325   4.214   3.082  -2.532   3.091   3.728  -3.334   5.041   1.950  -3.495   6.489   1.926  -3.106 0.1456
58        3.141   2.159   1.926   4.499   1.987   2.432   5.531   2.314   1.359   4.726   0.399   2.994   4.368   0.327   4.449 0.1920
644       1.314   3.613   2.082   2.020   3.917   3.323   3.405   3.281   3.336   1.121   3.382   4.663   0.209   4.480   5.124 0.1141
67        2.886   2.498  -2.132   4.057   2.385  -2.997   3.665   1.916  -4.393   5.194   1.318  -2.320   6.139   2.085  -1.443 0.2241
94        1.410   4.311   1.411   1.151   5.134   2.589   2.448   5.687   3.168   0.321   4.236   3.770  -1.157   4.385   3.563 0.2344
342       3.835   1.537  -1.021   4.597   1.570  -2.267   3.893   2.420  -3.318   4.839  -0.006  -2.856   6.117  -0.557  -2.299 0.1412
168      -0.363   4.370  -0.902  -1.272   5.507  -1.009  -0.759   6.697  -0.207  -2.829   5.074  -0.480  -3.626   4.557  -1.640 0.1858
17        3.789   4.023  -0.745   5.176   4.000  -1.199   5.262   4.178  -2.711   5.927   2.545  -0.740   6.560   2.714   0.609 0.3412
115       0.931   4.471   1.781   0.298   4.932   3.014  -0.368   6.289   2.815   1.441   5.022   4.269   1.489   3.711   4.996 0.1917
324       4.280   1.155  -1.076   5.230   0.993  -2.172   4.633   1.469  -3.491   5.712  -0.633  -2.303   6.927  -0.864  -1.455 0.1329
32       -0.625   0.969  -3.964  -0.437   0.067  -5.097   0.796   0.453  -5.906  -1.814   0.071  -6.093  -2.766  -0.994  -5.635 0.3381
127       2.060   4.935   0.906   1.981   5.884   2.013   2.398   7.281   1.570   2.956   5.368   3.307   2.148   4.502   4.228 0.2018
43        1.746   4.759  -0.273   1.139   6.084  -0.185   2.177   7.140   0.179  -0.120   6.085   0.957  -1.411   5.736   0.278 0.2634
205       0.229   3.905  -1.411  -0.664   5.056  -1.310  -0.720   5.583   0.119  -2.226   4.644  -1.841  -2.340   4.912  -3.313 0.1530
135       2.805   4.371  -1.271   2.862   5.209  -2.466   4.232   5.860  -2.616   1.652   6.403  -2.411   0.403   5.879  -3.056 0.1628
63        2.369   2.925  -3.018   2.645   3.083  -4.444   3.666   4.189  -4.686   1.210   3.419  -5.291   0.581   2.133  -5.739 0.1852
220       3.008   2.028  -2.075   3.258   2.420  -3.459   2.492   3.688  -3.817   2.829   1.161  -4.519   4.015   0.272  -4.745 0.1639
91        2.716   4.402  -1.258   2.606   5.302  -2.403   3.516   6.513  -2.238   0.995   5.806  -2.608   0.284   4.851  -3.520 0.2173
60        0.409   5.155  -1.642  -0.343   6.103  -2.458   0.586   6.914  -3.354  -1.254   7.145  -1.469  -2.610   6.549  -1.232 0.2173
87        3.303   2.082  -1.782   4.734   1.830  -1.935   5.334   2.717  -3.019   5.012   0.193  -2.300   5.195  -0.579  -1.027 0.1817
180      -0.330   3.911   1.231  -0.749   4.551   2.474   0.269   4.314   3.583  -2.276   3.976   2.952  -3.346   4.843   2.357 0.1555
133       3.329   3.357  -1.625   3.880   3.454  -2.973   5.375   3.752  -2.935   3.068   4.655  -3.861   1.900   4.045  -4.576 0.1806
185       0.676   3.629   1.921   0.865   4.012   3.318   2.317   3.835   3.744  -0.154   3.098   4.326  -1.462   3.813   4.495 0.1780
7        -3.336   2.114   0.363  -4.455   1.964  -0.563  -4.608   3.199  -1.444  -5.897   1.673   0.290  -6.081   0.195   0.470 0.3057
231       3.434   1.811  -1.718   4.012   2.019  -3.043   2.941   1.957  -4.125   5.220   0.862  -3.351   6.546   1.388  -2.888 0.1478
29        2.950   2.133  -2.278   4.063   1.933  -3.202   5.364   2.471  -2.617   3.740   2.684  -4.692   3.047   1.714  -5.601 0.2001
198       2.577   4.673   0.931   2.881   5.400   2.160   2.353   6.829   2.098   4.557   5.410   2.444   4.931   4.216   3.271 0.1649
7        -3.191   3.044  -0.874  -4.223   2.993  -1.906  -3.644   3.319  -3.277  -5.487   4.068  -1.535  -6.523   3.358  -0.716 0.4452
136       3.198   2.525  -2.239   3.500   3.188  -3.505   2.427   4.211  -3.858   3.649   2.043  -4.753   5.077   1.596  -4.853 0.1741
104       1.086   4.482  -0.633   0.890   5.797  -0.031   0.960   5.720   1.490  -0.603   6.454  -0.513  -0.414   7.256  -1.766 0.1928
1199      0.538   3.734   1.858   0.770   4.093   3.254   1.990   3.369   3.811  -0.600   3.737   4.195  -1.509   4.930   4.226 0.1036
684       0.767   4.019   1.590   1.080   4.577   2.902   2.056   3.684   3.659  -0.340   4.791   3.811  -0.893   6.162   3.559 0.1111
85        1.712   3.471   2.263   2.318   3.880   3.527   3.839   3.855   3.440   1.790   2.873   4.791   0.550   3.450   5.406 0.2126
114       0.071   4.367  -0.145  -0.555   5.559   0.421   0.213   6.058   1.639  -2.171   5.237   0.842  -3.062   5.542  -0.325 0.1632
369       0.620   4.355  -0.930   0.103   5.641  -0.469   0.097   5.716   1.053  -1.465   5.901  -1.072  -1.382   6.610  -2.391 0.1181
275       4.401   1.401  -1.138   5.635   1.312  -1.913   5.689   2.393  -2.987   5.779  -0.225  -2.625   6.511  -1.143  -1.691 0.1461
79        2.449   4.658  -1.018   2.022   5.820  -1.793   3.180   6.784  -2.020   0.743   6.619  -1.007  -0.564   6.052  -1.475 0.2013
83       -0.517   4.761   0.435  -1.549   5.780   0.610  -0.934   7.170   0.722  -2.485   5.444   1.989  -3.653   4.585   1.603 0.2366
65        1.082   4.194   1.383   0.666   5.056   2.485   1.783   5.214   3.510  -0.728   4.432   3.232  -1.948   4.997   2.567 0.2216
155       2.713   4.389   1.475   3.473   4.451   2.720   2.614   4.981   3.862   4.852   5.426   2.526   6.005   4.579   2.075 0.1545
25        1.857   3.218   2.340   2.719   3.290   3.517   2.622   4.655   4.186   4.332   2.961   3.091   4.591   1.489   3.213 0.3369
130       2.580   2.911  -2.179   2.526   3.798  -3.338   1.085   4.111  -3.723   3.344   3.101  -4.655   4.784   3.519  -4.628 0.1756
160       0.216   4.305   0.022  -0.261   5.400   0.861  -0.099   5.068   2.340  -1.890   5.745   0.517  -1.963   6.782  -0.565 0.1577
86        2.009   2.726  -2.893   1.980   3.292  -4.239   1.692   4.788  -4.200   0.817   2.498  -5.191   1.453   1.332  -5.889 0.1840
229       4.210   1.375  -1.159   5.422   0.935  -1.844   6.222   2.125  -2.362   5.033  -0.109  -3.127   5.015  -1.525  -2.632 0.1668
96        3.858   1.490  -1.259   4.708   1.449  -2.445   6.166   1.212  -2.068   4.562   2.894  -3.330   3.459   2.754  -4.336 0.1801
45        2.242   4.885   1.023   2.380   5.540   2.321   3.602   5.022   3.070   0.979   5.305   3.256   0.012   6.422   2.997 0.3397
152       1.037   3.377  -2.173   0.260   4.459  -2.770  -0.291   5.394  -1.700  -1.013   3.829  -3.705  -0.545   3.628  -5.116 0.1662
136       2.223   3.811  -2.178   2.138   4.318  -3.545   3.357   5.164  -3.893   0.717   5.230  -3.751  -0.392   4.330  -4.208 0.1786
124       2.858   3.214  -1.830   3.270   3.469  -3.208   4.426   4.462  -3.260   1.960   4.050  -4.121   1.232   2.895  -4.743 0.1739
282       3.303   2.134  -1.901   3.744   2.576  -3.221   2.861   3.701  -3.747   3.742   1.273  -4.314   5.081   0.599  -4.290 0.1339
888       0.894   3.509   2.165   1.383   3.682   3.530   2.640   2.855   3.772   0.177   3.254   4.650  -0.648   4.461   4.983 0.0970
79        1.749   2.881  -2.954   1.658   3.254  -4.363   2.155   4.677  -4.587   0.057   3.101  -4.915  -0.156   1.717  -5.453 0.2004
144       3.421   2.041  -2.345   4.196   2.086  -3.581   4.582   3.518  -3.936   3.318   1.386  -4.858   3.624  -0.080  -4.931 0.1712
TOTRMS: 0.1575
BEFORE: 733 0.14030323109003837
AFTER: 300 0.15746267704726613
