145      -2.730   5.324   3.122  -3.720   4.752   4.029  -5.004   4.399   3.287  -4.058   5.834   5.297  -3.123   5.570   6.440 0.2184
467       1.167   3.958   2.847   1.957   3.755   4.058   3.230   4.593   4.030   2.347   2.110   4.243   1.277   1.430   5.043 0.1731
784       2.035   2.245  -3.411   0.984   2.835  -4.234   0.803   4.315  -3.917  -0.483   2.007  -4.006  -0.584   0.886  -4.998 0.1285
35        0.619   4.403   4.103   0.709   4.103   5.529   1.218   5.307   6.313   1.725   2.765   5.791   0.911   1.506   5.760 0.3648
53        4.410   1.592   4.410   5.402   0.981   5.290   6.538   1.951   5.593   6.020  -0.440   4.590   5.185  -1.611   5.016 0.2925
65        1.239   5.637   3.133   2.205   6.446   3.871   2.798   7.535   2.986   3.443   5.466   4.500   3.061   4.995   5.871 0.2102
582       0.657   3.840  -2.864  -0.594   4.585  -2.975  -0.609   5.778  -2.026  -1.920   3.570  -2.657  -2.388   2.943  -3.937 0.1631
387       2.103   3.088  -3.328   1.174   3.925  -4.084   1.160   5.351  -3.548  -0.393   3.267  -4.032  -0.580   2.329  -5.187 0.1763
255       4.359   1.439   1.540   5.419   0.764   0.796   5.921   1.630  -0.353   4.867  -0.730   0.201   5.141  -1.803   1.213 0.1807
81        3.222   1.458  -4.225   2.343   0.946  -5.272   3.144   0.477  -6.481   1.223   2.137  -5.741  -0.012   2.022  -4.897 0.2767
1452      1.775   2.902   3.298   2.777   2.230   4.119   4.188   2.583   3.662   2.553   0.545   4.070   1.630   0.131   5.177 0.1414
587      -0.404   4.415  -1.763  -1.534   5.088  -1.131  -1.071   5.981   0.015  -2.662   3.950  -0.564  -3.666   3.662  -1.640 0.1563
112       5.044  -0.005  -2.920   4.767  -0.487  -4.271   4.003   0.555  -5.079   3.889  -1.941  -4.214   4.841  -3.100  -4.190 0.1943
29        0.366   4.414   2.029  -0.696   4.078   2.973  -2.051   4.560   2.470  -0.367   4.750   4.500   0.423   3.772   5.317 0.2498
304       0.034   4.815   1.433   0.054   5.079   2.869   1.399   5.651   3.303  -0.282   3.657   3.738  -1.761   3.546   3.962 0.1585
359       2.920   2.714   3.038   4.247   2.242   3.425   5.317   3.272   3.083   4.595   0.763   2.662   4.136  -0.369   3.533 0.1627
1193      2.744   2.529   3.103   3.895   1.754   3.557   5.100   1.979   2.652   3.511   0.098   3.615   2.972  -0.243   4.972 0.1389
146       2.072   1.947  -3.623   1.067   1.820  -4.675   1.228   2.916  -5.722  -0.497   1.873  -4.011  -0.942   0.483  -3.668 0.1987
26       -0.871   5.295   3.358  -1.962   5.010   4.285  -2.332   6.247   5.094  -1.536   3.737   5.328  -1.952   2.431   4.719 0.3908
122       4.701   1.620   0.579   5.648   1.335  -0.495   6.116   2.619  -1.169   4.948   0.295  -1.643   5.227  -1.129  -1.264 0.1866
84       -0.608   4.549  -1.299  -1.834   5.051  -0.685  -1.583   6.361   0.053  -2.480   3.896   0.381  -3.431   3.005  -0.362 0.2180
53        4.492   2.764  -2.448   5.041   1.616  -3.165   4.049   1.086  -4.194   5.466   0.383  -2.075   6.890   0.566  -1.643 0.2708
231       1.019   4.096   2.726   1.613   3.842   4.036   3.120   3.646   3.926   0.898   2.479   4.757  -0.283   2.907   5.575 0.1784
1021      2.474   2.655   3.204   3.653   2.003   3.767   4.935   2.661   3.269   3.658   0.348   3.377   2.944  -0.421   4.448 0.1472
116       3.240   0.980  -4.029   2.597   0.077  -4.980   3.459  -0.117  -6.221   1.066   0.672  -5.420   0.030   0.131  -4.480 0.1946
57       -1.828   5.065   1.733  -2.902   4.588   2.600  -4.062   5.577   2.631  -2.320   4.322   4.175  -1.838   2.908   4.297 0.3119
14       -0.132   5.771   1.247  -0.525   6.247   2.570  -1.485   5.271   3.240  -1.240   7.785   2.459  -0.181   8.839   2.593 0.5193
56       -0.128   3.451   4.798  -0.719   2.554   5.786  -1.771   3.274   6.621   0.486   1.908   6.797   0.999   0.628   6.208 0.2998
101      -0.282   5.043   0.943  -1.739   5.059   1.045  -2.204   4.434   2.356  -2.434   4.239  -0.271  -2.682   5.207  -1.389 0.2477
35       -0.196   4.972   0.931  -1.619   4.824   1.221  -2.469   5.525   0.167  -1.978   5.442   2.764  -1.842   4.350   3.783 0.2238
130       0.061   6.109   1.969   0.669   7.023   2.931   1.795   7.826   2.289   1.257   6.165   4.275   0.183   6.071   5.317 0.1778
351      -0.249   4.745  -1.450  -1.183   5.610  -0.735  -0.447   6.725  -0.003  -2.110   4.702   0.364  -3.357   4.218  -0.314 0.1627
46        0.364   2.855   4.356   0.172   1.710   5.241  -0.728   2.070   6.417   1.671   1.140   5.807   2.197   0.096   4.867 0.2641
27        4.652   1.256  -0.123   4.881  -0.180  -0.251   4.647  -0.648  -1.682   3.874  -1.039   0.816   4.578  -1.226   2.127 0.2754
99        1.172   4.334   3.403   2.091   4.354   4.537   3.442   4.936   4.138   2.294   2.787   5.164   1.270   2.538   6.231 0.2400
570       1.902   2.875  -3.304   0.810   3.463  -4.074   0.334   4.767  -3.443  -0.485   2.369  -4.198  -0.312   1.527  -5.427 0.1605
68        4.452   2.100  -1.685   4.905   0.832  -2.249   4.017   0.399  -3.410   4.929  -0.375  -1.052   6.275  -0.396  -0.390 0.2102
53        1.735   3.004   3.226   1.178   2.070   4.201  -0.267   2.424   4.536   2.119   2.059   5.617   3.189   1.015   5.498 0.2480
246      -0.281   4.743   1.157  -0.493   4.920   2.590   0.833   5.063   3.328  -1.376   3.613   3.226  -2.842   3.917   3.153 0.1562
788       0.958   3.686   2.938   1.570   3.193   4.168   3.090   3.200   4.066   1.016   1.625   4.519  -0.212   1.708   5.376 0.1419
221       2.212   1.799  -3.670   1.257   1.709  -4.771   1.145   3.038  -5.510  -0.270   1.233  -4.194  -0.370  -0.263  -4.222 0.1630
45        1.746   5.853   4.411   0.825   6.728   5.132   1.582   7.761   5.958  -0.198   5.814   6.136  -1.435   5.435   5.378 0.2760
71       -0.096   4.919   1.531  -1.430   4.807   2.112  -1.374   4.179   3.499  -2.444   3.893   1.098  -3.138   4.806   0.131 0.2236
243       2.938   1.959  -3.216   2.165   2.223  -4.425   1.418   3.548  -4.321   1.068   0.957  -4.717   1.722  -0.082  -5.578 0.1932
19       -1.494   0.003  -5.156  -2.683  -0.393  -5.906  -3.704   0.738  -5.953  -3.382  -1.782  -5.220  -2.793  -3.006  -5.857 0.3052
234       0.190   4.101  -2.543  -1.045   4.875  -2.464  -0.786   6.266  -1.896  -2.196   4.062  -1.513  -3.024   3.167  -2.387 0.1731
64       -0.645   3.247   3.747  -1.187   2.221   4.632  -2.023   2.843   5.745   0.068   1.287   5.298   0.346   0.115   4.405 0.2789
51        2.104   3.794  -4.074   1.230   4.467  -5.030   1.942   5.641  -5.692  -0.189   5.003  -4.263  -1.234   3.930  -4.337 0.3123
461       2.839   3.289  -3.931   2.416   4.414  -4.759   2.975   5.728  -4.228   0.719   4.490  -4.834   0.233   3.681  -5.999 0.1723
692       1.621   1.965  -3.543   0.411   2.320  -4.280  -0.006   3.757  -3.990  -0.855   1.255  -3.891  -0.837   0.090  -4.836 0.1330
65        1.511   4.355   3.690   2.591   4.589   4.644   3.538   5.675   4.146   3.452   3.151   4.929   2.834   2.419   6.083 0.2264
13        5.148   2.116  -0.793   6.241   2.185   0.172   7.364   1.224  -0.201   5.674   1.840   1.737   5.244   3.112   2.405 0.3096
48        1.495   2.532  -4.210   0.297   2.303  -5.014   0.592   2.479  -6.499  -0.947   3.359  -4.537  -1.766   2.712  -3.460 0.2708
41        5.114   2.126   0.597   6.183   2.299  -0.382   6.554   3.769  -0.536   5.721   1.654  -1.885   6.131   0.213  -1.959 0.2245
189       1.699   2.758   3.430   2.332   1.924   4.448   3.580   2.596   5.009   2.728   0.401   3.805   1.579  -0.541   4.006 0.2102
313       3.449   1.177  -3.649   2.827   1.405  -4.950   2.504   2.881  -5.153   1.413   0.473  -5.103   1.755  -0.859  -5.702 0.1840
80        3.493   2.973   4.318   4.806   2.991   4.956   5.735   3.986   4.270   5.498   1.438   4.936   5.104   0.700   6.181 0.2437
326       0.659   4.066  -2.717  -0.608   4.785  -2.822  -0.828   5.689  -1.615  -1.900   3.691  -2.975  -2.146   3.409  -4.427 0.1678
18       -0.665   6.138   0.139  -1.549   6.720   1.144  -1.349   8.228   1.245  -1.285   5.994   2.659  -2.191   4.808   2.809 0.3430
87        2.009   1.661  -3.802   0.987   1.676  -4.845  -0.245   2.453  -4.396   0.553   0.089  -5.273   1.432  -0.386  -6.391 0.2382
94        3.119   2.355   2.899   3.008   1.216   3.806   1.818   1.377   4.746   4.439   1.031   4.705   5.378   0.122   3.968 0.2490
56        0.477   4.983  -2.280  -0.229   6.204  -1.905   0.746   7.288  -1.459  -1.352   5.885  -0.669  -2.674   5.521  -1.275 0.2575
44        4.728   2.159   0.670   5.483   0.922   0.855   6.135   0.476  -0.448   4.470  -0.307   1.451   4.485  -0.284   2.951 0.2581
116      -0.579   4.453   4.978  -1.283   3.766   6.056  -2.794   3.869   5.879  -0.828   4.405   7.564   0.352   3.646   8.094 0.1877
137       3.941   2.248   2.324   5.229   1.578   2.170   5.824   1.845   0.792   5.061  -0.095   2.419   5.276  -0.409   3.870 0.2103
91        2.770   2.959   3.159   2.821   2.027   4.281   4.257   1.797   4.738   2.100   0.547   3.857   0.638   0.589   4.193 0.2075
205       2.346   3.101  -3.921   1.628   4.085  -4.727   1.632   5.453  -4.055   0.030   3.575  -5.002  -0.027   2.766  -6.263 0.1947
354       2.233   2.488  -3.405   1.317   3.132  -4.342   1.560   4.636  -4.401  -0.296   2.819  -3.904  -0.765   1.568  -4.585 0.1657
158       4.217   2.159   1.987   5.561   1.771   1.570   6.407   2.994   1.237   5.488   0.729   0.229   5.420  -0.692   0.704 0.1945
102       1.490   3.390  -3.269   0.343   3.835  -4.054   0.163   5.345  -3.958  -1.072   3.045  -3.538  -1.252   1.779  -4.323 0.1913
60       -0.442   4.012   4.660  -1.080   3.173   5.670  -2.529   3.589   5.894  -0.219   3.247   7.134   0.824   2.170   7.156 0.2884
299       0.991   3.942  -2.905  -0.075   4.919  -3.106   0.305   6.274  -2.521  -1.525   4.368  -2.409  -2.300   3.581  -3.423 0.1774
20        1.860   3.138  -3.336   1.135   2.505  -4.434   0.179   3.488  -5.100   0.279   1.147  -3.875   1.147  -0.071  -3.984 0.3012
247       1.287   3.720  -3.490   0.302   4.728  -3.869   0.449   5.987  -3.022  -1.273   4.105  -3.718  -1.687   3.472  -5.013 0.1965
90        3.052   3.173  -3.768   2.524   4.155  -4.711   2.313   5.506  -4.037   1.062   3.604  -5.383   1.348   2.825  -6.632 0.2082
26       -0.646   5.636   3.904  -1.652   5.359   4.925  -1.390   4.020   5.605  -3.209   5.373   4.243  -3.776   6.759   4.317 0.3559
51        0.692   4.309   4.799   1.125   3.536   5.960  -0.062   3.144   6.832   2.253   4.421   6.874   3.639   4.122   6.384 0.2328
87        3.644   2.488   2.810   4.161   1.404   3.641   5.670   1.523   3.822   3.772  -0.104   2.959   2.449  -0.568   3.493 0.2206
59       -1.617   5.113   4.130  -2.180   4.519   5.340  -3.560   3.931   5.072  -2.270   5.677   6.582  -0.999   5.655   7.379 0.2557
884       1.211   3.115   3.247   2.039   2.439   4.243   3.521   2.669   3.972   1.701   0.773   4.264   0.605   0.497   5.250 0.1357
99        3.284   3.835   3.750   4.649   4.189   4.130   5.065   5.518   3.510   5.732   2.964   3.663   5.871   1.968   4.776 0.2467
19        1.942   2.980  -3.437   0.900   3.717  -4.147   0.822   3.288  -5.607   1.184   5.390  -4.045   0.495   5.941  -2.832 0.2668
93        0.660   5.170  -3.277   0.139   6.532  -3.198   1.130   7.459  -2.504  -1.350   6.551  -2.377  -2.466   6.373  -3.363 0.2291
11       -2.390  -0.187  -3.229  -2.531  -1.635  -3.348  -3.486  -2.003  -4.477  -3.078  -2.300  -1.882  -1.900  -2.665  -1.028 0.4421
149       3.752   0.839  -3.429   3.231   0.599  -4.772   1.935   1.367  -5.003   2.976  -1.064  -5.020   4.219  -1.681  -5.588 0.2172
277      -0.186   4.268  -2.124  -1.473   4.858  -1.769  -1.399   5.564  -0.420  -2.685   3.666  -1.737  -3.314   3.557  -3.095 0.1626
61        2.080   4.053  -3.628   0.861   4.692  -4.114   0.961   5.004  -5.603   0.548   6.116  -3.240  -0.308   5.796  -2.051 0.2450
55        4.245   2.346   2.119   4.730   1.286   2.998   6.085   0.764   2.533   3.606   0.012   3.067   2.643   0.256   4.191 0.2487
96        1.922   1.563  -3.515   0.797   1.477  -4.442   0.010   2.782  -4.472  -0.227   0.189  -4.016   0.218  -1.058  -4.722 0.1580
81       -0.000   3.675   3.844  -0.241   2.842   5.019  -0.747   3.677   6.189   1.177   2.016   5.461   1.226   0.693   4.756 0.2491
12       -3.018   3.902  -1.630  -4.153   3.044  -1.300  -5.136   2.964  -2.462  -4.941   3.613   0.094  -4.335   2.973   1.308 0.2792
130      -1.218   6.570   2.043  -2.635   6.835   2.275  -3.356   5.581   2.756  -3.368   7.422   0.858  -3.278   8.919   0.832 0.2244
33        0.199   3.387  -3.579  -1.227   3.088  -3.666  -1.672   2.954  -5.118  -2.135   4.295  -2.886  -2.329   3.923  -1.446 0.3286
375      -0.039   4.035   2.464   0.330   3.789   3.855   1.776   4.191   4.119   0.099   2.151   4.249  -1.294   1.954   4.771 0.1639
250      -0.359   3.881  -2.392  -1.692   4.358  -2.037  -1.624   5.405  -0.931  -2.677   3.060  -1.551  -3.392   2.501  -2.744 0.1626
974       3.511   1.792   2.679   4.734   1.003   2.563   5.753   1.697   1.667   4.385  -0.547   1.958   4.105  -1.479   3.100 0.1591
1493      2.592   1.921   3.241   3.737   1.055   3.505   4.978   1.546   2.769   3.387  -0.546   3.053   2.794  -1.277   4.220 0.1409
512       1.006   4.117   2.643   1.629   3.916   3.948   3.067   4.423   3.954   1.588   2.272   4.379   0.327   1.985   5.137 0.1494
18       -0.491   4.929   0.353  -1.884   4.865  -0.082  -2.097   5.669  -1.359  -2.915   5.435   1.144  -3.325   4.291   2.024 0.3222
97        2.892   2.202   3.201   3.788   1.192   3.757   4.957   1.839   4.489   4.364   0.169   2.527   3.436  -0.999   2.373 0.2215
677       2.427   1.816  -3.380   1.426   2.148  -4.390   0.985   3.601  -4.269   0.082   1.116  -4.253   0.290  -0.093  -5.116 0.1267
24        1.923   3.632  -3.189   1.214   3.172  -4.379  -0.287   3.400  -4.247   1.532   1.525  -4.659   2.736   1.391  -5.544 0.3341
32       -1.046  -0.960  -4.639  -2.125  -1.790  -5.169  -3.385  -0.966  -5.407  -2.460  -3.076  -4.108  -1.613  -4.259  -4.473 0.3435
448       2.853   1.675  -3.462   2.033   2.092  -4.596   1.906   3.610  -4.652   0.491   1.382  -4.506   0.502   0.068  -5.229 0.1552
136       0.574   3.642   3.035   0.787   3.135   4.387   1.963   3.836   5.057   1.050   1.455   4.357  -0.263   0.742   4.489 0.2283
71        0.020   4.343   2.229  -0.358   4.055   3.610  -0.032   5.230   4.524   0.430   2.652   4.160  -0.422   1.453   3.867 0.2188
18       -0.513   5.251  -3.551  -1.477   6.347  -3.551  -1.135   7.379  -2.482  -3.051   5.753  -3.304  -3.680   5.439  -4.629 0.2550
31        4.568   3.321   2.720   5.573   2.471   3.352   6.878   3.229   3.564   5.851   1.082   2.412   4.917  -0.010   2.844 0.4430
29        1.325   2.517  -5.129   0.461   2.903  -6.241   0.529   4.404  -6.493  -1.144   2.433  -5.937  -1.372   1.052  -6.475 0.2897
51       -2.049   4.471   4.023  -2.814   3.679   4.981  -4.306   3.735   4.672  -2.526   4.224   6.565  -1.364   3.475   7.148 0.2708
42        0.237   5.627   4.273  -1.042   6.228   4.639  -0.859   7.670   5.098  -1.797   5.318   5.860  -2.672   4.273   5.236 0.2666
50        5.518   0.389  -2.090   5.661   0.199  -3.531   5.477   1.514  -4.279   4.541  -0.952  -4.091   5.156  -2.319  -4.031 0.2305
40        3.149   0.712  -4.678   2.436   0.155  -5.823   1.154   0.931  -6.102   2.078  -1.486  -5.557   3.202  -2.333  -6.074 0.3348
147      -0.368   4.997  -0.275  -0.920   5.732   0.859   0.040   6.820   1.326  -1.267   4.671   2.142  -2.676   4.173   2.011 0.1806
11       -2.684   5.556   0.086  -3.562   6.432  -0.684  -5.026   6.169  -0.354  -3.293   6.226  -2.350  -2.234   7.183  -2.808 0.3868
61       -0.170   3.868   2.595  -0.037   3.328   3.945   1.420   3.320   4.392  -0.679   1.755   4.021  -2.132   1.825   4.385 0.2314
39        2.116   2.873   3.950   2.824   1.778   4.607   2.202   1.456   5.960   4.468   2.165   4.798   5.235   1.700   3.595 0.2947
8        -3.390   4.361   1.525  -4.841   4.362   1.695  -5.374   2.944   1.862  -5.593   5.116   0.370  -5.740   6.583   0.647 0.4200
76        4.572   1.909   0.999   5.666   1.433   0.156   5.714   2.197  -1.162   5.506  -0.233  -0.140   6.231  -1.002   0.924 0.2375
15       -0.510   4.981   0.542  -1.635   5.389  -0.295  -2.959   5.197   0.435  -1.639   4.514  -1.752  -0.838   5.254  -2.782 0.2782
47        1.980   3.279   3.718   2.444   2.408   4.794   2.939   3.221   5.984   3.680   1.382   4.235   3.077   0.113   3.710 0.3203
77        4.299   1.506   1.720   5.417   0.704   1.231   6.553   1.591   0.734   4.903  -0.336  -0.011   4.460  -1.641   0.580 0.2264
104       2.310   2.438  -3.841   1.442   2.624  -4.999   1.921   3.785  -5.863  -0.162   2.891  -4.502  -0.880   1.578  -4.402 0.2081
65        1.315   4.192   2.808   0.678   3.808   4.064   1.545   4.190   5.258   0.364   2.137   4.084  -1.002   1.879   3.521 0.2896
203       0.313   4.706   1.808   0.421   4.813   3.260   1.774   4.310   3.748  -0.831   3.942   4.013  -2.014   4.842   4.215 0.2083
55        4.778   1.609  -0.489   5.410   1.584  -1.805   6.014   2.940  -2.149   4.285   1.127  -2.995   4.305  -0.364  -3.156 0.2219
44       -0.036   6.590   2.941  -1.068   7.622   2.904  -0.831   8.674   3.982  -2.608   6.928   3.094  -3.167   6.574   1.748 0.2615
106       1.691   2.462   3.495   2.179   1.411   4.383   2.943   2.000   5.563   3.171   0.326   3.529   2.332  -0.785   2.970 0.2139
14       -2.202   5.312  -2.467  -2.688   5.736  -3.777  -4.068   6.374  -3.670  -2.737   4.416  -4.847  -1.427   4.308  -5.569 0.3543
147       3.961   1.687  -3.450   3.539   2.104  -4.785   3.133   3.573  -4.798   2.249   1.138  -5.327   2.790  -0.050  -6.065 0.2128
11       -2.747   6.666   0.861  -3.594   6.995   2.004  -2.763   7.174   3.269  -4.765   5.785   2.242  -5.999   6.124   1.459 0.3931
133       3.649   1.185  -3.496   3.146   1.332  -4.859   3.243   2.780  -5.327   1.537   0.794  -4.959   1.518  -0.666  -5.302 0.1904
29       -2.143   4.364  -3.325  -3.503   3.863  -3.504  -3.736   3.407  -4.939  -4.636   5.058  -3.080  -4.973   4.933  -1.624 0.3448
180       2.810   1.763  -3.631   2.057   1.727  -4.881   2.218   3.030  -5.656   0.411   1.431  -4.575   0.158  -0.047  -4.590 0.1816
37        1.371   4.934   2.807   0.249   4.971   3.741   0.332   3.825   4.743  -1.226   4.904   2.899  -1.682   6.296   2.577 0.2825
15        4.799  -0.051  -3.365   5.755  -1.143  -3.525   5.739  -1.682  -4.950   5.416  -2.394  -2.425   6.172  -2.159  -1.151 0.3847
156       2.042   3.740  -3.411   1.342   4.897  -3.964   2.011   6.198  -3.538  -0.287   4.893  -3.477  -1.108   4.142  -4.484 0.1889
15       -3.311   4.439  -0.141  -4.486   3.986   0.597  -4.588   4.683   1.949  -4.438   2.300   0.813  -5.125   1.629  -0.339 0.3759
71        0.150   6.186   3.875  -1.047   6.989   4.105  -0.700   8.469   4.221  -1.853   6.467   5.508  -2.851   5.408   5.146 0.2415
54        2.053   5.536   2.675   0.928   5.932   3.518   0.489   4.785   4.421  -0.377   6.452   2.560  -0.266   7.929   2.324 0.2549
128      -0.171   4.702  -1.690  -1.217   5.529  -1.094  -0.748   6.146   0.219  -2.625   4.612  -0.837  -3.503   4.693  -2.051 0.1677
63        0.153   5.634   2.146   0.697   6.245   3.356   2.072   6.849   3.096   0.790   5.099   4.608  -0.488   5.110   5.393 0.2234
160       2.047   3.075  -3.327   1.075   3.775  -4.162   0.399   4.902  -3.390  -0.094   2.689  -4.750   0.362   2.128  -6.064 0.2065
377      -0.765   4.602  -0.830  -1.616   5.175   0.209  -0.787   5.917   1.251  -2.539   3.958   0.957  -3.841   3.800   0.230 0.1565
26       -3.124   4.292   1.129  -3.830   3.905   2.347  -2.964   4.135   3.580  -4.307   2.275   2.264  -5.675   2.184   1.657 0.3888
14        4.556   1.344   1.145   4.863   1.262   2.570   5.045   2.649   3.174   6.260   0.327   2.823   5.873  -1.111   3.006 0.2297
51       -0.211   4.431  -2.238  -1.482   5.126  -2.059  -1.300   6.637  -2.150  -2.179   4.712  -0.564  -3.064   3.514  -0.741 0.2259
51        0.488   5.723   4.490  -0.792   6.217   4.989  -0.860   7.738   4.917  -1.047   5.696   6.587  -1.764   4.378   6.575 0.2638
367       0.816   3.046  -3.262  -0.490   3.629  -3.558  -0.645   4.993  -2.895  -1.734   2.588  -3.050  -2.096   1.658  -4.169 0.1645
15       -0.305   4.696   1.118  -1.325   5.353   0.306  -0.710   5.998  -0.931  -2.151   6.523   1.223  -3.340   5.892   1.883 0.2592
31       -0.274   5.172  -0.225  -1.718   5.314  -0.382  -2.345   5.948   0.854  -2.433   3.801  -0.687  -2.477   3.559  -2.167 0.2818
43       -0.809   3.825  -2.210  -2.265   3.721  -2.245  -2.911   5.096  -2.364  -2.837   2.926  -0.855  -2.905   1.451  -1.116 0.2587
76        2.697   3.356   3.250   3.040   2.547   4.416   4.544   2.555   4.666   2.493   0.950   4.212   1.102   0.825   4.759 0.2469
23        0.447   4.565  -2.734  -0.657   4.421  -3.679  -1.798   5.372  -3.338  -1.219   2.817  -3.695  -0.467   2.034  -4.730 0.3435
68       -1.787   6.713  -0.627  -3.154   6.872  -1.114  -4.156   6.250  -0.148  -3.320   6.174  -2.655  -3.019   7.203  -3.704 0.2771
103       0.942   5.777   4.131   0.089   5.772   5.316  -0.266   4.349   5.731  -1.327   6.668   5.031  -1.101   8.098   5.421 0.2743
37       -2.937   5.808  -0.219  -4.214   5.497   0.418  -5.229   4.997  -0.603  -4.823   6.864   1.225  -4.324   6.873   2.639 0.2833
14        2.825   4.609   4.121   3.663   3.960   5.125   4.108   2.579   4.659   2.832   3.838   6.603   3.100   5.061   7.430 0.3378
21       -0.201   4.961  -1.391  -1.635   4.933  -1.664  -1.956   3.989  -2.817  -2.203   6.497  -2.014  -2.641   7.166  -0.746 0.3198
19       -0.731   4.635   1.244  -2.034   4.189   1.728  -3.163   4.978   1.075  -2.121   4.338   3.420  -1.649   3.067   4.059 0.3226
266       2.749   2.604   3.150   3.864   1.857   3.724   4.986   1.677   2.708   3.337   0.341   4.285   2.912   0.458   5.718 0.1709
491       2.904   2.186   3.077   4.101   1.422   3.417   5.364   2.231   3.145   4.143  -0.036   2.543   3.453  -1.110   3.330 0.1622
17       -2.195   5.445  -1.547  -3.466   5.683  -0.868  -3.245   6.090   0.584  -4.447   4.297  -0.942  -5.300   4.353  -2.174 0.3513
71       -0.602   6.288   1.064  -0.368   7.195   2.185   1.063   7.721   2.175  -0.691   6.412   3.659  -2.130   6.617   4.028 0.2414
405       2.151   3.431   3.157   3.306   3.091   3.983   4.560   3.806   3.494   3.557   1.409   3.987   2.792   0.792   5.119 0.1667
295       3.974   1.991   2.269   5.281   1.407   1.985   6.150   2.368   1.182   5.105  -0.061   1.145   5.013  -1.191   2.127 0.1723
104       4.571   0.150  -3.296   4.230  -0.448  -4.584   3.071   0.290  -5.242   3.839  -2.092  -4.389   5.080  -2.921  -4.535 0.1974
69        4.228   0.771  -3.623   4.001  -0.089  -4.780   4.886   0.322  -5.951   2.365  -0.044  -5.242   1.612  -1.121  -4.519 0.2906
50        0.660   5.415   3.484   0.967   4.900   4.816  -0.194   5.130   5.775   2.378   5.629   5.422   3.573   4.813   5.027 0.2179
42        1.944   1.346  -3.938   0.864   1.329  -4.921  -0.496   1.447  -4.244   0.931  -0.092  -5.851   1.787   0.142  -7.060 0.2659
36       -1.810   7.127   1.579  -3.097   7.612   1.088  -3.255   9.106   1.344  -4.372   6.757   1.818  -4.710   5.556   0.986 0.3334
46       -1.553   5.054   1.469  -1.816   5.399   2.864  -0.698   6.263   3.435  -2.000   3.991   3.798  -3.444   3.587   3.814 0.2599
93       -0.104   3.929  -2.658  -1.531   4.160  -2.861  -1.824   5.641  -3.068  -2.421   3.570  -1.538  -2.801   2.140  -1.788 0.2135
26        0.747   5.214   3.505   0.778   4.826   4.912   0.517   6.023   5.818   2.274   4.117   5.299   2.198   2.636   5.078 0.3363
33       -0.596   4.101   3.740  -1.511   3.452   4.675  -1.538   4.181   6.013  -1.069   1.826   4.906  -1.775   0.968   3.898 0.3777
13       -2.961   4.881   0.155  -4.392   4.621   0.024  -5.048   4.468   1.391  -4.659   3.227  -0.911  -4.780   3.610  -2.356 0.4275
102       1.104   3.373   3.211   1.617   2.740   4.423   2.999   2.141   4.188   0.544   1.536   4.963  -0.447   2.140   5.913 0.2005
73        4.746   1.654  -0.125   5.248   0.286  -0.223   4.814  -0.365  -1.531   4.707  -0.640   1.097   5.703  -0.546   2.214 0.2118
29        2.899   3.174   3.039   2.707   2.519   4.330   3.995   1.857   4.806   1.460   1.368   4.232   0.152   2.017   4.570 0.2814
53        1.634   3.893   2.916   0.964   3.400   4.116   1.607   2.111   4.614  -0.689   3.146   3.809  -1.453   4.399   4.116 0.2516
35       -0.599   4.719  -2.169  -1.942   4.986  -1.660  -2.989   4.801  -2.752  -2.034   6.560  -1.024  -1.683   6.531   0.433 0.3845
72        0.391   3.945  -2.689  -1.010   4.229  -2.990  -1.680   4.967  -1.837  -1.848   2.788  -3.326  -1.778   2.500  -4.796 0.2161
34        0.535   4.744   2.184  -0.705   4.804   2.953  -0.429   4.698   4.449  -1.765   3.567   2.467  -2.641   4.068   1.356 0.2961
79        2.981   2.702   3.137   2.951   1.703   4.201   4.259   1.694   4.983   2.646   0.159   3.557   1.167  -0.088   3.529 0.2502
140       0.843   4.693   2.160   1.275   4.794   3.551   2.791   4.912   3.649   0.737   3.446   4.438  -0.613   3.740   5.023 0.1961
168      -0.082   4.647   1.767  -0.047   4.792   3.220   1.047   5.763   3.649   0.191   3.280   3.961  -1.138   2.643   4.237 0.1902
106       0.938   1.660  -3.718  -0.358   1.663  -4.392  -1.180   2.884  -3.995  -1.216   0.240  -4.034  -0.890  -0.810  -5.054 0.1732
76        1.659   5.145   3.328   2.745   5.584   4.200   3.845   6.273   3.401   3.386   4.265   5.059   2.650   4.107   6.356 0.2036
270       1.828   1.763  -3.654   0.728   1.909  -4.604  -0.098   3.153  -4.300  -0.265   0.529  -4.578   0.234  -0.465  -5.584 0.1708
74        0.921   3.467   5.527   0.446   2.636   6.629  -1.010   2.944   6.961   1.418   2.864   8.006   2.549   1.879   7.988 0.2222
27       -0.614   5.437   2.635  -1.648   5.308   3.658  -1.531   6.415   4.699  -1.552   3.786   4.410  -2.414   2.807   3.670 0.3881
88        4.603   0.110  -2.930   4.151  -0.288  -4.261   3.493   0.878  -4.989   3.068  -1.595  -4.153   3.832  -2.884  -4.223 0.2405
491       3.271   2.593   2.847   4.575   1.975   3.072   5.623   2.543   2.122   4.472   0.289   2.886   4.145  -0.341   4.207 0.1644
40       -1.128   6.836   0.803  -2.461   7.211   0.338  -3.505   6.196   0.788  -2.479   7.356  -1.356  -2.145   8.766  -1.741 0.2917
140       0.386   6.512   2.941  -0.812   7.020   3.602  -1.534   5.911   4.359  -1.860   7.730   2.467  -1.536   9.187   2.329 0.2117
323       0.527   4.207   2.627   1.041   4.046   3.984   2.530   4.368   4.049   0.761   2.465   4.541  -0.569   2.406   5.231 0.1489
33       -1.009   3.641  -2.142  -2.446   3.627  -1.888  -2.772   4.269  -0.545  -3.042   2.035  -1.934  -3.468   1.701  -3.333 0.2916
38        4.502   2.459  -0.953   5.381   1.399  -1.439   5.742   1.614  -2.904   4.645  -0.121  -1.237   5.012  -0.679   0.105 0.3440
28        3.601   3.841   2.908   4.283   3.149   3.998   5.788   3.098   3.760   3.667   1.574   4.179   2.522   1.593   5.147 0.3298
39        4.347   2.836   2.757   5.804   2.850   2.662   6.310   4.204   2.181   6.342   1.621   1.618   6.584   0.367   2.405 0.3020
22       -2.249   5.986   1.550  -3.697   6.081   1.393  -4.227   7.389   1.970  -4.463   4.761   2.142  -4.610   3.642   1.154 0.4050
12       -4.305   4.938   1.438  -5.673   4.587   1.067  -6.104   5.318  -0.199  -6.743   4.944   2.340  -6.870   3.748   3.236 0.5024
34       -0.965   4.397  -1.473  -2.359   4.536  -1.060  -2.815   5.988  -1.147  -2.569   3.952   0.523  -2.917   2.494   0.476 0.2878
37       -1.100  -0.793  -4.166  -2.069  -1.853  -4.430  -3.444  -1.275  -4.740  -2.167  -2.912  -3.103  -1.174  -4.023  -3.275 0.2412
22        2.557   5.301   3.242   2.897   4.937   4.615   2.680   6.110   5.563   4.510   4.405   4.705   4.560   2.922   4.490 0.4263
69       -1.684   5.563   3.686  -2.664   5.161   4.690  -4.086   5.325   4.165  -2.460   6.067   6.114  -1.503   5.357   7.025 0.2172
53        4.208   1.690   1.998   5.168   0.607   1.808   6.586   1.069   2.121   5.087   0.014   0.217   4.087  -1.103   0.150 0.2417
17       -2.126   4.026   1.581  -2.826   3.500   2.749  -4.149   2.855   2.352  -3.096   4.735   3.886  -1.937   4.803   4.835 0.4776
59       -0.135   5.083  -1.156  -0.648   6.134  -0.281   0.362   7.266  -0.134  -1.037   5.497   1.246  -2.467   5.046   1.251 0.2313
50        1.957   2.773   5.415   1.908   1.655   6.352   0.543   1.561   7.024   3.127   1.812   7.527   4.372   1.124   7.051 0.2554
30       -0.741   6.682   2.167  -1.673   7.767   1.877  -2.780   7.834   2.922  -2.346   7.574   0.327  -1.490   8.281  -0.681 0.3438
184       0.726   4.124  -2.717  -0.277   5.185  -2.727   0.357   6.541  -2.439  -1.498   4.859  -1.590  -2.591   4.067  -2.243 0.1771
124       3.884   2.291  -3.667   3.540   3.053  -4.864   3.632   4.552  -4.606   1.977   2.648  -5.396   2.059   1.506  -6.365 0.1810
18        6.229   0.618   0.183   7.295   0.549   1.178   8.376  -0.439   0.757   6.663   0.110   2.695   6.281   1.346   3.453 0.3940
28        1.692   3.722   3.197   1.090   3.114   4.381   2.050   2.132   5.041  -0.360   2.326   3.971  -1.505   3.286   4.103 0.2833
31        0.654   3.996   2.733  -0.384   3.532   3.648   0.068   2.291   4.408  -1.821   3.206   2.799  -2.666   4.443   2.753 0.2235
16        4.509   1.285  -1.015   5.421   0.601  -0.103   6.450   1.568   0.472   6.205  -0.681  -0.898   5.397  -1.935  -0.743 0.3694
183      -0.221   5.106   0.069  -0.665   5.773   1.289   0.519   6.305   2.086  -1.583   4.709   2.246  -3.031   4.821   1.872 0.1885
54        4.963   2.712  -0.385   5.815   1.591  -0.773   5.321   0.945  -2.062   5.878   0.435   0.472   7.020   0.752   1.391 0.2554
49        0.845   3.478  -4.196  -0.531   3.357  -4.671  -0.571   2.958  -6.142  -1.369   4.819  -4.441  -2.024   4.812  -3.092 0.3127
18       -1.817   5.495   2.354  -2.161   5.491   3.773  -0.943   5.171   4.632  -3.401   4.370   4.080  -4.733   5.047   3.944 0.3431
120       2.585   3.116   3.188   3.898   2.853   3.769   4.753   4.115   3.788   4.693   1.623   2.906   4.358   0.291   3.511 0.2136
46        0.317   3.454   4.400   0.266   2.462   5.470  -0.763   2.847   6.526   1.797   2.282   6.186   2.561   1.207   5.471 0.2917
90        4.247   2.353   2.167   5.628   2.010   1.838   6.274   3.093   0.981   5.692   0.514   1.033   5.847  -0.588   2.038 0.2041
28        2.515   2.276   5.546   2.953   1.777   6.846   4.458   1.536   6.861   2.129   0.343   7.240   0.876   0.678   7.993 0.3761
36       -0.759   4.540   0.697  -1.481   4.596   1.965  -2.985   4.687   1.737  -0.950   5.918   2.893   0.191   5.490   3.767 0.2514
24        0.076   4.162   4.119   0.209   3.675   5.488   1.134   2.464   5.553  -1.316   3.278   6.128  -1.902   4.482   6.804 0.3893
28       -0.251   4.814   0.956  -1.584   4.541   1.486  -2.566   4.225   0.365  -2.143   5.863   2.396  -1.735   5.693   3.829 0.2724
277      -0.523   4.691   1.036  -0.738   4.924   2.461   0.525   5.457   3.127  -1.242   3.492   3.227  -2.739   3.410   3.198 0.1506
17        0.373   2.557  -3.840  -0.913   1.980  -4.224  -1.130   2.077  -5.730  -2.181   2.756  -3.401  -2.450   2.042  -2.110 0.3260
40        0.597   4.046   3.339   0.799   3.636   4.725   1.317   4.795   5.570   1.880   2.327   4.806   1.114   1.040   4.726 0.2699
37        0.565   4.356   3.277  -0.257   3.637   4.246  -0.652   4.542   5.408   0.570   2.270   4.827   0.257   1.090   3.957 0.2947
15        1.330   5.851  -1.411   0.268   6.125  -2.375  -1.106   5.903  -1.756   0.452   5.145  -3.753   1.305   5.855  -4.761 0.3475
31        4.688   2.520   0.997   5.232   1.181   0.789   6.317   0.866   1.813   5.856   1.032  -0.786   4.778   0.540  -1.705 0.4244
21        1.267   3.835   2.890   0.161   4.749   3.158   0.411   6.114   2.528  -0.079   4.915   4.833  -1.056   3.879   5.304 0.2416
74        4.920   2.354  -0.309   5.646   1.095  -0.445   5.401   0.465  -1.811   5.194   0.013   0.786   6.096   0.198   1.970 0.2029
101       2.911   1.079  -4.079   2.367   0.548  -5.326   2.261   1.639  -6.386   0.843  -0.155  -5.058   1.014  -1.607  -4.724 0.2216
69       -0.241   4.495  -2.073  -1.658   4.477  -2.424  -2.277   5.863  -2.278  -2.495   3.360  -1.453  -2.497   2.019  -2.124 0.2781
35        3.984   2.333   4.764   4.210   2.708   6.157   4.800   1.547   6.949   2.759   3.226   6.875   2.610   4.707   6.689 0.2707
23        1.453   5.896   3.065   2.047   5.862   4.399   3.236   6.811   4.494   2.531   4.280   4.793   1.401   3.567   5.474 0.4004
49       -1.277   6.372   2.268  -2.621   6.470   2.829  -2.897   5.326   3.798  -3.783   6.477   1.588  -4.053   7.889   1.163 0.2581
36        4.561   1.876   1.229   5.054   0.514   1.410   4.437  -0.134   2.644   6.750   0.508   1.535   7.352   0.352   0.170 0.3037
38        2.920   2.910  -4.150   2.086   2.974  -5.346   2.897   3.419  -6.558   0.776   4.030  -5.101  -0.388   3.263  -4.549 0.2770
55       -0.950   5.623   3.489  -1.172   5.194   4.866  -2.647   5.286   5.239  -0.241   6.130   5.937   1.095   5.478   6.139 0.2797
40       -2.773   5.580   1.441  -3.992   5.165   2.130  -5.232   5.563   1.338  -4.053   5.842   3.688  -3.399   4.910   4.664 0.2848
32       -0.294   7.057   1.192  -1.218   8.065   0.681  -1.471   9.154   1.717  -2.688   7.345   0.222  -2.617   6.939  -1.220 0.3265
30        4.585   1.212  -0.622   5.399   0.585   0.416   5.701   1.565   1.543   6.848  -0.009  -0.245   6.650  -1.426  -0.693 0.2168
47        0.845   3.848  -2.833  -0.257   3.327  -3.636   0.203   2.170  -4.515  -0.925   4.559  -4.598  -2.032   5.236  -3.845 0.3281
45        0.725   3.599   3.118  -0.519   4.260   3.501  -1.129   3.608   4.737  -1.631   4.225   2.215  -1.452   5.449   1.367 0.2585
79        0.059   4.729   1.803  -1.283   4.545   2.350  -1.310   3.410   3.366  -2.395   4.237   1.101  -2.968   5.534   0.611 0.2314
36       -0.266   5.938  -0.023  -0.417   6.831   1.122   0.930   7.390   1.565  -1.164   6.017   2.415  -2.651   6.183   2.318 0.2964
65        3.203   0.999  -3.882   2.422   0.918  -5.113   0.989   1.384  -4.887   2.430  -0.672  -5.717   3.590  -0.845  -6.653 0.2232
17       -0.189   5.237  -2.348  -1.535   5.598  -1.911  -2.239   6.458  -2.955  -1.476   6.418  -0.423  -1.572   5.427   0.698 0.3894
38        1.509   5.829   4.172   0.822   6.902   4.885   1.611   7.338   6.114  -0.740   6.407   5.340  -1.711   6.752   4.251 0.3082
70       -1.156   4.359   4.749  -2.194   3.757   5.581  -3.583   4.160   5.102  -1.985   4.205   7.208  -1.106   3.202   7.894 0.2424
12       -1.657   6.221   0.073  -3.005   6.122  -0.480  -3.189   7.077  -1.653  -4.164   6.443   0.722  -4.543   5.163   1.406 0.3918
83        2.569   1.544  -3.788   1.669   0.962  -4.780   2.172   1.221  -6.195   0.099   1.585  -4.595  -0.676   0.718  -3.648 0.2330
21        4.972   1.470   3.492   5.362   0.155   3.995   5.861   0.243   5.432   6.562  -0.527   3.002   5.913  -1.334   1.916 0.4032
65        2.304   3.521  -3.291   1.562   4.545  -4.022   2.321   5.866  -4.040   0.023   4.766  -3.334  -0.957   3.841  -3.993 0.2227
131       4.548   0.495  -3.375   4.296  -0.582  -4.328   5.520  -0.845  -5.197   2.957  -0.207  -5.306   1.706  -0.727  -4.662 0.2551
84        0.557   5.143   3.184   1.373   5.616   4.300   2.510   6.505   3.810   1.997   4.300   5.177   1.040   3.928   6.270 0.1917
15       -3.557   4.474  -0.408  -4.721   3.616  -0.204  -5.534   3.481  -1.485  -5.698   4.229   1.045  -5.261   3.643   2.355 0.3730
35        0.163   4.555   1.987  -0.899   5.476   1.593  -2.274   4.883   1.879  -0.764   5.866  -0.057   0.101   7.081  -0.214 0.2391
695       2.160   2.205   3.367   3.284   1.423   3.876   4.613   2.086   3.535   3.241  -0.156   3.246   2.445  -1.038   4.161 0.1589
59        0.201   6.575  -0.277   0.541   7.764   0.499   1.983   8.189   0.249   0.296   7.480   2.158  -1.107   7.859   2.528 0.2105
422       1.912   3.163   3.249   2.999   2.730   4.123   4.145   3.735   4.112   3.563   1.196   3.654   2.794   0.136   4.385 0.1748
92        3.121   2.361  -3.257   2.534   2.953  -4.456   2.944   4.414  -4.604   0.839   2.825  -4.412   0.418   1.539  -5.059 0.2031
83        4.129   1.394  -2.135   3.919   1.484  -3.578   3.611   2.916  -3.998   2.657   0.451  -4.059   3.219  -0.895  -4.407 0.2107
100       4.621   1.083   0.069   5.228   0.664  -1.191   5.332   1.831  -2.165   4.333  -0.601  -1.890   4.864  -1.917  -1.404 0.1996
27        0.404   5.310   4.197   1.091   5.870   5.356   2.476   6.384   4.979   1.217   4.708   6.591   0.016   4.797   7.485 0.3819
26        2.556   1.673  -3.414   1.566   1.725  -4.486   1.651   0.488  -5.372   1.778   3.129  -5.422   0.952   4.241  -4.849 0.3256
20       -0.420   4.721  -2.186  -1.685   5.307  -1.753  -1.846   6.725  -2.289  -1.786   5.311  -0.055  -2.424   4.036   0.410 0.3345
16       -2.376   4.298   1.191  -3.347   4.008   2.242  -2.673   3.371   3.452  -4.573   2.988   1.653  -5.691   3.819   1.097 0.3408
82        2.091   3.313   3.246   3.085   2.794   4.182   4.276   2.197   3.441   2.388   1.625   5.201   1.844   2.294   6.429 0.2506
70       -0.679   3.327  -2.673  -2.015   3.798  -2.321  -1.951   5.130  -1.584  -2.820   2.642  -1.368  -3.580   1.703  -2.256 0.2329
29        1.063   4.298   2.809  -0.117   5.147   2.951  -1.077   4.583   3.992  -0.910   5.314   1.456  -0.361   6.506   0.730 0.2838
53        1.150   2.589   4.083   1.061   1.373   4.886   0.667   1.692   6.323   2.541   0.535   4.860   2.545  -0.436   3.716 0.2866
99        0.954   3.309   3.288   1.219   2.568   4.518   1.825   3.473   5.584   2.255   1.256   4.209   1.439   0.044   3.868 0.2093
19        1.547   4.271   2.953   0.619   5.385   3.126   0.368   5.666   4.602  -0.851   5.059   2.336  -0.785   5.567   0.927 0.3781
44       -1.823   5.683   2.282  -2.626   5.269   3.428  -3.972   5.985   3.443  -1.791   5.569   4.878  -0.975   4.365   5.243 0.3262
73        4.458   0.692  -3.238   4.294   0.601  -4.686   4.397   1.975  -5.338   2.801  -0.117  -5.070   2.974  -1.603  -5.177 0.2424
49        2.173   3.359   3.356   1.830   2.415   4.415   2.333   2.902   5.769   2.474   0.879   4.072   1.476   0.083   3.286 0.2917
11        2.342   4.810   4.008   1.195   5.304   4.765   1.637   5.939   6.078   0.097   4.042   5.067  -0.901   3.969   3.950 0.3831
74        3.620   1.966   2.813   4.869   1.219   2.940   5.569   1.088   1.593   4.575  -0.321   3.597   4.673  -0.254   5.092 0.2147
17        0.727   4.085   4.943   0.500   3.290   6.146   1.817   2.945   6.832  -0.349   1.867   5.766  -1.823   2.121   5.874 0.3878
33        0.851   5.113   3.777   1.082   4.541   5.100   0.163   5.172   6.139   2.707   4.745   5.559   3.507   3.560   5.105 0.3258
34        3.224   1.854   5.022   3.179   2.035   6.470   4.004   0.969   7.182   1.572   1.995   7.024   1.005   3.383   7.014 0.2590
15        0.806   3.111   3.143  -0.513   3.650   3.464  -0.895   4.772   2.506  -0.548   4.215   5.067  -0.979   3.105   5.979 0.2451
44       -0.957   5.368  -1.108  -1.630   6.205  -0.119  -0.628   6.822   0.850  -2.786   5.298   0.737  -4.107   5.381   0.032 0.2582
22       -1.529   3.900   2.719  -1.736   3.566   4.125  -0.638   4.163   4.998  -1.794   1.880   4.333  -3.212   1.409   4.199 0.3472
20        1.210   5.302   3.198   0.632   4.855   4.462   0.660   5.968   5.503   1.464   3.491   5.045   0.816   2.246   4.516 0.3220
299       0.280   4.368   2.175   0.471   4.184   3.611   1.943   3.979   3.947  -0.445   2.864   4.167  -1.803   3.340   4.590 0.1643
66        0.918   3.990  -2.913  -0.285   4.742  -3.259  -0.921   5.359  -2.019  -1.405   3.737  -4.050  -1.166   3.790  -5.530 0.2403
78        1.949   3.963   4.299   2.743   3.085   5.153   1.981   2.715   6.420   4.219   3.825   5.556   5.254   3.468   4.531 0.2267
23        0.831   3.987  -2.770  -0.296   3.663  -3.639  -1.616   4.090  -3.008  -0.324   1.998  -3.980   0.477   1.727  -5.219 0.2585
63        2.189   2.395  -4.069   1.214   2.450  -5.155   1.766   3.218  -6.350  -0.232   3.165  -4.619  -1.149   2.103  -4.089 0.2079
15        0.744   3.367  -3.219  -0.514   3.983  -3.632  -1.488   2.938  -4.164  -0.232   5.173  -4.813  -0.011   6.498  -4.145 0.3936
30        1.406   4.243   3.833   2.058   3.484   4.896   1.663   4.013   6.270   3.747   3.537   4.713   4.194   2.385   3.863 0.2941
22       -2.363   3.461   3.619  -3.350   2.574   4.228  -4.654   3.313   4.506  -2.740   1.905   5.667  -2.036   0.617   5.361 0.3324
50        1.024   3.749   4.629   1.270   2.749   5.664   0.093   2.656   6.628   2.694   3.116   6.517   3.862   2.452   5.851 0.2431
207       0.471   4.974   1.571   0.745   5.320   2.962   2.049   6.100   3.087   0.811   3.917   3.921  -0.557   3.612   4.455 0.1868
20        1.529   4.831   2.872   0.823   4.464   4.096  -0.656   4.214   3.823   1.003   5.678   5.272   2.219   5.395   6.102 0.4739
10        0.370   5.739  -1.694  -0.204   6.880  -0.988  -0.123   6.689   0.522  -1.821   7.117  -1.459  -1.867   8.049  -2.633 0.2220
35        0.910   2.873   3.936   1.146   1.770   4.863   0.131   1.783   6.000   2.725   1.848   5.489   3.652   1.067   4.606 0.3324
691       2.165   2.754   3.218   3.099   1.942   3.992   4.449   1.842   3.293   2.460   0.387   4.251   1.673   0.376   5.528 0.1472
23        3.513   1.705   2.861   4.728   0.900   2.774   4.837  -0.060   3.953   6.100   1.902   2.708   6.421   2.217   1.278 0.3903
38        3.817   2.188   2.546   4.062   0.919   3.225   3.336   0.864   4.564   5.729   0.681   3.456   6.298  -0.048   2.275 0.3451
35        4.911   1.667   0.862   5.993   1.190   0.005   7.097   2.233  -0.118   5.395   0.789  -1.536   4.986  -0.653  -1.554 0.2725
29        3.659   2.206  -2.670   3.694   1.057  -3.569   2.466   1.027  -4.471   3.799  -0.389  -2.681   5.242  -0.740  -2.466 0.2531
17       -0.626   4.549  -1.000  -2.030   4.151  -1.043  -2.367   3.470  -2.364  -3.037   5.501  -0.810  -3.317   5.670   0.654 0.3030
126       1.274   4.110  -3.802   0.491   5.295  -4.143   0.999   6.522  -3.396  -1.153   5.040  -3.795  -1.836   4.463  -5.000 0.2057
48        0.218   4.023   5.350  -0.018   3.133   6.483  -1.481   2.715   6.558   0.449   3.885   7.935   1.888   3.573   8.220 0.2368
14       -2.535   4.596   3.812  -2.704   4.205   5.209  -2.867   2.696   5.342  -4.045   4.999   5.889  -3.603   6.299   6.493 0.4636
11        1.772   2.625   3.454   2.321   1.727   4.466   1.335   0.615   4.805   2.728   2.594   5.871   4.149   3.062   5.775 0.4202
74       -0.471   6.537   1.266   0.006   7.697   2.014   1.073   8.454   1.231   0.621   7.217   3.524  -0.480   7.239   4.542 0.2441
20        0.773   3.627  -3.687  -0.329   4.484  -4.115  -1.252   4.814  -2.948  -1.211   3.740  -5.363  -0.629   4.132  -6.689 0.3789
24        1.717   3.403   5.014   1.270   4.093   6.221   1.282   3.157   7.424  -0.289   4.733   5.996  -0.183   6.128   5.456 0.3840
101       1.641   2.044  -3.677   0.677   1.544  -4.653   0.322   2.619  -5.674  -0.729   0.995  -3.870  -0.581  -0.460  -3.539 0.2534
12        4.783   3.790  -1.724   6.068   3.117  -1.895   6.207   2.550  -3.303   6.245   1.876  -0.747   6.900   2.425   0.485 0.3735
27        0.178   5.504   4.515  -1.200   5.534   4.996  -1.717   6.964   5.095  -1.317   4.766   6.509  -1.608   3.308   6.308 0.3608
24        4.860   1.554   0.223   5.582   1.421   1.486   6.834   0.568   1.315   4.574   0.746   2.677   3.860   1.843   3.409 0.3263
43        4.657   1.087  -1.066   5.010   0.276  -2.228   6.111   0.941  -3.046   3.642   0.006  -3.201   2.954  -1.251  -2.759 0.3086
101       0.766   6.285   1.699   1.547   7.206   2.519   2.591   7.936   1.682   2.301   6.372   3.795   1.395   6.360   4.990 0.1714
15       -0.251   6.634   1.569  -0.340   7.074   2.958  -0.793   8.526   3.047   1.159   6.882   3.738   1.227   5.519   4.362 0.3735
47        3.777   2.734   2.885   4.091   1.591   3.737   5.316   1.868   4.599   4.345   0.200   2.793   3.045  -0.524   2.607 0.2629
56       -0.440   4.731   1.275  -1.161   4.788   2.543  -0.709   5.979   3.380  -0.941   3.345   3.416  -2.021   2.371   3.051 0.2485
94        3.053   3.350   3.013   4.424   3.112   3.457   5.395   4.067   2.772   4.876   1.502   3.151   4.535   0.653   4.340 0.2025
41        1.174   2.824  -3.569  -0.063   3.105  -4.293   0.114   4.280  -5.246  -1.328   3.423  -3.203  -2.030   2.141  -2.863 0.2168
101      -0.399   4.764  -1.286  -1.451   5.454  -0.544  -1.054   5.654   0.914  -2.910   4.587  -0.638  -3.693   5.052  -1.830 0.1993
39        1.135   6.017   3.985   0.321   7.115   4.499   0.495   7.270   6.005  -1.318   6.864   4.124  -1.630   7.491   2.797 0.2492
68        5.297   2.586   4.328   5.189   2.047   5.681   4.955   0.541   5.655   3.932   2.818   6.527   4.474   4.020   7.242 0.1952
13        4.543   0.127  -3.237   4.717  -1.049  -4.085   4.824  -0.655  -5.553   3.427  -2.135  -3.865   3.767  -3.099  -2.767 0.2957
86       -0.561   4.757   0.714  -1.109   4.963   2.051  -0.017   4.878   3.111  -2.327   3.822   2.375  -3.654   4.370   1.942 0.1951
29       -0.112   6.287   3.608  -1.399   6.948   3.804  -1.298   8.048   4.854  -2.584   5.817   4.258  -3.253   5.273   3.031 0.2698
18        4.692   4.105   2.261   4.483   4.188   3.704   4.351   2.800   4.319   3.099   5.113   4.050   3.488   6.554   4.206 0.3287
497       3.479   1.962   2.733   4.636   1.072   2.766   5.544   1.305   1.564   4.134  -0.552   2.811   3.982  -0.989   4.238 0.1637
41        3.973   2.335  -3.858   4.125   1.191  -4.752   2.840   0.924  -5.527   4.574  -0.193  -3.873   6.070  -0.278  -3.802 0.2967
57        0.300   4.255  -2.657  -0.963   4.195  -3.389  -1.761   5.481  -3.211  -1.883   2.861  -2.875  -1.546   1.667  -3.717 0.2741
139       2.016   1.326  -4.065   1.128   1.036  -5.187   0.664   2.319  -5.866  -0.215   0.135  -4.663   0.096  -1.329  -4.763 0.1838
54        4.261   1.700  -1.712   4.571   0.362  -2.208   3.395  -0.222  -2.982   4.990  -0.666  -0.920   6.471  -0.603  -0.692 0.2311
20        4.796   1.441  -0.929   5.203   1.137  -2.297   4.554   2.095  -3.289   4.805  -0.468  -2.692   5.952  -1.369  -2.342 0.2313
19        6.256   0.200  -1.605   6.405  -1.110  -2.233   5.558  -1.214  -3.496   5.978  -2.342  -1.142   7.192  -2.772  -0.373 0.3149
150       2.851   2.904  -3.583   2.206   3.796  -4.542   2.505   5.256  -4.220   0.526   3.535  -4.557   0.192   2.490  -5.579 0.1897
393       1.810   3.583   3.063   2.786   3.189   4.074   4.210   3.412   3.579   2.568   1.560   4.508   1.609   1.472   5.658 0.1749
35       -1.515   5.609   1.986  -1.382   6.222   3.305  -0.087   7.019   3.412  -1.437   5.033   4.520  -2.858   4.830   4.956 0.2626
30       -0.100   3.495  -4.298  -1.183   2.832  -5.019  -1.398   3.464  -6.390  -2.622   2.895  -4.116  -2.712   1.686  -3.233 0.3902
77        1.868   4.308  -3.784   1.427   5.665  -4.094   2.478   6.690  -3.683  -0.049   6.000  -3.320  -1.185   5.618  -4.222 0.2047
29        0.079   3.335   3.489   0.062   2.658   4.783   1.361   1.897   5.021  -1.263   1.597   4.880  -2.445   2.324   5.447 0.2856
45        1.234   4.360   4.439   2.134   3.711   5.388   1.356   3.075   6.534   3.260   4.830   5.998   4.479   4.839   5.124 0.2057
120      -0.474   4.948  -0.364  -1.210   5.554   0.742  -0.319   5.719   1.968  -2.573   4.616   1.133  -3.749   5.085   0.330 0.1862
26        2.339   2.259  -4.379   2.003   1.074  -5.163   2.386   1.258  -6.627   0.344   0.727  -5.033   0.115  -0.196  -3.874 0.3182
11        5.207   4.131   0.046   6.248   3.348   0.705   6.396   1.976   0.057   5.904   3.176   2.361   6.526   4.309   3.122 0.3472
7         3.923   2.162   3.080   3.533   2.817   4.325   4.307   2.249   5.510   1.862   2.648   4.586   1.139   3.804   3.962 0.3093
34        2.717   2.363   4.122   3.251   1.129   4.693   3.277   1.195   6.215   4.814   0.827   4.095   4.720  -0.002   2.848 0.3239
30        1.872   4.815   3.546   3.004   4.873   4.466   4.327   4.752   3.717   2.882   3.646   5.636   2.123   4.161   6.823 0.3456
421       2.893   1.875   3.109   3.897   0.847   3.373   5.068   0.963   2.404   3.203  -0.701   3.266   2.690  -1.113   4.614 0.1515
38        3.075   3.055   3.001   3.310   2.086   4.067   4.511   1.202   3.751   1.928   1.127   4.312   1.046   1.773   5.339 0.2771
658       2.143   2.144   3.365   3.165   1.214   3.838   4.522   1.529   3.222   2.720  -0.388   3.481   1.930  -0.954   4.623 0.1419
33        4.296   2.886   1.309   5.206   1.804   1.672   5.650   1.024   0.440   4.468   0.758   2.791   4.761   1.229   4.184 0.2537
53        1.955   1.603  -3.834   0.955   0.946  -4.671   1.139   1.315  -6.138  -0.613   1.358  -4.158  -1.080   0.368  -3.134 0.2347
41        2.274   1.523  -4.973   1.721   0.993  -6.216   2.321   1.696  -7.427   0.028   1.153  -6.228  -0.595  -0.077  -5.637 0.2332
42        1.135   3.959  -3.949  -0.124   4.226  -4.638   0.105   5.045  -5.902  -1.205   5.036  -3.606  -2.033   4.032  -2.861 0.2974
23        0.239   5.444  -1.463  -0.719   6.398  -0.913  -0.624   6.458   0.607  -2.301   5.987  -1.382  -2.634   6.672  -2.673 0.3158
37        1.228   6.292   3.152   0.341   7.258   3.793  -0.180   6.726   5.123  -0.959   7.643   2.768  -0.592   8.818   1.913 0.3159
58        3.779   5.135   3.132   3.007   5.706   4.232   2.240   4.625   4.984   1.931   6.887   3.650   2.605   8.227   3.665 0.2591
33        3.948   2.124   2.284   4.330   0.846   2.879   5.826   0.596   2.728   3.452  -0.425   2.168   2.186  -0.650   2.939 0.2210
552       2.040   1.868  -3.471   0.952   2.383  -4.298   0.859   3.901  -4.200  -0.525   1.677  -3.840  -0.750   0.427  -4.638 0.1359
12        4.772   2.932   4.049   4.067   3.057   5.322   4.538   4.284   6.093   4.286   1.657   6.261   3.194   0.675   5.958 0.4171
68        1.031   5.208   3.323   1.989   5.852   4.218   2.736   6.975   3.507   3.093   4.711   4.826   2.562   4.132   6.103 0.2067
36        4.488   1.656   4.348   5.718   1.151   4.951   6.945   1.653   4.199   5.708  -0.549   4.982   5.097  -1.023   6.267 0.2956
19        3.254   3.901   3.881   2.676   3.637   5.196   2.699   2.147   5.517   1.083   4.225   5.273   1.097   5.643   5.762 0.4012
22       -0.803  -0.700  -3.996  -1.521  -1.968  -4.095  -3.028  -1.751  -4.043  -1.039  -3.021  -2.850   0.122  -3.848  -3.316 0.3171
153       0.655   3.224   3.152   1.319   2.559   4.270   2.806   2.894   4.303   1.103   0.875   4.171  -0.141   0.487   4.913 0.1915
59        4.015   1.734   2.336   4.881   0.567   2.480   6.350   0.973   2.498   4.598  -0.541   1.223   3.529  -1.507   1.640 0.2253
136       1.253   4.394   2.809   2.113   4.450   3.987   3.255   5.439   3.787   2.732   2.907   4.344   1.800   2.198   5.280 0.2001
129      -0.858   4.634   0.327  -1.348   4.951   1.666  -0.227   5.489   2.547  -2.046   3.577   2.383  -3.508   3.530   2.055 0.1481
14        0.305   6.593   1.933   0.748   7.146   3.210   1.949   6.381   3.752  -0.521   7.118   4.341  -1.293   8.401   4.258 0.3357
242       0.074   4.509  -2.347  -0.986   5.449  -1.994  -0.465   6.541  -1.066  -2.285   4.632  -1.262  -3.262   4.203  -2.315 0.1698
54        3.593   2.302   2.840   4.721   1.418   3.120   5.930   2.210   3.606   5.129   0.520   1.736   4.357  -0.765   1.728 0.2219
16        5.689   2.879   4.051   5.534   3.025   5.496   6.881   2.939   6.204   4.479   1.838   6.102   3.073   2.361   6.080 0.4379
64        3.515   0.760  -3.661   2.812   0.442  -4.901   2.401   1.711  -5.639   1.443  -0.514  -4.578   1.822  -1.964  -4.633 0.2460
21        2.041   4.193  -3.254   1.296   4.064  -4.503   1.031   5.428  -5.128  -0.173   3.250  -4.236   0.032   1.775  -4.415 0.3979
43        3.533   2.788   3.438   4.911   2.394   3.717   5.881   3.072   2.757   5.078   0.705   3.619   4.821   0.098   4.966 0.2431
155      -0.670   4.816  -0.427  -1.340   5.449   0.705  -0.400   6.397   1.440  -1.936   4.271   1.777  -3.335   3.901   1.385 0.1481
57        0.284   5.983  -2.300   0.137   7.359  -1.836   1.496   8.009  -1.606  -0.783   7.409  -0.407  -2.234   7.560  -0.752 0.2689
51        4.809   1.903  -0.333   5.402   0.588  -0.557   5.254   0.160  -2.012   4.688  -0.568   0.466   5.456  -0.640   1.752 0.1870
23        1.183   5.944   1.219  -0.205   6.399   1.230  -1.060   5.528   2.143  -0.843   6.394  -0.346  -0.600   7.728  -0.987 0.3197
93        0.948   3.462  -3.204  -0.299   3.977  -3.763  -0.257   5.495  -3.893  -1.619   3.510  -2.798  -2.153   2.195  -3.284 0.2240
24        6.110   0.065  -0.557   6.687  -0.357  -1.830   6.905   0.834  -2.756   5.685  -1.506  -2.584   6.089  -2.883  -2.150 0.2997
42        4.267   2.201   2.039   5.098   1.048   2.373   6.478   1.164   1.738   4.344  -0.391   1.873   3.483  -0.917   2.983 0.2400
26        4.221   2.366  -3.582   3.809   2.259  -4.979   4.735   3.061  -5.887   2.205   2.790  -5.167   1.271   1.630  -4.990 0.3254
54       -0.407   4.745   0.865  -0.928   4.950   2.213   0.034   5.782   3.053  -1.220   3.456   2.970  -2.626   3.018   2.688 0.1864
73        3.384   1.171  -3.935   2.551   0.481  -4.915   3.372   0.037  -6.119   1.273   1.483  -5.418   0.087   1.269  -4.525 0.2081
34        5.999   1.995   3.453   6.098   1.423   4.793   6.075  -0.100   4.744   4.834   1.994   5.776   5.269   3.248   6.474 0.2578
87        2.709   1.738   3.296   3.702   0.766   3.745   4.760   0.528   2.674   2.951  -0.702   4.160   2.580  -0.680   5.613 0.1669
111       2.706   1.989   3.254   3.421   0.873   3.866   4.845   1.270   4.236   3.442  -0.465   2.818   2.242  -1.325   3.080 0.2135
69        1.253   2.373  -3.481   0.152   3.256  -3.854   0.438   4.695  -3.443  -1.300   2.725  -3.147  -1.989   1.770  -4.076 0.1717
17       -0.424   4.376  -4.607  -1.661   4.197  -5.362  -1.586   4.900  -6.712  -2.988   4.781  -4.474  -3.553   3.675  -3.633 0.3316
46        3.494   0.446  -2.511   2.947   0.602  -3.855   2.959   2.064  -4.286   1.364  -0.014  -3.927   1.408  -1.464  -4.308 0.2691
8         0.512  -1.096  -4.789   0.978  -2.471  -4.638   2.111  -2.777  -5.611  -0.305  -3.562  -4.874  -0.977  -3.836  -3.561 0.5682
TOTRMS: 0.1989
BEFORE: 995 0.1776868583980051
AFTER: 400 0.19894632368792878
