94        3.709   2.198  -1.409   5.108   1.970  -1.062   5.987   3.121  -1.540   5.654   0.504  -1.728   5.417  -0.608  -0.750 0.2044
497       0.804   5.229   0.572   0.023   6.324   1.141   0.516   7.672   0.629   0.092   6.283   2.839  -1.035   5.445   3.366 0.1361
517       1.172   4.839   1.054   0.560   5.719   2.044   1.181   7.110   2.001   0.716   5.059   3.603  -0.472   4.194   3.901 0.1435
54        2.520   2.515  -2.557   3.587   2.426  -3.549   3.048   1.946  -4.892   4.816   1.384  -3.008   5.838   2.172  -2.243 0.2160
158       1.150   4.775   1.085   0.554   5.694   2.050   1.625   6.513   2.762  -0.377   4.839   3.187  -1.789   4.727   2.694 0.1709
301      -0.471   4.445  -0.540  -1.421   5.552  -0.497  -0.961   6.632   0.475  -2.965   4.993  -0.059  -3.731   4.620  -1.294 0.1437
53       -1.713   1.114  -3.368  -1.741   0.259  -4.551  -1.257   1.012  -5.785  -3.311  -0.340  -4.813  -3.476  -1.643  -4.088 0.2809
127       1.525   3.382  -2.521   2.254   3.684  -3.749   1.695   4.928  -4.429   2.195   2.360  -4.815   3.363   1.457  -4.556 0.1933
691       0.881   4.805   1.036   0.096   5.638   1.943   0.156   7.104   1.532   0.648   5.457   3.541  -0.102   4.341   4.206 0.1396
487      -0.453   4.594  -0.879  -1.256   5.778  -0.583  -2.691   5.396  -0.239  -1.238   6.852  -1.901  -0.094   7.810  -1.749 0.1436
649       1.219   5.067   0.846   0.581   6.072   1.692   0.459   7.406   0.964   1.455   6.273   3.136   0.930   5.327   4.174 0.1365
321       0.850   5.116   0.798   0.096   6.129   1.530   0.927   7.391   1.734  -0.415   5.518   3.033  -1.764   4.882   2.881 0.1510
178      -0.778   4.326   0.504  -1.593   5.276   1.256  -2.209   4.618   2.485  -2.815   5.923   0.267  -2.309   7.165  -0.405 0.1576
868       1.667   4.896   0.930   1.269   5.806   2.000   1.824   7.206   1.764   1.794   5.217   3.506   0.730   4.342   4.099 0.1323
614       1.640   5.174   0.887   1.254   6.117   1.932   0.315   7.187   1.386   2.631   6.843   2.615   3.103   6.024   3.779 0.1379
464       1.134   5.487   0.374   0.484   6.698   0.866   0.451   7.779  -0.209   1.279   7.278   2.252   0.663   6.667   3.475 0.1455
832       1.925   4.865   1.088   1.741   5.725   2.254   1.554   7.179   1.839   3.066   5.585   3.309   2.803   4.490   4.300 0.1348
62        2.220   2.673   2.545   2.024   3.397   3.798   2.491   2.570   4.989   0.389   3.822   3.988   0.148   5.171   3.379 0.2810
29        3.034   4.435  -1.070   4.259   4.690  -1.823   4.115   5.927  -2.701   4.660   3.341  -2.777   5.548   2.421  -1.993 0.2523
129       0.039   3.933   1.796  -0.384   4.670   2.984   0.818   5.166   3.779  -1.372   3.696   3.967  -2.806   3.873   3.566 0.1971
87        2.505   2.676  -2.318   3.743   2.445  -3.057   3.613   2.906  -4.504   4.167   0.799  -3.006   5.042   0.545  -1.815 0.2161
47        4.432   1.850  -1.205   5.696   1.381  -1.765   6.734   2.497  -1.788   5.460   0.771  -3.335   5.155  -0.695  -3.261 0.2950
31        4.377   1.185   1.175   5.762   0.722   1.170   5.840  -0.773   0.882   6.509   1.069   2.658   7.150   2.423   2.591 0.3498
414       3.463   1.690  -1.587   4.851   1.247  -1.681   5.304   0.581  -0.387   5.868   2.559  -2.049   5.997   2.689  -3.538 0.1111
284      -0.102   4.138   1.337  -0.409   4.736   2.633  -1.206   3.774   3.506  -1.271   6.187   2.428  -0.307   7.332   2.330 0.1678
131       1.037   3.612   2.170   1.382   4.056   3.518   2.803   3.645   3.885   0.281   3.426   4.650  -0.862   4.381   4.822 0.2035
114       1.215   5.577  -0.233   0.578   6.861   0.044   0.814   7.291   1.487  -1.090   6.777  -0.274  -1.347   7.161  -1.701 0.2384
200       0.780   5.360   0.089  -0.013   6.556   0.361   0.819   7.614   1.076  -1.380   6.162   1.291  -2.525   5.830   0.381 0.1819
338       0.950   5.720  -0.760   0.310   7.000  -1.045   1.304   7.990  -1.641  -0.380   7.646   0.368  -1.797   7.171   0.496 0.1793
195      -0.437   4.031   1.177  -1.063   4.803   2.246  -0.247   4.724   3.531  -2.647   4.251   2.527  -3.603   5.015   1.660 0.1816
530       1.841   4.675   1.388   1.711   5.286   2.708   1.966   6.787   2.645   2.785   4.557   3.807   2.106   3.398   4.475 0.1405
129       2.726   2.300  -2.698   3.904   1.669  -3.287   4.818   2.705  -3.929   3.440   0.507  -4.438   3.283  -0.826  -3.768 0.1976
42        3.635   3.887  -1.788   4.941   3.787  -2.431   4.869   4.221  -3.891   5.536   2.198  -2.324   6.343   2.050  -1.069 0.3435
543       2.392   4.586   1.274   2.628   5.106   2.618   1.943   6.453   2.814   4.296   5.251   2.915   4.810   3.976   3.513 0.1259
168       0.827   5.620  -0.955   0.266   6.876  -1.444   1.309   7.988  -1.423  -1.083   7.325  -0.513  -2.325   6.743  -1.119 0.2040
72        1.155   5.636  -1.393   0.462   6.840  -1.841   0.325   7.849  -0.706  -1.072   6.446  -2.460  -0.963   6.178  -3.931 0.2620
524       1.579   5.129   0.848   1.175   6.181   1.776   1.555   7.558   1.245   1.880   5.929   3.302   0.968   5.086   4.142 0.1334
195      -0.272   4.933   0.105  -1.286   5.981   0.170  -0.646   7.364   0.188  -2.265   5.774   1.545  -3.440   4.909   1.196 0.1906
161      -0.239   4.403   0.290  -0.855   5.448   1.103  -0.946   5.024   2.564  -2.401   5.828   0.509  -2.291   6.930  -0.503 0.1709
163       0.460   5.152  -0.806  -0.373   6.306  -1.133   0.453   7.586  -1.168  -1.640   6.460  -0.009  -2.833   5.689  -0.492 0.2051
108       3.439   2.521  -1.770   4.885   2.332  -1.698   5.623   3.641  -1.953   5.385   1.152  -2.815   5.357  -0.198  -2.163 0.1929
412       0.756   5.425   0.357   0.018   6.625   0.741   0.946   7.830   0.846  -0.788   6.380   2.217  -2.162   5.838   1.953 0.1519
77        3.529   1.951  -1.637   4.936   1.564  -1.588   5.477   1.285  -2.985   5.141   0.197  -0.599   5.399   0.634   0.812 0.2299
194       0.083   4.487   0.514  -0.330   5.495   1.487  -1.148   4.870   2.611  -1.228   6.721   0.725  -0.301   7.807   0.264 0.1735
188       0.816   5.800  -0.506   0.057   7.045  -0.577  -0.758   7.265   0.692  -0.967   7.039  -1.935  -0.242   7.624  -3.110 0.1952
284       0.299   4.892   0.921  -0.678   5.747   1.590  -0.318   7.219   1.431  -0.784   5.347   3.240  -1.839   4.298   3.433 0.1735
98        3.195   4.223   0.709   4.317   4.434   1.618   5.115   3.150   1.813   3.765   5.010   3.120   3.733   6.510   3.098 0.2016
212      -0.300   4.535  -0.845  -1.082   5.753  -0.650  -2.182   5.541   0.383  -1.757   6.267  -2.124  -0.806   7.201  -2.811 0.1874
51        4.039   1.953  -0.159   5.195   2.053  -1.046   4.761   2.288  -2.488   6.144   0.647  -0.944   7.179   0.818   0.129 0.2734
481       1.414   5.252   0.348   0.833   6.433   0.981   1.678   7.673   0.709   0.675   6.192   2.656  -0.669   5.595   2.950 0.1413
197      -0.417   4.381  -0.477  -1.278   5.518  -0.160  -1.199   5.870   1.321  -2.887   5.183  -0.596  -3.124   5.627  -2.009 0.1536
268       0.391   3.922   1.678   0.435   4.464   3.033   0.727   3.369   4.053  -1.031   5.237   3.411  -0.948   6.683   3.023 0.1603
84        0.769   4.546   0.274   0.554   5.660   1.192  -0.931   5.860   1.474   1.224   7.089   0.559   2.645   7.221   1.018 0.2329
171       1.629   5.218   0.377   1.163   6.366   1.148   0.492   5.922   2.443   0.085   7.303   0.225   0.851   8.349  -0.529 0.1908
294       1.559   5.262  -0.295   1.015   6.609  -0.143   1.964   7.653  -0.719   0.705   6.942   1.495  -0.697   6.532   1.833 0.1620
316       0.953   5.711  -0.176   0.310   7.022  -0.157   1.021   7.996  -1.088   0.278   7.644   1.425  -0.986   7.213   2.107 0.1515
56       -1.269   1.586  -3.799  -1.067   1.095  -5.159  -0.529   2.195  -6.066  -2.521   0.478  -5.789  -2.624  -0.983  -5.469 0.3218
419       0.615   5.619   0.468  -0.155   6.802   0.842   0.583   8.080   0.462  -0.484   6.792   2.510  -1.784   6.088   2.759 0.1486
422      -0.283   4.538  -0.440  -1.018   5.617   0.213  -2.494   5.265   0.361  -0.849   7.065  -0.662   0.347   7.817  -0.158 0.1505
26       -1.633   1.113  -3.340  -1.624   0.346  -4.582  -2.897   0.586  -5.385  -1.445  -1.313  -4.253   0.013  -1.665  -4.235 0.3111
84        3.305   4.062   0.783   4.557   4.072   1.535   4.765   5.408   2.237   5.870   3.743   0.506   6.115   2.264   0.465 0.2345
643       1.035   3.581   2.040   1.499   3.940   3.377   2.536   2.945   3.883   0.189   4.019   4.458  -0.365   5.412   4.472 0.1337
237       2.803   4.324   1.036   3.453   4.692   2.290   4.193   3.504   2.894   2.310   5.291   3.398   2.187   6.777   3.235 0.1336
96        2.380   2.883  -2.388   3.471   2.949  -3.357   2.946   3.262  -4.754   4.339   1.488  -3.374   5.459   1.560  -2.379 0.2079
57        3.620   1.806  -1.455   4.964   1.329  -1.144   6.013   2.070  -1.965   5.080  -0.344  -1.423   4.721  -1.086  -0.169 0.2182
545       1.287   4.797   1.398   0.790   5.521   2.565   0.348   6.930   2.189   1.983   5.587   3.774   1.845   4.397   4.677 0.1379
493       0.146   5.418   0.091  -0.857   6.472   0.215  -2.267   5.893   0.198  -0.680   7.610  -1.036   0.255   8.697  -0.594 0.1400
91        3.188   4.234   0.899   4.280   4.403   1.854   4.740   5.855   1.908   5.585   3.392   1.448   5.426   2.070   2.139 0.2307
889       2.110   4.861   0.973   2.066   5.750   2.131   2.334   7.194   1.725   3.194   5.254   3.303   2.543   4.287   4.246 0.1343
536       2.546   4.618   1.212   2.939   5.100   2.533   2.050   6.253   2.984   4.568   5.587   2.527   5.440   4.422   2.890 0.1291
39        2.479   2.386   2.542   3.628   2.150   3.411   3.568   3.032   4.652   5.077   2.428   2.567   5.532   1.153   1.921 0.2242
121       2.259   3.018  -2.277   2.054   3.939  -3.392   0.703   4.636  -3.287   2.170   3.112  -4.873   3.592   3.136  -5.349 0.2358
76       -0.523   4.730  -0.267  -1.625   5.687  -0.310  -2.787   5.150  -1.138  -1.095   7.173  -0.943  -0.614   8.050   0.174 0.2155
121       2.828   2.865  -2.174   4.188   2.812  -2.702   4.596   4.151  -3.304   4.324   1.583  -3.869   4.726   0.301  -3.201 0.1898
61        3.131   3.950   1.082   4.115   4.061   2.155   5.035   5.256   1.934   5.032   2.633   2.269   4.366   1.686   3.222 0.2310
105      -0.213   4.330  -1.574  -1.051   5.494  -1.847  -1.445   6.201  -0.555  -2.443   5.034  -2.708  -2.168   5.112  -4.180 0.1991
244       2.471   4.536   0.886   2.631   5.314   2.111   2.699   4.407   3.334   1.354   6.424   2.279   1.727   7.719   1.620 0.1521
294       0.048   3.832   1.517  -0.151   4.387   2.853   0.724   3.677   3.879  -1.787   4.274   3.304  -2.510   5.516   2.876 0.1490
461       1.780   3.223   2.227   2.668   3.366   3.377   3.745   2.287   3.376   1.779   3.302   4.825   1.352   4.686   5.210 0.1117
306       0.147   5.087   0.486  -0.785   6.169   0.788  -0.181   7.526   0.446  -1.231   6.127   2.429  -2.452   5.272   2.593 0.1669
610       0.611   5.179   0.914  -0.224   6.166   1.593  -0.160   7.516   0.890   0.253   6.330   3.217  -0.515   5.361   4.065 0.1387
167      -0.404   4.491  -0.402  -1.229   5.666  -0.137  -1.872   6.186  -1.417  -0.299   6.891   0.588  -0.351   6.741   2.080 0.1915
567       1.785   5.042   1.200   1.629   5.754   2.465   0.427   6.689   2.424   3.039   6.632   2.828   3.970   5.774   3.633 0.1389
177      -0.244   4.398  -0.496  -1.004   5.560  -0.047  -0.999   6.661  -1.101  -0.374   6.151   1.417  -1.065   5.479   2.567 0.1901
621       1.532   4.939   0.929   1.107   5.939   1.905   2.056   7.131   1.919   1.012   5.251   3.457  -0.369   4.708   3.680 0.1456
139       3.485   2.162  -1.721   4.927   1.964  -1.835   5.452   2.505  -3.159   5.312   0.315  -1.685   5.563  -0.011  -0.243 0.2031
14       -0.798   1.023  -3.896  -0.365   0.524  -5.198  -1.558   0.113  -6.053   0.695  -0.792  -5.006   2.106  -0.290  -4.930 0.3071
199       0.829   4.387   1.643   0.128   4.849   2.838  -0.046   6.364   2.821   0.965   4.374   4.239   0.468   3.031   4.686 0.1590
34        1.568   3.392  -2.607   2.046   3.783  -3.930   1.137   3.238  -5.025   3.639   3.240  -4.169   4.602   4.293  -3.708 0.3113
161       0.048   5.142   0.346  -1.047   6.057   0.657  -0.531   7.314   1.350  -2.205   5.286   1.634  -3.237   4.633   0.765 0.1853
246      -0.434   4.066   0.992  -1.071   4.839   2.055  -0.697   4.295   3.429  -2.760   4.831   1.864  -3.173   5.996   1.015 0.1765
210       0.303   4.164   1.516   0.260   4.896   2.778   0.137   3.943   3.962  -1.035   5.998   2.781  -0.570   7.317   2.239 0.1710
184       1.330   4.723   1.190   0.802   5.513   2.299   1.810   6.563   2.752   0.386   4.504   3.602  -1.045   4.074   3.464 0.1569
229      -0.714   4.449  -0.218  -1.640   5.356   0.454  -2.958   4.659   0.770  -1.922   6.732  -0.505  -0.919   7.793  -0.164 0.1654
232      -0.325   4.402  -0.371  -1.112   5.578  -0.013  -0.621   6.192   1.293  -2.758   5.173   0.117  -3.424   5.355  -1.215 0.1738
156       0.735   4.402   1.176  -0.041   4.987   2.266   0.286   6.466   2.439   0.250   4.151   3.717  -0.739   3.032   3.856 0.2195
567       1.869   5.102   0.476   1.482   6.253   1.285   1.469   7.530   0.453   2.537   6.430   2.607   2.005   5.656   3.777 0.1402
225      -0.439   4.748  -0.536  -1.234   5.880  -0.067  -2.672   5.784  -0.563  -0.538   7.345  -0.578   0.431   7.827   0.461 0.1925
36        4.829   1.447  -0.135   6.264   1.189  -0.223   6.885   1.936  -1.398   6.559  -0.478  -0.370   6.717  -1.081   0.995 0.3188
356       1.247   5.555   0.054   0.643   6.796   0.529   1.164   7.995  -0.255   0.947   7.007   2.188  -0.158   6.377   2.983 0.1534
649       2.182   4.937   0.885   2.122   5.859   2.016   1.572   7.215   1.590   3.663   6.047   2.710   3.854   5.022   3.788 0.1314
144       0.044   5.376  -0.574  -0.858   6.480  -0.893  -0.083   7.695  -1.388  -1.790   6.896   0.466  -3.059   6.096   0.466 0.1857
225       1.842   4.512   1.487   1.714   5.100   2.817   2.651   6.291   2.983   2.032   3.936   4.014   0.755   3.246   4.392 0.1540
116       1.013   4.772   0.620   0.223   5.776   1.328   1.089   6.573   2.296  -1.061   5.039   2.163  -2.267   4.978   1.274 0.2026
169       0.224   4.220   1.316   0.069   4.882   2.608  -1.155   4.358   3.350  -0.051   6.565   2.402   1.319   7.174   2.458 0.1999
665       1.234   5.146   1.158   0.684   6.067   2.149   0.133   7.323   1.485   1.871   6.485   3.292   1.828   5.514   4.435 0.1434
267       1.491   5.167   1.434   1.506   5.657   2.809   0.099   5.999   3.286   2.515   7.019   2.943   3.909   6.577   3.275 0.1592
54        2.300   2.316  -2.619   3.403   1.657  -3.311   4.157   2.638  -4.202   2.828   0.352  -4.237   2.842  -0.896  -3.406 0.2063
91       -0.832   4.297   0.342  -1.953   5.163   0.694  -1.567   6.138   1.800  -3.292   4.233   1.178  -4.142   3.921  -0.018 0.2063
492       1.173   5.519  -0.266   0.491   6.802  -0.121   0.806   7.727  -1.290   0.929   7.544   1.345  -0.022   7.120   2.424 0.1595
29        1.098   4.020  -1.521   0.462   4.810  -2.571   0.419   6.287  -2.196  -1.110   4.239  -2.874  -1.063   3.188  -3.942 0.3796
128       0.126   4.636  -0.382  -0.536   5.923  -0.185   0.349   6.879   0.607  -2.023   5.710   0.611  -3.109   5.511  -0.404 0.1808
212      -0.520   4.517  -0.176  -1.342   5.653   0.232  -2.453   5.916  -0.778  -0.382   7.044   0.418   0.111   7.124   1.832 0.1950
125       2.162   3.171  -2.424   3.257   3.277  -3.383   3.461   4.722  -3.826   2.961   2.289  -4.735   3.541   0.927  -4.495 0.1947
293       0.431   4.662   1.091  -0.535   5.356   1.938  -0.474   6.863   1.718  -0.258   4.993   3.575  -1.058   3.785   3.962 0.1662
552       0.900   5.539   0.791   0.186   6.618   1.468  -0.414   7.594   0.464   1.226   7.441   2.532   1.170   6.796   3.885 0.1413
254       2.434   4.443   1.345   2.746   4.809   2.724   2.392   6.266   2.998   4.391   4.536   3.053   4.572   3.141   3.572 0.1365
590       2.293   4.668   1.162   2.386   5.375   2.436   2.100   6.861   2.261   3.925   5.154   3.125   3.909   3.940   4.005 0.1283
466       0.311   4.354   0.453  -0.001   5.378   1.446   0.458   4.953   2.836  -1.670   5.704   1.458  -1.971   6.808   0.488 0.1200
234       0.256   4.443  -1.033  -0.390   5.717  -0.731  -1.757   5.501  -0.093  -0.547   6.652  -2.143   0.669   7.514  -2.309 0.1821
15        0.820   5.058   1.090   2.144   4.830   1.662   2.108   4.919   3.183   3.262   5.949   1.038   3.896   5.386  -0.199 0.3518
284       0.559   5.697  -0.047  -0.166   6.964  -0.055   0.790   8.145   0.062  -1.302   7.006   1.209  -2.612   6.460   0.724 0.1605
38        2.613   3.266   1.859   3.234   3.291   3.181   4.214   4.451   3.305   4.029   1.820   3.490   3.078   0.868   4.152 0.2704
30       -1.939   1.307  -3.098  -2.083   0.655  -4.397  -2.594   1.633  -5.448  -3.134  -0.677  -4.279  -2.345  -1.909  -3.950 0.2726
901       1.399   4.831   1.162   0.902   5.669   2.250   0.934   7.144   1.865   1.816   5.414   3.660   1.195   4.312   4.466 0.1351
84        1.119   5.549  -1.215   0.581   6.817  -1.700   1.274   7.999  -1.032  -1.095   6.894  -1.428  -1.820   6.338  -2.617 0.2400
54        3.616   3.052  -1.802   4.551   3.187  -2.916   4.558   4.613  -3.456   4.156   2.096  -4.158   4.885   0.804  -3.939 0.2754
129       2.765   2.777  -2.259   4.009   2.824  -3.022   3.957   3.911  -4.089   4.321   1.315  -3.741   5.138   0.475  -2.804 0.1920
409       1.724   4.495   1.649   1.556   4.974   3.018   1.167   6.447   3.040   2.984   4.735   3.909   2.944   3.387   4.566 0.1472
45        2.743   2.808  -2.132   3.866   2.863  -3.063   3.730   1.803  -4.150   5.336   2.663  -2.233   5.856   4.003  -1.807 0.3009
252       0.481   4.112   1.495   0.441   4.883   2.735   1.498   4.396   3.719  -1.102   4.790   3.443  -1.956   5.910   2.929 0.1729
118       0.213   4.361  -1.023  -0.477   5.640  -0.881  -1.079   5.788   0.511  -1.691   5.793  -2.061  -1.119   6.442  -3.286 0.1968
28        3.522   2.430   1.136   4.741   2.459   1.939   5.936   2.907   1.106   5.042   0.929   2.616   4.376   0.835   3.956 0.3789
90       -0.434   4.312  -0.658  -1.522   5.284  -0.713  -1.634   6.057   0.596  -2.994   4.507  -1.059  -3.199   4.463  -2.544 0.2096
147       2.121   2.854  -2.494   3.226   2.655  -3.428   3.347   3.829  -4.393   3.017   1.207  -4.293   3.678   0.082  -3.553 0.1977
259      -0.456   4.454  -0.756  -1.457   5.508  -0.900  -0.953   6.826  -0.322  -2.908   5.055  -0.140  -3.785   4.337  -1.123 0.1641
490       1.463   4.991   0.439   0.833   6.125   1.108   1.122   7.427   0.370   1.367   6.236   2.718   0.455   5.439   3.603 0.1355
51        1.873   4.146  -1.793   1.386   4.884  -2.955   2.041   6.257  -3.047  -0.305   5.047  -2.888  -0.947   3.883  -3.583 0.2616
71        2.779   4.371  -1.211   2.768   5.147  -2.447   2.979   6.630  -2.166   1.304   4.915  -3.281   1.444   3.755  -4.222 0.2767
59        3.698   1.804  -2.250   4.610   1.448  -3.332   5.529   2.613  -3.681   3.738   0.960  -4.707   3.509  -0.521  -4.655 0.3134
69        3.360   2.374  -1.712   4.793   2.267  -1.969   5.061   1.671  -3.346   5.542   1.323  -0.769   5.992   2.208   0.355 0.2474
83       -0.286   4.151   0.862  -0.798   4.919   1.993  -0.988   6.385   1.621   0.252   4.787   3.324  -0.154   3.615   4.167 0.2111
54        0.211   5.268   1.232   1.390   5.105   2.077   1.355   3.774   2.818   1.507   6.388   3.187   2.313   7.499   2.584 0.2907
94        1.544   5.439  -0.298   0.997   6.741   0.073   1.821   7.387   1.181  -0.623   6.585   0.567  -1.525   6.745  -0.620 0.2169
165       0.640   5.549   0.424  -0.129   6.727   0.815  -1.370   6.334   1.607  -0.574   7.628  -0.557   0.489   8.643  -0.854 0.1984
84        2.807   4.351   1.039   3.462   4.737   2.285   4.676   5.619   2.017   3.926   3.357   3.164   2.813   2.953   4.084 0.1821
438       2.099   4.708   1.461   2.202   5.205   2.830   1.230   6.354   3.071   3.792   5.708   3.161   4.577   4.555   3.711 0.1254
95       -0.456   4.468  -0.941  -1.594   5.295  -1.329  -1.609   6.607  -0.554  -3.051   4.454  -1.081  -3.408   3.694  -2.323 0.2045
166       2.050   5.030  -0.676   1.498   6.371  -0.847   2.197   7.112  -1.981   1.633   7.256   0.598   0.400   7.050   1.428 0.2020
736       1.668   4.822   1.367   1.387   5.503   2.627   0.599   6.787   2.393   2.834   5.850   3.449   3.182   4.705   4.354 0.1388
98        2.809   4.036   1.329   3.448   4.394   2.592   3.269   3.293   3.630   2.818   5.859   3.181   3.632   7.002   2.651 0.1945
107      -0.372   4.535   1.096  -0.918   5.583   1.954  -0.534   5.354   3.411  -2.609   5.655   1.801  -2.972   6.613   0.705 0.2031
216       0.605   4.676   1.619  -0.160   5.268   2.712  -0.678   6.651   2.334   0.792   5.366   4.117   0.628   4.111   4.921 0.1593
88       -0.393   4.475   1.146  -1.437   5.274   1.780  -0.858   6.537   2.405  -2.249   4.359   2.961  -3.417   3.657   2.335 0.2223
97        1.328   5.398   1.467   1.041   6.341   2.544   1.674   5.887   3.854  -0.637   6.525   2.740  -1.122   7.647   1.872 0.2531
50        3.021   2.788  -1.769   4.246   2.731  -2.562   4.606   1.292  -2.912   5.530   3.467  -1.725   5.585   4.924  -2.075 0.2815
416       2.215   5.055   0.381   1.984   6.239   1.204   1.741   7.470   0.338   3.304   6.507   2.241   3.077   5.785   3.536 0.1489
427       0.657   5.383   0.615  -0.116   6.544   1.048   0.294   7.794   0.279   0.079   6.797   2.719  -0.979   6.040   3.465 0.1387
392       2.086   5.089   0.148   1.765   6.398   0.710   2.175   7.518  -0.239   2.529   6.601   2.215   1.622   6.111   3.305 0.1589
201       0.886   4.493   0.982   0.158   5.402   1.861   0.892   6.730   2.009  -0.075   4.692   3.388  -1.369   3.935   3.396 0.1724
180       0.623   3.805   1.959   0.875   4.129   3.360   0.564   2.941   4.263  -0.046   5.478   3.832   0.741   6.731   3.587 0.1794
147       1.733   5.345   0.492   1.382   6.511   1.298   1.276   6.145   2.774  -0.081   7.187   0.758   0.203   8.222  -0.290 0.2178
249       0.290   5.408  -0.388  -0.620   6.537  -0.555  -0.006   7.611  -1.446  -1.030   7.198   0.956  -2.259   6.518   1.483 0.1616
67        3.159   4.283  -1.255   3.401   5.068  -2.462   4.640   5.942  -2.309   2.048   6.031  -2.824   1.118   5.271  -3.722 0.2622
148       0.305   5.165  -0.390  -0.624   6.286  -0.500  -0.183   7.452   0.376  -2.196   5.798  -0.074  -2.918   5.313  -1.296 0.2003
160      -0.667   4.604  -0.236  -1.486   5.768   0.090  -2.176   5.593   1.438  -2.642   6.039  -1.126  -2.070   6.958  -2.165 0.1845
390       0.349   4.004   1.461   0.318   4.664   2.763   1.017   3.822   3.824  -1.287   4.977   3.231  -1.698   6.331   2.734 0.1471
149      -0.350   4.804   0.637  -1.515   5.622   0.961  -1.220   7.103   0.755  -2.009   5.344   2.564  -3.010   4.227   2.592 0.1820
357       1.997   5.086   0.224   1.637   6.343   0.873   2.409   7.512   0.271   1.929   6.252   2.546   0.698   5.750   3.241 0.1395
406       0.444   5.705   0.306  -0.431   6.855   0.515  -0.431   7.773  -0.701   0.046   7.720   1.899  -0.675   7.181   3.098 0.1463
81        2.630   4.773   0.820   2.841   5.650   1.968   4.170   5.349   2.652   1.565   5.490   3.080   0.488   6.480   2.750 0.2761
47        2.093   3.458   2.087   2.792   3.921   3.283   4.274   4.137   3.004   2.594   2.808   4.554   1.372   3.167   5.347 0.2917
38        1.810   3.223  -2.241   2.736   3.355  -3.362   4.152   2.969  -2.953   2.715   4.945  -3.965   1.677   5.058  -5.041 0.2524
50        2.783   2.441   2.332   2.843   3.038   3.663   4.249   2.944   4.244   1.730   2.281   4.703   0.416   3.000   4.636 0.2642
132       0.537   5.618  -0.365  -0.248   6.845  -0.459   0.491   8.019   0.173  -1.762   6.640   0.287  -2.753   6.142  -0.722 0.1846
147      -0.011   5.182  -0.240  -1.075   6.181  -0.281  -0.873   7.151  -1.439  -1.145   7.033   1.189  -2.083   6.335   2.128 0.1691
43       -0.456   0.792  -4.187  -0.019  -0.099  -5.258   1.291   0.380  -5.871  -1.217  -0.215  -6.459  -2.142  -1.350  -6.135 0.2621
326       2.248   4.717   1.030   2.308   5.514   2.252   3.316   6.649   2.118   2.709   4.532   3.581   1.454   3.998   4.204 0.1419
426       2.283   4.717   1.068   2.398   5.453   2.324   3.071   6.804   2.108   3.268   4.544   3.467   2.318   3.697   4.260 0.1299
259       1.960   4.464   1.576   1.948   4.825   2.990   1.213   6.141   3.215   3.537   4.935   3.587   3.965   3.599   4.117 0.1347
50        3.205   2.541   2.032   4.591   2.521   2.492   5.530   2.050   1.388   4.748   1.521   3.858   4.536   2.333   5.100 0.2869
114       1.696   3.278  -2.306   1.182   4.335  -3.172  -0.307   4.561  -2.939   1.466   3.955  -4.804   2.797   4.506  -5.223 0.2085
71        1.559   4.004   1.887   1.352   4.262   3.309   1.779   5.678   3.678   2.206   3.131   4.248   1.331   1.944   4.521 0.2309
76        0.341   3.980  -2.744  -0.218   4.901  -3.730  -1.489   5.559  -3.208  -0.539   4.086  -5.187   0.668   4.153  -6.075 0.2374
126      -0.168   3.879   1.549  -0.536   4.526   2.805   0.615   4.482   3.803  -1.915   3.788   3.471  -3.146   4.478   2.964 0.1642
283       0.634   5.573   0.939  -0.139   6.495   1.767  -1.188   7.229   0.939   0.890   7.614   2.528   1.325   7.070   3.856 0.1541
146       0.450   4.142   1.789   0.536   4.811   3.084   0.051   3.901   4.205  -0.369   6.251   3.069   0.506   7.386   2.626 0.1765
97        1.366   4.830   0.737   0.892   5.867   1.650  -0.319   5.388   2.442   0.504   7.282   0.791   1.715   8.163   0.706 0.2115
185      -0.125   4.426   0.078  -0.708   5.539   0.822  -1.232   6.615  -0.121   0.438   6.204   1.888   0.352   5.508   3.213 0.1863
55        0.466   5.462  -0.783   0.908   5.623   0.599   0.216   4.622   1.517   0.612   7.209   1.136   1.807   8.067   0.842 0.2904
437       1.045   5.418   1.241   0.490   6.469   2.089   0.471   7.809   1.362   1.381   6.601   3.531   0.787   5.698   4.570 0.1527
448       1.709   5.053   1.082   1.458   6.063   2.106   2.289   7.316   1.856   1.794   5.438   3.651   0.554   4.814   4.218 0.1368
17        2.133   2.977   2.451   3.090   3.031   3.552   2.398   2.810   4.892   3.906   4.523   3.557   5.147   4.417   2.721 0.2820
159      -0.215   4.412  -1.413  -1.073   5.510  -1.847  -0.758   6.789  -1.079  -2.711   5.099  -1.646  -3.219   4.446  -2.897 0.1782
127       1.445   4.531   1.738   1.135   4.888   3.120   0.079   5.986   3.179   2.542   5.388   3.933   3.195   4.201   4.577 0.1700
224      -0.701   4.492  -0.388  -1.647   5.381   0.280  -3.084   4.933   0.041  -1.438   6.981  -0.257  -0.441   7.677   0.621 0.1945
65        0.428   4.205   1.989   0.312   5.104   3.134   1.647   5.251   3.853  -0.873   4.539   4.214  -2.204   5.125   3.848 0.1949
45        0.939   3.770  -2.424   1.027   4.404  -3.737  -0.360   4.657  -4.317   1.937   3.441  -4.801   3.383   3.832  -4.716 0.2600
313       2.467   4.571   1.443   2.926   4.845   2.801   1.891   5.650   3.578   4.409   5.676   2.771   5.536   4.688   2.782 0.1447
113       0.932   4.280   1.315   0.553   5.184   2.397   1.654   5.273   3.448  -0.900   4.673   3.116  -2.058   5.318   2.414 0.2027
320       2.318   4.519   1.367   2.559   4.986   2.729   2.757   6.497   2.764   3.915   4.205   3.393   3.477   2.953   4.093 0.1441
53        2.004   3.097   2.239   1.590   4.049   3.266   0.369   4.843   2.817   2.867   5.105   3.646   3.679   4.526   4.765 0.2070
240       0.643   5.663   0.239  -0.014   6.961   0.366   0.952   8.098   0.056  -0.657   7.150   1.928  -2.066   6.636   1.955 0.1478
131       0.903   5.745  -0.289   0.146   6.962  -0.007  -0.136   7.100   1.484  -1.314   6.968  -0.880  -1.098   7.626  -2.210 0.2059
187       2.115   4.540   1.383   2.195   4.958   2.780   2.919   6.293   2.913   2.981   3.773   3.710   1.969   2.804   4.245 0.1553
82        0.999   3.606   2.226   1.156   4.150   3.572   2.605   4.536   3.843   0.625   3.026   4.732  -0.832   3.243   5.009 0.2311
285       2.849   4.416   1.087   3.523   4.817   2.319   3.208   6.266   2.669   5.203   4.604   2.172   5.575   3.226   2.631 0.1580
31        5.106   2.906   0.009   6.516   2.581   0.198   7.156   2.132  -1.111   6.694   1.370   1.378   6.846   2.006   2.728 0.3798
209       1.927   4.618   1.645   1.986   4.930   3.070   0.836   5.843   3.480   3.474   5.656   3.458   4.465   4.594   3.833 0.1465
271       1.423   5.478  -0.261   0.860   6.806  -0.036   1.911   7.890  -0.248   0.215   6.919   1.534  -1.227   6.509   1.512 0.1642
131       0.318   4.937  -0.973  -0.681   5.916  -1.391  -0.020   7.167  -1.959  -1.689   6.330  -0.086  -2.870   5.407  -0.053 0.2087
295       0.178   4.808   1.164  -0.837   5.522   1.933  -1.059   6.925   1.380  -0.390   5.605   3.571  -0.934   4.413   4.300 0.1642
114       0.668   5.120   1.165  -0.002   6.033   2.087  -0.881   5.272   3.072  -0.934   7.166   1.228  -0.098   8.373   0.924 0.2171
61        0.822   3.707   2.181   1.118   4.165   3.535   0.186   5.299   3.946   2.737   4.670   3.650   3.597   3.508   4.049 0.2277
101      -0.438   4.042   1.170  -1.013   4.737   2.318  -1.714   6.021   1.888   0.191   5.086   3.466   0.301   3.949   4.437 0.2060
56        2.190   2.827  -2.828   2.279   3.443  -4.148   2.019   4.943  -4.072   1.179   2.714  -5.220   1.845   1.561  -5.911 0.2702
199       2.843   4.474   0.870   3.591   5.006   2.005   3.904   3.912   3.019   2.722   6.262   2.752   3.095   7.572   2.122 0.1762
104       0.078   4.535  -1.361  -0.537   5.850  -1.516  -0.328   6.704  -0.271  -2.198   5.693  -1.843  -2.410   5.618  -3.326 0.2266
21        0.135   1.262  -3.337   0.081   0.714  -4.689  -1.093  -0.245  -4.846   1.537  -0.080  -5.066   2.490   0.894  -5.692 0.3151
418       1.320   4.670   1.318   0.788   5.343   2.499   1.146   6.824   2.496   1.371   4.604   3.915   0.431   3.513   4.334 0.1383
157      -0.794   4.310   0.242  -1.666   5.130   1.078  -2.459   4.270   2.055  -2.727   6.043   0.112  -2.095   7.364  -0.213 0.1843
136       0.594   5.754  -0.077  -0.179   6.990  -0.014  -1.281   6.896   1.035  -0.851   7.348  -1.535   0.106   8.198  -2.317 0.1730
119       2.296   4.603  -1.319   1.801   5.581  -2.284   2.865   5.913  -3.323   1.298   6.997  -1.490  -0.154   6.882  -1.133 0.2427
73        1.288   3.551  -2.425   2.070   3.517  -3.658   2.549   4.912  -4.042   1.155   2.846  -4.923   1.367   1.361  -4.960 0.2600
205       1.498   3.390   2.257   2.223   3.663   3.494   2.824   2.387   4.071   1.195   4.392   4.636   1.256   5.882   4.483 0.1779
24        4.103   1.869   0.505   5.260   1.948   1.392   6.365   1.000   0.938   4.808   1.592   2.992   4.411   2.857   3.692 0.3434
265      -0.246   4.747  -0.896  -0.939   5.985  -0.550  -2.450   5.789  -0.559  -0.505   7.228  -1.625   0.690   7.959  -1.088 0.1810
34        0.768   5.407   0.902   2.186   5.556   1.220   2.673   4.415   2.104   2.468   7.048   1.985   2.774   8.090   0.951 0.2840
289       0.578   3.608   1.921   0.775   3.969   3.322   2.007   3.281   3.898  -0.599   3.566   4.238  -1.545   4.730   4.259 0.1483
141      -0.120   4.580   0.475  -0.830   5.735   1.015   0.137   6.725   1.655  -1.993   5.239   2.152  -3.298   4.989   1.455 0.2023
456       0.259   5.058   0.597  -0.740   6.028   1.036  -0.527   7.379   0.364  -0.693   6.204   2.726  -1.632   5.219   3.358 0.1525
62       -0.687   0.601  -3.958  -0.421  -0.473  -4.911   0.706  -0.093  -5.865  -1.827  -0.848  -5.790  -2.594  -1.919  -5.073 0.2837
156       0.277   4.983   1.202  -0.671   5.746   2.009  -0.101   7.110   2.383  -1.085   4.882   3.414  -2.285   4.025   3.139 0.1701
326       0.436   5.223   0.910  -0.477   6.172   1.541  -0.738   7.369   0.634   0.151   6.697   3.032  -0.327   5.786   4.124 0.1436
269      -0.287   4.147   1.171  -0.731   4.887   2.349  -1.094   3.941   3.488  -2.062   5.873   1.963  -1.574   7.221   1.521 0.1622
134      -0.652   4.403  -0.293  -1.641   5.459  -0.093  -1.993   5.609   1.382  -3.044   5.135  -0.997  -2.919   5.757  -2.356 0.1964
72        0.639   4.234   1.433  -0.106   4.905   2.494   0.836   5.542   3.509  -1.147   3.810   3.273  -2.480   3.809   2.584 0.2642
28        4.092   1.451  -1.057   5.114   1.426  -2.100   6.512   1.352  -1.497   4.979   2.798  -3.094   4.059   2.498  -4.239 0.2898
91        1.309   4.157   1.584   0.946   4.744   2.870   2.139   5.442   3.512   0.338   3.549   3.916  -1.149   3.446   3.747 0.2238
81        0.618   4.077   1.704   0.746   4.710   3.014   0.460   6.205   2.931   2.301   4.448   3.650   2.304   3.186   4.460 0.2265
48        1.701   4.522  -2.148   2.533   4.793  -3.317   2.745   6.291  -3.504   1.831   4.124  -4.713   2.334   2.724  -4.904 0.3204
59        3.808   3.207   0.429   5.123   3.019   1.033   5.118   1.846   2.006   5.618   4.436   1.832   6.379   5.308   0.879 0.2058
158       0.525   3.808   1.879   0.671   4.169   3.286  -0.178   3.267   4.175   0.243   5.796   3.529   1.457   6.662   3.368 0.1765
17       -3.094   1.565  -0.733  -3.977   1.240  -1.850  -4.806   2.450  -2.263  -5.000  -0.055  -1.440  -4.343  -1.349  -1.818 0.4608
58       -0.129   4.351   1.373  -1.212   4.858   2.211  -0.937   6.289   2.657  -1.431   3.856   3.567  -2.427   2.784   3.241 0.3352
118       1.627   5.281  -0.461   1.166   6.664  -0.391   2.332   7.622  -0.180   0.028   6.847   0.859  -1.351   6.604   0.320 0.1854
177       2.194   4.812   0.677   2.072   5.855   1.692   3.336   6.704   1.761   1.747   5.168   3.212   0.264   5.058   3.405 0.1770
223       2.016   5.055   0.228   1.620   6.274   0.928   0.579   5.977   2.000   1.013   7.419  -0.173   2.136   8.283  -0.666 0.1865
112      -0.612   4.576  -0.843  -1.532   5.697  -1.013  -1.493   6.626   0.195  -3.116   5.133  -1.264  -3.354   4.948  -2.733 0.1938
56        0.671   3.859  -2.689   0.635   4.629  -3.930  -0.227   5.876  -3.777   0.053   3.670  -5.207   1.203   2.980  -5.879 0.3056
91        0.034   5.246  -0.306  -0.925   6.339  -0.435  -0.835   7.292   0.751  -2.506   5.728  -0.572  -2.833   5.509  -2.019 0.2261
440       0.679   5.161   1.204  -0.067   6.053   2.087   0.346   7.505   1.876   0.165   5.611   3.712  -0.888   4.623   4.116 0.1491
282       1.480   5.044   0.205   0.845   6.242   0.747   1.857   7.370   0.917   0.100   5.898   2.235  -1.318   5.472   1.998 0.1626
82        1.858   3.079  -2.454   2.832   3.070  -3.542   2.378   3.962  -4.691   3.084   1.483  -4.099   4.208   0.856  -3.329 0.1774
149       0.842   4.884   0.466  -0.054   5.870   1.062   0.707   7.125   1.474  -0.857   5.207   2.406  -2.142   4.575   1.959 0.1940
31        0.959   3.426   2.227   1.351   3.476   3.633   0.934   4.794   4.273   3.030   3.257   3.789   3.332   1.796   3.943 0.2472
329       0.200   4.234   0.557  -0.180   5.191   1.592   0.534   4.893   2.905  -1.864   5.173   1.827  -2.507   6.177   0.916 0.1450
300       1.149   4.553   1.435   0.562   5.132   2.640   0.279   6.618   2.453   1.592   4.898   3.972   1.251   3.602   4.646 0.1503
340       1.449   5.308   1.441   1.092   6.320   2.431   0.712   7.635   1.761   2.377   6.568   3.516   2.235   5.635   4.681 0.1486
433       1.508   5.047   0.216   0.835   6.192   0.823   1.403   7.505   0.297   0.976   6.133   2.517  -0.185   5.376   3.089 0.1410
458       0.979   5.278   1.014   0.390   6.378   1.771   1.322   7.584   1.804   0.024   5.880   3.355  -1.374   5.339   3.399 0.1503
263       0.294   5.698  -0.594  -0.557   6.830  -0.950   0.039   7.621  -2.109  -0.784   7.847   0.393  -1.999   7.405   1.154 0.1684
15        0.626   1.230  -3.384   0.807   0.546  -4.661   2.006  -0.394  -4.615   1.001   1.675  -5.917  -0.341   2.015  -6.495 0.3800
74        1.385   4.019   1.651   1.168   4.595   2.975   2.479   4.715   3.744   0.059   3.655   3.857  -1.332   4.157   3.607 0.1841
74        2.434   4.581  -1.345   2.023   5.614  -2.291   3.035   6.753  -2.335   0.486   6.215  -1.883  -0.569   5.409  -2.581 0.2125
48        2.190   2.706   2.583   1.985   3.467   3.812   3.016   3.092   4.870   0.414   3.212   4.412  -0.515   4.237   3.834 0.2803
203      -0.178   5.170   0.007  -1.212   6.201   0.023  -2.523   5.671  -0.546  -0.703   7.565  -0.856   0.005   8.516   0.062 0.1601
387      -0.535   4.566  -0.619  -1.354   5.704  -0.211  -2.648   5.240   0.448  -1.702   6.694  -1.548  -0.637   7.741  -1.687 0.1461
402       1.579   5.335  -0.047   0.950   6.588   0.360   0.716   7.500  -0.839   1.906   7.383   1.520   1.497   6.940   2.893 0.1508
43        1.067   3.781   2.012   0.570   4.979   2.684  -0.512   4.630   3.699  -0.034   6.089   1.546   1.069   7.009   1.111 0.2324
181       0.734   5.116  -0.190  -0.123   6.293  -0.080  -1.567   5.955  -0.431   0.446   7.538  -1.088   1.414   8.394  -0.327 0.1586
101       2.435   4.042   1.693   2.824   4.199   3.092   2.865   5.670   3.488   4.338   3.477   3.371   4.143   2.046   3.773 0.2037
45        3.395   1.671   1.930   4.703   1.066   2.171   4.715  -0.399   1.752   5.129   1.208   3.811   5.881   2.488   4.023 0.2891
418       2.260   4.919   0.542   2.133   6.000   1.514   2.729   7.296   0.976   2.887   5.574   2.977   1.894   4.894   3.872 0.1355
110       0.324   5.538   0.993  -0.278   6.229   2.130  -1.798   6.257   2.012   0.327   7.813   2.248   1.546   7.819   3.122 0.1799
224       2.901   4.307   1.183   3.676   4.492   2.407   3.100   5.619   3.256   5.303   4.815   2.035   6.064   3.525   1.962 0.1588
155      -0.286   4.475   0.571  -0.881   5.582   1.313   0.007   6.003   2.479  -2.425   5.153   1.882  -3.456   5.522   0.857 0.1790
115      -0.712   4.123   0.872  -1.533   5.012   1.688  -0.709   5.660   2.794  -2.843   4.161   2.359  -4.015   4.230   1.426 0.1595
70        0.088   4.342  -2.025  -0.544   5.574  -2.488  -2.048   5.547  -2.240  -0.231   5.816  -4.142   1.029   6.615  -4.300 0.2410
171       1.140   4.292   1.495   0.706   5.078   2.646   1.449   6.407   2.715   0.942   4.203   4.085  -0.291   3.406   4.393 0.2110
66        1.432   3.299  -2.253   0.840   4.288  -3.149  -0.021   5.282  -2.378  -0.090   3.520  -4.348   0.775   3.225  -5.538 0.2260
122       1.777   4.631   1.226   1.636   5.491   2.397   2.997   5.947   2.911   0.790   4.680   3.629  -0.680   4.942   3.483 0.2051
128       1.610   3.333  -2.291   1.112   4.447  -3.092  -0.114   5.082  -2.447   0.738   3.925  -4.667   1.948   4.071  -5.542 0.1898
58        2.563   4.398   1.247   3.052   4.833   2.552   4.526   5.215   2.487   2.817   3.611   3.711   1.475   3.786   4.357 0.2191
93        2.807   4.184  -1.518   2.787   4.862  -2.811   4.181   5.335  -3.204   1.713   6.179  -2.773   0.347   5.724  -3.193 0.2437
422       1.344   3.344   2.220   2.006   3.528   3.508   3.205   2.599   3.647   0.910   3.261   4.781   0.240   4.553   5.143 0.1226
149      -0.124   4.300   0.802  -0.582   5.258   1.804  -1.547   6.269   1.196   0.742   6.064   2.503   1.212   5.302   3.707 0.1931
174      -0.838   4.270   0.473  -1.734   5.228   1.113  -2.081   4.793   2.532  -3.154   5.415   0.197  -2.967   6.525  -0.795 0.1660
42        1.791   4.089  -2.154   1.150   4.599  -3.363   2.160   5.289  -4.272  -0.104   5.675  -2.961  -1.388   4.915  -2.816 0.3069
17       -0.364   4.260  -0.566  -1.015   5.157  -1.517  -2.276   5.770  -0.918  -1.394   4.328  -2.952  -0.245   4.437  -3.910 0.3549
28        2.580   2.560  -2.711   2.661   3.213  -4.014   4.027   2.992  -4.655   2.350   4.877  -3.864   0.880   5.128  -4.031 0.2517
181       1.802   3.474   2.093   2.706   3.771   3.200   3.675   2.620   3.442   1.823   4.099   4.615   1.532   5.568   4.695 0.1706
155       0.454   4.463  -0.314   0.021   5.696   0.336  -0.097   5.510   1.844  -1.466   6.214  -0.305  -1.218   7.127  -1.469 0.1707
52       -0.882   4.115   0.817  -1.801   4.913   1.624  -3.022   5.331   0.813  -1.011   6.288   2.239  -0.407   5.963   3.572 0.1859
693       2.223   4.878   0.984   2.217   5.678   2.205   1.335   6.911   2.050   3.800   6.141   2.619   4.406   5.103   3.515 0.1308
388       1.079   5.399   0.964   0.527   6.227   2.033  -0.814   6.825   1.627   1.617   7.464   2.448   2.529   6.983   3.537 0.1511
231       0.522   5.260   0.877  -0.272   6.317   1.497   0.621   7.431   2.033  -1.229   5.683   2.750  -2.557   5.257   2.198 0.1615
301       1.355   4.736   1.693   1.028   5.521   2.880   1.521   6.956   2.741   1.700   4.805   4.268   0.716   3.838   4.857 0.1464
188       0.511   4.341   1.062   0.467   5.248   2.205   0.750   4.506   3.506  -1.044   6.022   2.292  -0.998   7.300   1.509 0.1643
195      -0.543   4.335   0.313  -1.292   5.244   1.177  -2.379   4.500   1.944  -1.981   6.500   0.262  -1.020   7.650   0.189 0.1686
91       -0.140   5.628   0.355  -1.209   6.415   0.964  -2.402   6.541   0.024  -0.638   7.959   1.392  -0.109   7.925   2.794 0.1833
69        2.184   4.604  -0.631   1.671   5.838  -1.220   0.160   5.770  -1.408   2.431   6.145  -2.710   3.659   6.976  -2.482 0.2345
150      -0.275   4.756   0.768  -0.704   5.801   1.693  -1.011   5.223   3.069  -2.068   6.610   1.082  -1.626   7.778   0.251 0.2150
41        1.376   3.607  -2.316   0.886   4.794  -3.009   1.722   5.091  -4.248   0.893   6.137  -1.965  -0.425   6.226  -1.257 0.2203
81        1.643   4.774   0.798   1.364   5.876   1.714  -0.087   5.846   2.181   1.706   7.367   0.971   3.133   7.743   1.240 0.2271
205       1.189   4.778   1.293   0.576   5.462   2.429   1.248   6.805   2.689   0.656   4.489   3.821  -0.572   3.633   3.904 0.1532
181       1.342   5.301   0.225   0.768   6.541   0.741   1.858   7.495   1.213  -0.310   6.211   2.013  -1.691   6.013   1.460 0.1781
249       1.475   5.315   1.551   1.220   6.192   2.689   0.322   7.359   2.293   2.683   6.774   3.330   3.172   5.835   4.393 0.1596
45       -0.189   3.922   1.315  -0.599   4.618   2.531  -1.978   5.246   2.365   0.539   5.812   2.943   1.579   5.221   3.848 0.2198
33        3.354   2.013  -1.605   4.765   1.651  -1.695   5.415   1.627  -0.317   5.592   2.735  -2.711   5.557   2.225  -4.121 0.1722
338       1.485   5.226   1.256   1.304   5.884   2.547  -0.086   6.501   2.658   2.492   7.078   2.775   3.685   6.473   3.454 0.1299
213       0.677   5.424   0.220  -0.131   6.604   0.512  -1.559   6.216   0.874  -0.134   7.664  -0.818   1.004   8.632  -0.688 0.1720
53        0.476   5.409   1.367   0.306   6.036   2.674  -1.021   5.633   3.307   0.397   7.728   2.537   1.820   8.167   2.712 0.2607
40        1.437   3.500  -2.480   1.057   4.604  -3.357   1.542   4.366  -4.782   1.679   6.072  -2.766   0.683   6.701  -1.839 0.2156
89        0.961   4.099   1.798   1.336   4.767   3.041   0.743   4.051   4.249   0.831   6.390   3.019   1.920   7.245   2.443 0.2231
137      -0.386   5.049  -0.144  -1.538   5.942  -0.232  -1.195   7.203  -1.017  -2.088   6.355   1.323  -3.120   5.361   1.768 0.1752
13        2.486   3.314  -2.297   1.369   3.256  -3.235   0.834   1.835  -3.365   1.843   3.842  -4.759   1.591   5.318  -4.828 0.3070
20        0.060   1.963  -3.419  -0.009   1.880  -4.875  -0.610   0.552  -5.321   1.537   2.078  -5.554   1.780   3.532  -5.828 0.3641
237       2.667   4.539   1.073   3.171   5.067   2.338   3.275   6.587   2.295   4.687   4.389   2.701   4.496   3.139   3.507 0.1463
72        0.431   4.244  -2.239  -0.115   5.504  -2.736  -0.374   6.478  -1.592  -1.550   5.228  -3.604  -1.224   5.007  -5.051 0.2283
8        -3.187   2.389  -1.045  -4.071   2.315  -2.205  -3.743   1.104  -3.069  -3.957   3.738  -3.128  -4.971   4.731  -2.644 0.3944
340       0.101   4.321  -0.193  -0.485   5.448   0.527  -0.088   5.426   1.998  -2.179   5.431   0.380  -2.584   6.223  -0.827 0.1259
80        1.983   3.215  -2.617   2.752   3.599  -3.796   1.860   4.257  -4.843   3.533   2.244  -4.463   4.892   2.097  -3.847 0.2407
221      -0.168   4.141   1.254  -0.593   4.934   2.404  -0.406   4.160   3.704  -2.219   5.403   2.234  -2.287   6.723   1.526 0.1589
221       0.574   5.169   1.493  -0.228   5.939   2.440  -1.031   7.021   1.726   0.766   6.638   3.628   0.901   5.695   4.786 0.1611
215       2.105   4.785   1.005   2.080   5.552   2.247   2.470   4.683   3.437   0.540   6.227   2.497   0.481   7.587   1.867 0.1845
99        0.709   4.728   0.975  -0.081   5.678   1.752   0.691   6.167   2.972  -1.550   4.972   2.236  -2.597   5.229   1.194 0.2016
170       0.359   5.175   1.153  -0.518   6.083   1.887  -1.800   5.379   2.319  -0.892   7.443   0.938   0.126   8.518   1.181 0.1616
63        3.399   1.759   2.031   4.077   1.814   3.323   4.488   0.421   3.786   3.078   2.545   4.487   3.323   4.024   4.499 0.2854
260       3.599   1.955  -1.388   5.037   1.710  -1.327   5.409   0.927  -0.074   5.892   3.180  -1.371   6.195   3.540  -2.795 0.1532
97        0.896   5.587   1.190   0.303   6.654   1.992  -0.323   6.099   3.266  -0.863   7.498   1.088  -0.209   8.643   0.374 0.1812
172       0.862   5.016   0.613  -0.030   5.925   1.328  -0.507   7.052   0.421   0.750   6.567   2.696   0.500   5.679   3.878 0.1535
174      -0.202   3.882   1.488  -0.547   4.428   2.797  -0.416   3.370   3.886  -2.128   5.054   2.780  -2.089   6.501   2.386 0.1603
73        3.558   2.120  -2.100   4.247   2.439  -3.347   3.435   3.417  -4.188   4.556   1.022  -4.234   5.895   0.470  -3.845 0.2592
217       2.495   4.394   1.226   2.849   4.796   2.585   3.604   3.686   3.306   1.455   5.219   3.461   1.183   6.684   3.291 0.1523
140       1.135   4.626   0.335   0.447   5.812   0.835   1.344   7.042   0.755  -0.067   5.569   2.437  -1.450   4.988   2.436 0.1967
72        0.529   5.577   0.998  -0.202   6.550   1.806   0.433   6.707   3.183  -1.830   6.088   1.963  -2.630   6.686   0.844 0.2408
212       1.656   4.348   1.568   1.397   4.941   2.876   1.777   6.417   2.894   2.251   4.105   4.086   1.399   2.993   4.622 0.1588
163       1.468   5.570  -0.226   0.908   6.856   0.178   0.056   6.714   1.434  -0.019   7.522  -1.082   0.856   8.379  -1.948 0.1769
243       0.751   4.192   1.364   0.919   4.976   2.584   1.697   4.195   3.636  -0.595   5.440   3.203  -0.989   6.765   2.620 0.1570
94        2.960   4.338   0.942   3.804   4.599   2.104   4.830   3.489   2.298   2.853   4.765   3.503   2.472   6.205   3.681 0.1858
157      -0.373   4.859   0.879  -1.588   5.547   1.307  -2.826   4.709   1.013  -1.713   7.061   0.544  -1.041   8.104   1.387 0.1794
9        -0.104   5.007  -0.904  -0.752   4.432   0.272  -1.933   3.555  -0.126  -1.267   5.661   1.327  -0.172   5.972   2.304 0.4538
161      -0.736   4.499  -0.277  -1.633   5.547   0.200  -2.672   4.984   1.163  -2.404   6.309  -1.109  -1.578   7.475  -1.566 0.1663
25        1.562   3.466  -2.233   2.368   3.781  -3.409   3.434   2.717  -3.645   3.096   5.308  -3.239   2.187   6.360  -3.803 0.2717
83        0.023   4.496  -1.126  -0.641   5.796  -1.077  -0.581   6.493  -2.431   0.064   6.778   0.118  -0.647   6.568   1.421 0.2020
175       2.642   4.532   0.662   2.820   5.430   1.799   2.381   4.765   3.099   1.950   6.871   1.559   2.823   7.872   0.862 0.2032
130       2.772   4.575   0.885   3.363   5.208   2.061   3.978   6.557   1.707   4.540   4.194   2.752   3.896   3.307   3.776 0.1713
18        2.912   2.512   1.894   3.127   3.111   3.209   1.840   3.720   3.752   4.344   4.295   3.130   5.677   3.661   3.400 0.2207
192       1.840   3.213   2.260   2.779   3.349   3.370   4.067   2.581   3.097   2.071   2.804   4.816   1.379   3.947   5.497 0.1793
117      -0.759   4.211   0.873  -1.644   5.111   1.606  -1.276   5.159   3.084  -3.264   4.630   1.424  -3.857   5.312   0.227 0.1852
167       0.127   4.445  -0.370  -0.472   5.638   0.223  -1.200   5.299   1.519  -1.544   6.372  -0.874  -0.801   7.377  -1.702 0.1774
376       0.203   5.216   0.670  -0.810   6.134   1.183  -2.171   5.453   1.276  -0.914   7.514   0.195   0.032   8.562   0.700 0.1476
15        0.372   5.042   0.078   0.864   4.665   1.401  -0.172   4.966   2.477   2.317   5.477   1.747   3.476   4.649   1.278 0.3490
298       1.950   4.887   1.492   2.083   5.333   2.876   0.829   6.065   3.340   3.443   6.340   3.048   4.642   5.506   3.390 0.1292
87        3.710   1.917  -1.331   4.332   2.207  -2.620   3.326   2.074  -3.757   5.654   1.172  -2.887   6.902   1.805  -2.346 0.2037
419       0.518   5.501   0.374  -0.345   6.643   0.665  -0.154   7.751  -0.364  -0.035   7.238   2.227  -0.926   6.543   3.213 0.1420
111      -0.341   4.461  -1.563  -1.145   5.650  -1.833  -2.188   5.865  -0.743  -1.903   5.522  -3.349  -1.011   6.106  -4.405 0.2235
292       1.158   5.417   1.032   0.681   6.566   1.798   1.488   7.817   1.471   0.760   6.241   3.465  -0.533   5.630   3.917 0.1420
182       3.039   2.128  -1.966   4.381   1.816  -2.450   5.205   1.122  -1.372   5.169   3.231  -2.966   4.891   3.456  -4.423 0.1401
117       1.924   3.232   2.463   2.893   3.305   3.553   3.096   1.940   4.200   2.389   4.435   4.720   2.941   5.787   4.378 0.2201
24        1.775   4.759   1.644   2.943   5.277   0.937   4.064   4.245   0.898   3.494   6.708   1.672   2.814   7.887   1.042 0.3410
319      -0.092   5.186   0.080  -1.207   6.125   0.160  -2.534   5.426  -0.111  -0.986   7.404  -0.938  -0.237   8.516  -0.266 0.1315
59        1.997   3.064  -2.454   1.569   4.030  -3.462   0.071   3.924  -3.721   2.429   3.798  -4.910   3.672   4.638  -4.892 0.3024
128      -0.281   4.337  -0.078  -0.995   5.363   0.677  -0.974   6.699  -0.056  -0.319   5.537   2.227  -1.010   4.609   3.181 0.1801
36        0.621   3.438   2.338   0.778   3.781   3.749  -0.572   3.822   4.456   1.566   5.279   3.911   3.048   5.058   3.986 0.2635
310       2.678   4.460   1.086   3.257   4.934   2.340   3.750   3.770   3.191   2.119   5.851   3.209   2.237   7.294   2.818 0.1552
162      -0.067   4.453   0.134  -0.724   5.582   0.785  -2.094   5.849   0.171   0.244   6.976   0.677   1.151   7.048   1.869 0.2079
186       0.358   4.381  -0.472  -0.162   5.593   0.156   0.016   5.546   1.669  -1.803   5.805  -0.232  -1.920   6.621  -1.485 0.1302
98        1.744   4.884   1.127   1.523   5.678   2.332   1.237   4.785   3.533   0.239   6.768   2.097   0.774   8.062   1.559 0.2081
146       0.568   4.580   0.009   0.348   5.757   0.845   0.809   5.507   2.276  -1.294   6.197   0.830  -1.542   7.167  -0.287 0.1603
25        3.871   1.834   0.708   4.803   1.918   1.829   4.064   2.155   3.140   5.937   3.157   1.566   7.130   2.599   0.849 0.2440
537       1.766   5.184   0.403   1.263   6.309   1.187   0.570   7.333   0.296   2.530   7.046   2.047   2.663   6.399   3.394 0.1391
150       0.470   4.611   0.308   0.188   5.652   1.292  -0.938   5.231   2.230  -0.214   7.110   0.516   1.030   7.915   0.287 0.1961
422       2.367   4.876   0.849   2.502   5.816   1.957   2.603   7.250   1.451   3.866   5.432   2.898   3.469   4.482   3.988 0.1460
18        4.371   1.358   0.693   5.754   1.073   0.322   6.715   1.475   1.434   6.160   1.878  -1.119   5.853   0.993  -2.290 0.2944
193       1.627   5.153   1.433   1.532   5.839   2.718   0.985   7.251   2.548   3.053   5.890   3.477   3.222   4.676   4.341 0.1515
105       0.034   4.885   1.197  -1.086   5.451   1.944  -2.234   4.454   2.050  -1.625   6.885   1.207  -0.883   8.053   1.784 0.1803
220       1.115   4.688   1.651   0.569   5.280   2.868  -0.214   6.550   2.557   1.815   5.619   3.974   2.031   4.432   4.864 0.1493
227       0.271   5.657   0.237  -0.699   6.728   0.448  -1.042   7.425  -0.863  -0.101   7.857   1.570  -0.515   7.453   2.954 0.1492
171       3.071   4.323   0.569   4.072   4.761   1.537   4.703   3.572   2.251   3.377   5.820   2.671   3.498   7.231   2.177 0.1813
123       1.944   4.527   1.329   1.823   5.115   2.660   2.979   6.065   2.948   1.761   3.896   3.844   0.334   3.504   4.084 0.1754
116      -0.584   4.666  -0.412  -1.335   5.849  -0.001  -1.496   5.900   1.514  -2.861   5.873  -0.751  -2.766   6.607  -2.055 0.1833
270       2.536   4.333   1.406   2.928   4.591   2.789   2.194   5.803   3.351   4.608   4.825   2.896   5.282   3.507   3.140 0.1336
298       0.374   5.491   0.535  -0.565   6.510   0.995  -0.914   7.482  -0.126   0.081   7.356   2.321  -0.317   6.671   3.594 0.1425
121      -0.538   4.213   0.373  -1.310   4.816   1.456  -2.471   3.919   1.868  -1.890   6.345   0.991  -0.886   7.395   1.363 0.2578
145       1.879   5.356  -0.548   1.515   6.769  -0.484   2.560   7.637  -1.175   1.326   7.259   1.133  -0.100   7.058   1.553 0.1716
193       0.080   4.417  -0.679  -0.664   5.524  -0.085  -2.014   5.056   0.446  -0.885   6.768  -1.222   0.262   7.731  -1.139 0.1580
210       1.666   5.142   1.597   1.510   6.157   2.634   2.139   7.479   2.208   2.203   5.626   4.093   1.170   4.899   4.902 0.1580
27        0.064   0.677  -4.047   0.519  -0.264  -5.067   0.293   0.293  -6.467  -0.279  -1.755  -4.896   0.510  -2.643  -3.981 0.3447
249       0.698   5.720   0.578  -0.006   6.952   0.924   0.597   8.150   0.199   0.035   7.206   2.604  -1.161   6.557   3.237 0.1420
209       1.136   3.911   1.720   1.588   4.460   2.995   2.745   3.647   3.563   0.305   4.507   4.109  -0.405   5.824   3.999 0.1485
75        1.210   3.272  -2.489   1.858   3.401  -3.791   1.464   4.706  -4.473   1.460   2.080  -4.785   2.470   0.987  -4.592 0.2010
87        2.550   3.075  -2.220   3.870   2.826  -2.792   4.687   4.111  -2.866   3.726   2.137  -4.339   3.694   0.642  -4.219 0.1839
167       2.516   4.544   1.145   2.865   5.007   2.485   3.475   6.403   2.441   3.946   3.922   3.224   3.172   2.883   3.981 0.1350
213       2.107   4.976   0.554   1.939   6.142   1.416   3.060   7.152   1.200   1.886   5.670   3.049   0.466   5.396   3.445 0.1581
20       -0.667   4.491  -1.878  -1.420   5.299  -2.833  -1.397   4.670  -4.222  -0.793   6.879  -2.898  -1.498   7.738  -1.891 0.3745
246       2.586   4.739   0.977   2.943   5.525   2.155   2.650   7.004   1.936   4.584   5.305   2.540   4.725   4.153   3.489 0.1484
248       0.860   5.561   0.411   0.144   6.598   1.149   0.413   7.977   0.558   0.586   6.570   2.790  -0.333   5.653   3.540 0.1484
155       2.426   4.712   0.919   2.656   5.634   2.028   3.620   6.744   1.628   3.257   4.797   3.380   2.113   4.338   4.234 0.1564
TOTRMS: 0.1683
BEFORE: 892 0.15199975336516638
AFTER: 400 0.16829963511817633
