64       -1.359   6.007   1.801  -2.673   5.879   2.424  -3.026   7.129   3.222  -2.721   4.510   3.432  -3.180   3.322   2.640 0.2261
72       -0.098   6.244   3.623  -0.607   5.878   4.942  -1.583   6.927   5.464   0.676   5.678   6.039   1.134   4.250   6.019 0.1819
76       -0.187   4.110   5.119  -0.213   3.221   6.277  -1.631   2.743   6.570   0.432   4.005   7.641   1.909   3.755   7.709 0.1790
83        3.245   2.661   2.957   3.521   1.594   3.914   4.692   0.733   3.454   2.141   0.627   4.140   1.322   1.181   5.268 0.1645
22       -1.819   5.226   3.100  -2.904   4.694   3.920  -2.431   4.406   5.339  -3.540   3.282   3.219  -4.659   3.644   2.289 0.2758
28        1.563   3.552   3.321   1.522   2.738   4.533   2.801   2.900   5.346   1.283   1.101   4.141  -0.187   0.804   4.108 0.2286
42       -2.552   5.171   0.751  -3.633   5.082   1.728  -3.085   4.999   3.148  -4.618   3.734   1.403  -5.728   4.137   0.478 0.2792
80        0.939   3.534   3.171   1.418   2.982   4.435   2.925   3.157   4.574   1.008   1.337   4.557  -0.334   1.203   5.214 0.2039
13       -2.054   5.198   1.429  -2.467   5.600   2.771  -3.975   5.810   2.842  -1.657   7.019   3.241  -0.379   6.658   3.937 0.3536
55        2.249   2.707   3.387   2.783   1.733   4.335   4.188   2.118   4.784   2.796   0.179   3.645   1.499  -0.511   3.944 0.1953
87        0.061   5.934   2.398  -0.705   5.782   3.631  -0.487   6.969   4.562  -0.281   4.337   4.419  -1.170   3.227   3.943 0.2234
27       -0.601   4.328  -1.989  -2.061   4.352  -2.005  -2.600   5.499  -1.158  -2.685   2.872  -1.447  -2.867   1.938  -2.605 0.2591
51       -1.459   5.087   1.892  -2.753   4.688   2.439  -3.848   4.781   1.382  -3.153   5.653   3.780  -2.629   5.012   5.031 0.2187
49       -0.985   4.217   4.785  -2.018   3.662   5.655  -3.115   4.684   5.926  -1.338   3.134   7.121  -0.927   1.697   6.993 0.2230
11       -0.546   3.435  -3.214  -1.968   3.197  -3.441  -2.605   2.494  -2.248  -2.197   2.276  -4.852  -2.347   3.192  -6.029 0.3690
66       -1.083   4.448   3.027  -1.255   4.229   4.460  -2.249   3.104   4.728  -1.773   5.658   5.221  -0.579   6.448   5.668 0.1968
20        3.262   3.973   3.387   4.609   3.828   3.932   5.660   4.289   2.929   4.897   2.214   4.379   4.491   2.010   5.809 0.3605
90        0.086   4.984   2.556  -0.806   4.275   3.468  -1.382   5.219   4.518   0.015   2.993   4.225  -0.132   1.749   3.401 0.1977
58       -0.788   6.548   1.463  -1.749   6.736   2.545  -1.372   7.929   3.414  -1.853   5.331   3.497  -2.920   4.432   2.946 0.2296
26       -1.331   4.783   3.003  -1.856   4.533   4.343  -0.819   4.862   5.409  -2.353   2.914   4.492  -3.795   2.795   4.100 0.2920
252      -2.505   5.260  -0.293  -3.891   4.804  -0.360  -4.124   3.934  -1.589  -4.952   6.132  -0.376  -5.327   6.489   1.032 0.1604
20       -2.247   4.093   2.793  -3.193   3.222   3.485  -4.598   3.811   3.462  -2.695   2.962   5.090  -1.813   1.750   5.150 0.2887
414       3.457   1.628   2.635   4.545   0.655   2.637   4.136  -0.626   3.355   5.931   1.316   3.368   6.774   1.988   2.326 0.1160
43       -0.426   3.912   4.727  -1.338   3.425   5.758  -1.445   4.418   6.910  -0.825   1.912   6.337  -1.454   0.823   5.520 0.2404
269       0.273   3.956   2.923   0.591   3.583   4.298   1.996   3.002   4.399  -0.546   2.466   4.888  -1.679   3.202   5.539 0.1389
42       -0.679   6.716   2.714  -2.005   7.324   2.775  -2.110   8.294   3.946  -3.202   6.124   2.902  -3.650   5.716   1.530 0.2665
67       -0.064   5.676   2.318  -1.161   5.335   3.219  -1.780   6.586   3.830  -0.615   4.294   4.448  -0.775   2.870   4.005 0.2374
15       -2.370   6.004   0.402  -3.095   7.032  -0.338  -4.361   7.451   0.401  -3.487   6.476  -1.897  -2.380   6.828  -2.846 0.3134
21       -1.980   4.202   2.488  -2.829   3.691   3.561  -2.120   3.770   4.907  -3.292   2.087   3.238  -4.576   2.084   2.463 0.3100
44       -1.021   4.741   4.474  -0.780   4.264   5.833  -1.905   3.347   6.299  -0.615   5.576   6.902   0.828   5.978   6.980 0.2305
58        0.543   4.948   2.551  -0.297   4.580   3.687   0.455   4.749   5.002  -0.842   2.978   3.528  -2.147   2.964   2.789 0.2573
23       -1.357   5.138   0.796  -2.796   4.899   0.840  -3.290   4.785   2.278  -3.190   3.489  -0.025  -3.474   3.842  -1.454 0.2693
104       2.350   2.602   3.324   3.335   1.841   4.087   4.583   2.675   4.357   3.754   0.416   3.261   2.837  -0.694   3.682 0.1776
31       -0.469   4.348   3.330  -1.149   3.624   4.400  -2.068   4.548   5.191  -0.015   2.900   5.440   0.301   1.518   4.951 0.2455
34       -0.930   4.039  -1.818  -2.335   4.229  -1.468  -2.478   4.795  -0.060  -3.182   2.761  -1.596  -3.733   2.621  -2.983 0.2596
146       0.131   3.301   3.420   0.308   2.653   4.716   1.505   1.709   4.699  -1.099   1.803   5.151  -2.009   2.706   5.929 0.1881
17       -0.232   6.898   3.368   0.210   7.368   4.678   1.489   8.188   4.564   0.451   6.054   5.729  -0.824   5.761   6.464 0.2813
65       -1.133   4.677   4.669  -1.908   3.996   5.703  -3.387   3.948   5.338  -1.702   4.769   7.203  -0.539   4.158   7.925 0.2079
57       -0.140   6.216   2.710  -0.918   5.855   3.892  -1.579   7.081   4.510   0.071   5.083   5.040   0.056   3.603   4.799 0.2199
31        1.136   4.260   3.684   2.022   4.140   4.838   3.479   4.039   4.404   1.597   2.785   5.774   0.594   3.189   6.812 0.2781
13        4.826   2.609   1.576   6.067   1.878   1.337   6.945   2.603   0.324   5.732   0.301   0.795   5.627  -0.620   1.974 0.3499
32        0.294   6.096   1.908  -0.499   6.158   3.133   0.396   6.254   4.362  -1.512   4.798   3.253  -2.828   5.095   2.599 0.2667
46       -0.529   3.091   4.256  -1.034   1.988   5.069  -2.236   2.424   5.899   0.191   1.391   6.086   0.934   0.294   5.383 0.2465
52       -2.225   5.378   0.353  -3.674   5.234   0.248  -4.348   5.483   1.592  -4.076   3.686  -0.328  -4.152   3.713  -1.825 0.2752
11        3.221   4.238   2.758   3.629   3.862   4.108   4.077   2.406   4.162   2.357   4.122   5.206   2.449   5.513   5.759 0.2802
49       -1.823   5.014   1.497  -3.223   4.601   1.540  -4.054   5.565   2.378  -3.357   3.024   2.161  -3.287   2.036   1.035 0.2572
93        0.287   5.994  -1.089  -1.124   6.363  -1.021  -1.343   7.520  -0.054  -2.065   5.026  -0.554  -2.505   4.274  -1.774 0.1914
6        -0.662   5.222  -2.958  -2.100   4.972  -2.917  -2.799   5.591  -4.121  -2.767   5.584  -1.477  -2.735   4.521  -0.420 0.3754
16        2.564   0.622   3.656   2.782  -0.798   3.919   2.412  -1.153   5.354   4.401  -1.216   3.614   4.546  -1.643   2.184 0.2562
27        1.431   6.486   2.286   1.518   6.742   3.721   2.464   7.900   4.016   2.033   5.345   4.543   0.839   4.531   4.943 0.2717
34       -1.666   6.146   2.357  -3.033   6.157   2.869  -3.733   7.469   2.537  -3.039   5.902   4.550  -3.136   4.432   4.833 0.2314
69        0.681   6.166   4.212  -0.231   7.199   4.694   0.303   7.854   5.963  -1.773   6.543   4.980  -2.600   6.648   3.734 0.2137
57       -3.252   6.265   0.794  -4.665   6.148   1.145  -5.510   7.143   0.359  -4.883   6.388   2.814  -4.782   5.071   3.526 0.2175
29        0.172   4.154   5.178  -0.238   3.501   6.417  -0.371   4.510   7.552   0.872   2.286   6.843   0.450   0.985   6.228 0.2491
21       -2.229   7.310  -0.428  -3.417   7.463  -1.263  -4.451   8.357  -0.588  -4.097   5.944  -1.611  -3.498   5.406  -2.876 0.2922
35       -1.558   7.248   0.083  -2.878   7.615  -0.421  -3.057   9.128  -0.443  -4.095   6.898   0.525  -4.448   5.557  -0.046 0.2809
44       -1.291   6.052   1.188  -2.645   6.034   1.735  -2.666   6.562   3.165  -3.283   4.459   1.686  -4.000   4.251   0.385 0.2542
19       -0.860   3.736  -4.184  -1.221   2.876  -5.308  -2.326   3.506  -6.148  -1.712   1.347  -4.751  -0.521   0.438  -4.672 0.2689
72        3.469   2.201   2.800   4.656   1.377   3.008   5.879   1.999   2.343   4.402  -0.193   2.408   3.833  -1.057   3.494 0.2110
21        0.909   4.823   4.529   1.352   4.192   5.769   1.081   5.091   6.970   3.008   3.816   5.684   3.179   2.433   5.129 0.2976
75        0.449   6.521   1.728  -0.129   6.687   3.059   0.386   7.956   3.727   0.218   5.335   4.030  -0.873   4.317   3.879 0.2002
13        0.559   3.562  -5.060   0.854   2.786  -6.261  -0.217   2.994  -7.325   0.986   1.134  -5.882   2.411   0.811  -5.542 0.3066
37       -0.411   5.291   2.718  -0.930   5.016   4.055  -0.142   5.775   5.116  -0.886   3.348   4.378  -2.177   2.720   3.944 0.2747
18       -2.190   4.689   0.557  -3.501   4.088   0.332  -4.555   4.713   1.238  -3.434   2.408   0.587  -3.097   1.719  -0.702 0.2903
62        1.721   2.742   3.490   2.300   1.860   4.499   3.270   2.618   5.399   3.093   0.551   3.759   2.127  -0.583   3.582 0.1801
129      -3.468   4.932   1.344  -4.663   4.094   1.387  -4.859   3.348   0.072  -6.036   5.035   1.733  -6.242   5.092   3.217 0.2060
24       -2.032   3.907   2.944  -3.076   3.304   3.767  -2.490   2.285   4.738  -4.252   2.565   2.786  -5.330   3.558   2.464 0.2851
26        0.032   4.150   3.015  -0.598   3.216   3.943  -1.258   3.954   5.102   0.546   2.106   4.535   0.588   0.905   3.637 0.2729
29       -0.508   4.250  -2.256  -1.961   4.340  -2.372  -2.419   5.793  -2.422  -2.711   3.536  -1.075  -2.950   2.103  -1.445 0.2807
18       -1.248   8.133  -0.839  -2.312   8.542   0.073  -1.745   9.270   1.287  -3.216   7.192   0.573  -4.358   6.975  -0.375 0.3231
18        1.444   2.379   4.232   1.547   1.179   5.057   0.767   1.337   6.356   3.176   0.828   5.393   3.724  -0.075   4.328 0.2713
22       -1.734   7.758   1.363  -2.611   7.957   2.513  -2.157   9.147   3.350  -2.660   6.553   3.472  -3.774   5.666   3.003 0.3071
32       -2.542   5.603   1.963  -3.683   5.081   2.709  -4.304   3.886   1.996  -4.851   6.296   2.935  -4.575   7.022   4.218 0.2703
24        1.906   4.377   3.828   1.997   3.670   5.102   3.075   4.278   5.992   2.317   2.020   4.844   1.022   1.272   4.727 0.2730
40       -0.460   4.483  -1.762  -1.723   5.074  -1.330  -1.500   6.440  -0.691  -2.519   4.042  -0.238  -3.420   3.112  -0.995 0.2053
30       -2.692   6.165   1.582  -4.054   6.021   2.087  -4.068   5.316   3.438  -5.012   5.166   0.973  -5.658   6.131   0.024 0.2888
47        1.856   2.075   3.454   2.537   1.067   4.261   3.823   1.622   4.862   2.879  -0.311   3.325   1.732  -1.274   3.415 0.1871
161       2.223   2.377   3.322   3.246   1.533   3.933   4.620   1.821   3.342   2.857  -0.110   3.732   2.033  -0.575   4.896 0.1898
24       -0.447   4.289   3.614  -0.945   3.756   4.879  -0.484   2.319   5.089  -2.642   3.838   4.930  -3.062   5.150   5.524 0.2915
67       -3.314   5.904   0.907  -4.748   5.724   1.110  -5.409   7.026   1.548  -5.036   4.508   2.263  -5.149   3.181   1.573 0.2069
27       -0.523   5.524  -0.820  -1.979   5.482  -0.919  -2.621   6.507   0.009  -2.554   3.924  -0.554  -2.625   3.111  -1.812 0.2318
43       -1.862   5.091   1.236  -3.250   4.734   1.517  -3.659   5.182   2.916  -3.476   3.057   1.353  -3.870   2.742  -0.059 0.2263
22        0.440   4.220   2.653  -0.296   3.384   3.597  -0.234   3.962   5.006   0.318   1.799   3.589  -0.418   0.982   2.569 0.2399
81       -3.225   6.290   0.651  -4.645   6.181   0.972  -5.354   7.518   0.784  -4.852   5.631   2.568  -4.921   4.133   2.574 0.1902
14       -0.370   3.904   2.649  -1.211   3.206   3.617  -2.680   3.269   3.214  -1.004   3.869   5.169   0.102   3.145   5.878 0.2503
27       -0.572   4.393   3.612  -1.551   3.814   4.528  -1.546   4.541   5.868  -1.237   2.159   4.763  -1.988   1.358   3.741 0.2268
53        2.844   1.943   3.126   3.803   0.892   3.452   3.447   0.213   4.769   5.377   1.529   3.532   6.019   1.447   2.179 0.1966
425       4.521   0.642   0.933   4.763  -0.081   2.178   4.253  -1.515   2.088   4.025   0.720   3.483   4.989   1.702   4.077 0.1532
11       -1.554   5.654  -3.061  -2.902   5.598  -3.619  -3.940   5.370  -2.527  -3.008   4.369  -4.790  -2.667   4.932  -6.137 0.3179
65       -1.081   4.085   4.662  -1.892   3.266   5.559  -3.360   3.674   5.498  -1.319   3.389   7.155  -0.294   2.323   7.401 0.2262
29       -0.572   4.650  -1.193  -1.646   5.275  -0.427  -1.088   6.103   0.725  -2.715   4.094   0.168  -3.808   3.860  -0.831 0.2425
29       -2.671   5.379   2.547  -3.549   4.878   3.600  -4.947   5.474   3.478  -2.898   5.227   5.131  -2.021   4.092   5.571 0.2362
18       -0.972   6.967   0.208  -1.850   7.459   1.265  -1.296   7.116   2.643  -3.413   6.813   1.088  -4.236   7.725   0.227 0.2693
43       -3.463   6.250   0.753  -4.900   6.279   0.492  -5.352   7.670   0.064  -5.763   5.783   1.870  -5.967   4.298   1.825 0.2391
36       -1.086   5.507   1.658  -2.487   5.289   2.007  -3.077   6.512   2.699  -2.643   3.922   3.007  -2.851   2.703   2.158 0.2317
25       -0.592   4.537   4.873  -1.260   3.955   6.033  -0.305   3.079   6.835  -2.613   3.048   5.545  -3.824   3.932   5.516 0.3303
8         2.342   3.661   4.846   2.037   4.603   5.919   0.881   4.102   6.776   1.668   6.134   5.278   2.924   6.945   5.167 0.1964
35       -0.662   7.231   0.899  -1.151   7.879   2.113  -0.740   9.346   2.157  -0.572   7.070   3.492  -1.544   5.998   3.887 0.3028
60       -0.272   6.966   2.708  -1.282   8.010   2.562  -1.492   8.759   3.873  -2.752   7.343   2.029  -2.790   7.348   0.530 0.2175
50       -0.852   6.853   1.351  -2.146   7.104   1.977  -2.280   8.563   2.396  -2.361   6.088   3.324  -3.020   4.813   2.889 0.2647
33       -0.474   3.319   4.810  -0.994   2.291   5.706  -2.162   2.821   6.530   0.234   1.722   6.734   0.925   0.557   6.091 0.2385
80        0.303   6.444   1.569   0.920   7.429   2.452   2.034   8.186   1.737   1.530   6.675   3.848   0.470   6.654   4.909 0.1911
42        3.093   2.414   2.990   3.131   1.248   3.868   4.414   0.450   3.667   1.778   0.256   3.594   0.658   0.676   4.498 0.2585
19       -0.081   4.432   4.433  -0.663   3.874   5.650   0.055   2.596   6.067  -2.320   3.566   5.428  -3.112   4.778   5.820 0.2631
26       -2.687   5.589   1.615  -3.994   5.286   2.191  -3.871   4.290   3.338  -5.041   4.676   0.999  -5.786   5.811   0.360 0.2430
62        0.874   4.051   5.078   0.624   3.224   6.255  -0.814   3.373   6.736   1.702   3.631   7.505   2.937   2.786   7.396 0.2066
28        0.204   5.246   3.159   0.755   5.576   4.470   1.919   6.552   4.346   1.260   4.165   5.273   0.125   3.620   6.088 0.2539
34       -0.114   4.510   1.840  -1.393   5.124   1.495  -2.550   4.403   2.177  -1.616   5.123  -0.190  -1.057   6.389  -0.769 0.3081
50       -0.992   6.503   2.198  -2.201   7.321   2.175  -3.239   6.793   3.158  -2.855   7.369   0.606  -2.271   8.530  -0.143 0.2677
56        0.386   4.965   2.696  -0.437   4.376   3.748  -0.459   5.262   4.988   0.133   2.825   4.149  -0.551   1.803   3.291 0.2113
66        0.071   6.214   3.950  -1.127   6.996   4.242  -0.770   8.435   4.596  -2.006   6.285   5.511  -2.998   5.311   4.948 0.2220
15       -2.232   6.103   2.725  -2.548   5.929   4.140  -3.862   6.613   4.497  -1.291   6.540   5.108  -0.296   5.451   5.381 0.2194
23        1.696   2.826   4.572   1.665   1.693   5.493   1.887   2.148   6.930   2.837   0.542   5.057   2.237  -0.447   4.103 0.2673
24       -2.208   6.676   2.184  -3.305   6.603   3.146  -2.812   6.121   4.505  -4.530   5.574   2.571  -5.520   6.371   1.775 0.2438
43       -2.421   6.179   1.807  -3.489   5.875   2.754  -4.573   6.946   2.722  -2.863   5.726   4.328  -2.478   4.299   4.580 0.2239
14        4.345   3.965   0.714   5.158   2.772   0.933   6.097   2.958   2.120   6.051   2.398  -0.464   5.253   1.474  -1.335 0.3410
74       -3.142   5.236   1.917  -4.438   4.733   2.363  -5.572   5.624   1.869  -4.481   4.623   4.059  -4.010   3.264   4.484 0.2313
14        0.924   5.614   3.837  -0.446   5.957   4.207  -0.529   6.386   5.667  -1.484   4.639   3.927  -2.031   4.721   2.533 0.3222
287      -2.279   4.778   0.947  -3.600   4.185   1.138  -4.069   3.473  -0.126  -4.725   5.378   1.587  -4.760   5.494   3.082 0.1754
31        2.251   4.545   3.360   2.591   4.034   4.685   4.097   4.071   4.917   2.010   2.448   4.877   0.623   2.489   5.446 0.2613
86       -2.936   5.969   1.227  -4.281   5.745   1.749  -5.114   7.020   1.686  -4.210   5.173   3.348  -4.157   3.674   3.341 0.1928
22       -2.125   3.319   3.239  -2.716   2.481   4.277  -4.224   2.358   4.091  -2.368   3.110   5.818  -1.086   2.518   6.322 0.2268
35       -3.536   5.508   0.944  -4.926   5.103   0.755  -5.408   5.435  -0.653  -5.926   5.858   1.905  -6.027   4.990   3.124 0.2532
64        1.971   3.478   3.130   1.554   2.767   4.335   2.353   1.482   4.518  -0.109   2.416   4.272  -0.882   3.544   4.887 0.1849
138       3.706   2.306   2.684   4.236   1.139   3.384   5.688   0.881   3.000   3.291  -0.234   3.049   2.194  -0.346   4.065 0.1767
18        1.064   2.657   3.441   1.388   1.703   4.497   2.746   2.012   5.118   1.374   0.115   3.888  -0.001  -0.464   4.035 0.2258
29       -1.669   5.529   2.230  -2.782   5.076   3.058  -4.057   5.847   2.735  -2.402   5.244   4.707  -1.756   3.984   5.201 0.2372
22       -2.077   4.964   3.222  -3.025   4.324   4.129  -3.519   5.302   5.188  -2.314   2.970   4.871  -2.566   1.751   4.035 0.2359
48        2.275   3.729   3.185   2.064   2.995   4.429   3.391   2.619   5.077   1.138   1.598   4.143  -0.318   1.923   4.298 0.2097
33       -3.739   5.198   1.134  -5.167   4.900   1.177  -5.996   6.126   0.815  -5.608   4.332   2.718  -5.478   2.839   2.757 0.2259
33       -0.106   7.373   1.032  -0.866   7.652   2.247  -1.168   9.140   2.376  -0.018   7.108   3.616  -0.405   5.690   3.914 0.2432
36       -3.070   4.632   2.057  -4.292   4.016   2.566  -5.315   5.073   2.966  -3.941   3.013   3.894  -3.656   1.623   3.409 0.2368
21       -1.107   3.442   3.733  -1.665   2.860   4.950  -0.718   3.042   6.130  -1.998   1.208   4.719  -3.401   1.047   4.214 0.2863
35       -0.167   4.874   4.351  -0.553   4.203   5.589  -1.573   5.027   6.365   0.815   3.907   6.555   1.386   2.563   6.215 0.2334
11        1.026   3.262   3.245   0.960   2.061   4.073   1.180   2.395   5.544   2.110   0.921   3.556   1.495   0.024   2.522 0.3115
32        0.214   4.905   2.254  -0.849   4.192   2.957  -1.519   5.089   3.992  -0.233   2.796   3.707  -0.329   1.637   2.760 0.1871
32        0.533   4.667   3.937   0.662   4.040   5.249   0.829   5.087   6.344   1.979   2.964   5.266   1.513   1.598   4.858 0.2785
59       -1.599   4.978   2.627  -2.659   4.458   3.487  -3.675   5.544   3.822  -2.001   3.814   4.916  -1.698   2.359   4.715 0.2251
42        0.696   3.404   4.865   0.774   2.342   5.864  -0.392   2.424   6.843   2.249   2.427   6.706   3.276   1.592   6.001 0.2465
27       -1.824   4.872   0.352  -3.245   4.563   0.216  -3.834   4.092   1.540  -3.482   3.379  -0.982  -3.683   4.045  -2.310 0.2944
36       -1.379   7.303   0.682  -2.430   7.939  -0.106  -3.560   8.438   0.787  -3.039   6.855  -1.266  -2.254   6.989  -2.537 0.2718
22       -0.049   7.100   1.333  -0.378   7.728   2.610   0.782   8.574   3.120  -0.789   6.547   3.762  -2.266   6.293   3.711 0.2653
27        0.765   3.085   3.369   1.358   2.433   4.533   0.309   1.657   5.321   2.111   3.580   5.537   3.543   3.742   5.124 0.2531
35        0.185   6.268   2.290  -0.266   6.477   3.663   0.854   7.041   4.529  -0.840   5.020   4.327  -2.309   4.891   4.055 0.2445
28       -2.112   5.300   0.404  -3.561   5.136   0.328  -4.274   6.132   1.235  -4.000   3.547   0.748  -4.020   2.692  -0.484 0.2528
315      -2.063   4.198   1.972  -3.275   3.448   2.291  -3.939   2.915   1.027  -4.366   4.425   3.156  -4.107   4.283   4.626 0.1799
39        2.978   1.067   3.363   3.702  -0.136   3.760   4.061  -0.987   2.547   2.780  -1.048   4.859   3.096  -0.613   6.259 0.2168
17       -1.090   5.723   1.044  -1.617   6.134   2.342  -1.066   5.257   3.461  -3.316   6.075   2.338  -3.861   7.401   1.898 0.2871
24        0.659   2.898   3.226   0.930   1.984   4.332  -0.351   1.630   5.077   2.059   2.668   5.404   3.446   2.283   4.982 0.2619
21       -1.483   4.602   2.096  -1.890   4.512   3.496  -3.349   4.087   3.617  -1.648   6.000   4.281  -0.270   6.036   4.871 0.2666
51       -2.277   6.008   1.688  -3.572   5.849   2.344  -3.664   4.505   3.057  -4.832   5.997   1.213  -5.257   7.433   1.123 0.2633
37       -0.805   6.309   2.758  -1.531   6.288   4.025  -1.587   7.677   4.648  -0.807   5.193   5.105  -1.427   3.838   4.934 0.2389
31        0.757   4.962   3.099   0.155   4.284   4.244  -0.141   5.267   5.370   1.175   3.045   4.804   0.841   1.765   4.098 0.2638
11        0.374   3.528   2.905   0.096   2.644   4.034   1.358   1.918   4.486  -1.109   1.518   3.623  -2.457   2.082   3.965 0.3227
22       -2.597   7.049  -0.045  -4.048   7.062   0.111  -4.454   6.615   1.511  -4.779   6.064  -1.055  -5.084   6.869  -2.283 0.2706
14        2.117   3.075  -3.361   1.452   2.436  -4.493   0.840   3.474  -5.427   0.252   1.363  -3.948   0.848  -0.001  -3.761 0.4388
10       -1.167   4.166  -1.981  -2.549   4.390  -1.569  -2.696   4.277  -0.056  -3.584   3.282  -2.339  -4.065   3.866  -3.635 0.2170
12       -1.603   3.679   3.235  -2.818   3.277   3.939  -3.148   4.250   5.065  -2.653   1.703   4.558  -3.130   0.712   3.539 0.2855
31       -2.075   5.760   0.056  -3.508   5.636   0.308  -3.784   5.340   1.777  -4.178   4.416  -0.668  -4.641   5.011  -1.965 0.2807
37       -1.802   6.595  -0.081  -3.250   6.682   0.087  -3.627   7.833   1.012  -3.865   5.219   0.696  -4.232   4.317  -0.445 0.2679
42        2.115   2.022   3.425   2.685   0.870   4.117   1.741   0.355   5.197   4.189   1.273   4.801   5.280   0.992   3.811 0.2585
28        2.375   4.984   2.911   2.386   4.225   4.158   1.650   4.973   5.263   3.984   3.898   4.639   4.426   2.592   4.050 0.2555
22       -1.130   5.617   0.999  -2.447   5.121   1.390  -2.938   5.810   2.658  -2.402   3.437   1.622  -2.724   2.746   0.330 0.2723
22       -1.256   4.057   4.116  -1.978   3.239   5.087  -2.646   4.107   6.147  -0.927   2.124   5.823  -0.914   0.851   5.030 0.2500
20       -2.106   2.965   3.541  -2.923   1.872   4.059  -4.160   2.402   4.775  -2.012   0.897   5.113  -1.354  -0.202   4.334 0.3703
86        0.339   6.370   1.597   1.006   7.334   2.468   2.435   7.594   2.007   1.003   6.782   4.076  -0.230   7.276   4.773 0.1890
16        2.237   2.518   3.481   1.893   1.473   4.441   2.955   1.355   5.528   1.700  -0.019   3.650   0.269  -0.182   3.232 0.2766
16        4.009   3.547   2.703   4.497   2.462   3.549   5.693   2.909   4.381   4.917   1.114   2.601   3.724   0.218   2.449 0.2537
23        1.026   5.614   4.279   1.776   5.462   5.522   3.202   4.999   5.250   0.993   4.364   6.558   0.031   5.106   7.438 0.3029
21       -2.687   4.628  -0.004  -3.761   4.213   0.894  -3.335   4.336   2.353  -4.233   2.615   0.557  -5.333   2.624  -0.464 0.2590
48        2.834   1.215   3.505   3.633   0.076   3.948   3.165  -1.214   3.283   3.559  -0.080   5.639   4.669   0.712   6.263 0.1775
34       -1.645   6.217   2.700  -2.698   5.984   3.685  -2.185   6.210   5.102  -3.315   4.407   3.532  -4.464   4.410   2.569 0.2996
67        1.873   3.432   3.210   2.795   2.948   4.232   4.212   3.447   3.974   2.777   1.249   4.292   1.737   0.794   5.272 0.2075
24       -0.519   6.718   1.915  -0.986   7.048   3.259   0.186   7.294   4.202  -1.972   5.804   3.866  -3.401   6.074   3.498 0.3027
57       -2.319   5.457   3.198  -3.523   5.045   3.915  -4.770   5.658   3.289  -3.417   5.484   5.554  -2.790   4.366   6.332 0.2478
49       -0.257   6.299   1.824  -1.087   6.098   3.008  -1.416   7.426   3.680  -0.309   5.063   4.110  -0.693   3.643   3.820 0.2367
39        1.481   5.075   4.767   0.494   5.628   5.689   1.170   6.353   6.847  -0.518   4.397   6.283  -1.708   4.250   5.382 0.2833
11        0.060   5.395  -0.921  -0.911   6.204  -0.190  -0.709   6.078   1.315  -2.495   5.750  -0.607  -2.960   6.569  -1.774 0.3048
16       -0.049   4.488   2.222  -1.384   4.314   2.786  -1.421   3.138   3.755  -2.526   4.085   1.547  -3.076   5.414   1.122 0.3103
26       -0.733   5.517   2.413  -0.548   5.985   3.784   0.921   5.931   4.189  -1.484   5.058   4.859  -2.835   5.689   5.017 0.2589
220       4.318   1.128   1.879   4.264   0.157   2.969   4.074  -1.258   2.434   3.011   0.546   4.049   3.538   1.451   5.122 0.1713
44        4.229   1.755   1.896   5.420   1.111   1.348   5.844   1.763   0.038   5.140  -0.549   1.109   5.521  -1.304   2.348 0.2519
58        0.730   3.394   5.137   0.897   2.318   6.109  -0.441   1.914   6.717   1.976   2.790   7.336   3.374   2.411   6.945 0.2147
15        0.169   6.388   3.022   0.559   6.337   4.428  -0.079   7.475   5.216   2.252   6.402   4.577   2.809   5.009   4.558 0.2635
17        3.500   3.978   3.416   4.353   3.319   4.401   5.746   3.936   4.421   4.457   1.653   4.075   3.363   0.932   4.805 0.3138
21       -0.824   6.134   3.331  -1.642   6.029   4.535  -1.739   4.584   5.009  -3.197   6.655   4.253  -3.215   8.118   4.585 0.3080
15        2.015   4.552   4.308   2.161   4.061   5.675   3.050   4.987   6.498   2.801   2.486   5.675   1.680   1.491   5.629 0.2377
49       -0.826   5.512   4.025  -1.342   5.016   5.297  -2.831   5.312   5.439  -0.485   5.705   6.594   0.688   4.835   6.937 0.2170
34        2.517   2.435   3.505   3.436   1.535   4.196   4.411   2.313   5.073   4.291   0.584   3.076   3.532  -0.683   2.814 0.2444
38        1.572   4.776   2.882   1.087   4.351   4.192   2.222   3.797   5.045  -0.137   3.183   4.021  -1.472   3.864   3.948 0.2250
35       -1.411   3.122   3.441  -1.688   2.331   4.637  -3.167   1.972   4.727  -1.207   3.176   6.031   0.217   2.836   6.356 0.1763
9         5.006   2.545   0.925   5.539   1.201   1.126   7.059   1.226   1.245   5.071   0.179  -0.149   3.769  -0.482   0.192 0.3048
15       -1.505   5.173   2.687  -1.667   5.183   4.138  -0.536   4.424   4.822  -3.167   4.510   4.572  -4.203   5.593   4.629 0.2638
34       -1.066   5.825   1.230  -2.519   5.889   1.365  -2.944   7.132   2.138  -3.105   4.492   2.138  -3.427   3.449   1.109 0.2651
55       -1.789   5.843   2.125  -3.066   5.747   2.826  -3.108   6.692   4.022  -3.344   4.149   3.336  -4.082   3.404   2.264 0.2502
32       -0.587   3.503   4.498  -1.539   2.946   5.454  -1.556   3.753   6.747  -1.166   1.321   5.785  -1.892   0.434   4.818 0.2481
36       -1.270   5.098   3.249  -2.113   4.497   4.278  -3.356   3.861   3.668  -2.561   5.661   5.433  -1.544   5.689   6.536 0.2461
24        1.105   4.000   3.205   0.904   3.023   4.271  -0.517   3.092   4.818   2.025   3.275   5.525   3.260   2.465   5.262 0.2533
8        -1.740  -0.905  -3.759  -2.815  -1.890  -3.824  -4.178  -1.211  -3.904  -2.756  -2.923  -2.475  -1.894  -4.109  -2.790 0.2115
93        0.447   3.854   3.324   0.826   3.502   4.689   1.990   2.518   4.699  -0.501   2.843   5.522  -1.257   3.942   6.207 0.2077
103       2.529   3.288   3.115   2.473   2.446   4.307   3.603   1.424   4.310   0.971   1.656   4.404   0.008   2.506   5.178 0.1831
50       -2.609   6.056   0.963  -4.068   6.038   1.002  -4.580   4.890   1.864  -4.703   5.914  -0.571  -4.914   7.288  -1.134 0.2679
8         1.245   2.865  -5.811   0.322   2.242  -6.756   0.267   3.021  -8.064  -1.233   2.128  -6.078  -1.370   0.820  -5.358 0.3813
26        0.245   5.813   4.532  -0.901   5.853   5.436  -0.945   7.166   6.209  -0.849   4.541   6.517  -1.585   3.376   5.925 0.2919
13        5.079   1.595  -0.467   6.047   0.988   0.443   6.759  -0.187  -0.218   5.278   0.476   1.870   5.300   1.588   2.876 0.3218
21        1.484   5.776   3.179   2.290   6.089   4.356   2.499   7.593   4.493   3.792   5.297   4.275   3.683   3.952   4.930 0.2652
35        1.237   4.858   3.035   1.021   4.459   4.423   2.114   3.508   4.898  -0.504   3.731   4.601  -1.524   4.780   4.931 0.2656
17       -0.875   3.426   3.583  -1.862   2.631   4.308  -3.157   2.507   3.514  -2.176   3.320   5.830  -1.232   2.743   6.844 0.2425
68        4.376   2.139   1.855   5.136   0.936   2.185   6.207   0.659   1.137   4.097  -0.402   2.325   3.630  -0.525   3.745 0.1868
53       -1.381   7.141   2.475  -2.536   7.947   2.088  -2.716   9.135   3.027  -3.945   6.996   2.074  -4.131   6.399   0.710 0.2445
9         3.430   4.548   3.526   4.645   4.232   4.271   5.340   5.501   4.751   5.707   3.314   3.312   5.423   1.854   3.508 0.2786
18        3.547   4.282   2.633   4.220   3.228   3.385   4.043   3.426   4.886   5.874   3.183   2.994   6.090   2.250   1.840 0.3460
22        3.273   2.275   3.466   4.425   1.540   3.981   4.023   0.147   4.450   5.154   2.397   5.255   6.209   3.310   4.705 0.2064
31       -0.931   4.971   1.571  -2.153   4.528   2.234  -2.827   5.681   2.970  -1.815   3.263   3.319  -1.939   1.948   2.607 0.2969
26       -1.699   6.419   2.723  -3.016   7.048   2.714  -3.517   7.296   4.132  -4.128   6.083   1.863  -4.128   6.478   0.416 0.2623
28       -0.767   6.761   2.211  -0.428   7.467   3.443   1.075   7.438   3.696  -1.254   6.786   4.764  -2.572   7.480   4.942 0.2929
74       -3.079   5.768   1.397  -4.379   5.408   1.955  -5.172   6.650   2.345  -4.186   4.393   3.305  -4.183   2.961   2.857 0.2047
40       -0.041   4.255   2.371  -0.082   3.993   3.807   1.302   4.129   4.430  -0.707   2.441   4.109  -2.197   2.524   4.263 0.2156
36       -0.625   5.190   3.665  -1.132   4.499   4.847  -1.957   5.439   5.720   0.151   3.843   5.748   0.432   2.447   5.275 0.2334
14        2.100   3.549   4.131   3.241   2.938   4.807   2.854   2.437   6.193   4.524   4.047   4.925   5.404   3.924   3.717 0.3079
32        1.028   4.251   2.751   0.602   3.231   3.705  -0.403   3.797   4.701   1.944   2.593   4.530   2.477   1.410   3.777 0.2476
113       0.498   4.135   2.629   0.910   3.865   4.003   2.422   3.697   4.101   0.130   2.474   4.594  -1.162   2.866   5.249 0.1693
47        1.190   4.852   4.196   1.575   4.057   5.359   0.559   4.205   6.485   3.120   4.512   5.903   4.158   3.678   5.214 0.2479
39       -0.872   5.316   4.079  -2.137   5.279   4.809  -2.239   6.441   5.789  -2.301   3.802   5.636  -2.990   2.807   4.750 0.2603
54        0.870   4.101   4.956   1.358   3.308   6.081   0.204   2.816   6.947   2.445   4.217   7.020   3.840   4.015   6.505 0.2302
16        2.763   4.283   5.160   1.886   4.567   6.292   2.354   5.803   7.053   1.817   3.230   7.340   0.692   2.328   6.926 0.2700
65       -0.114   6.686   3.464  -1.304   7.523   3.581  -1.016   8.775   4.402  -2.580   6.646   4.284  -3.378   5.974   3.207 0.2266
11        4.432   2.110   1.459   4.819   0.956   2.265   4.314   1.092   3.697   6.508   0.767   2.258   6.907  -0.122   1.118 0.2988
30       -0.500   5.056   0.486  -1.166   5.507   1.705  -0.351   6.586   2.408  -1.431   4.198   2.756  -2.770   3.586   2.466 0.2563
29        0.917   6.822   1.182   0.388   7.103   2.514   0.674   8.543   2.925   1.048   6.029   3.654   0.175   4.814   3.760 0.2567
7        -0.190   3.829   2.501  -1.386   3.184   3.036  -2.424   2.959   1.943  -2.053   4.120   4.289  -1.458   3.697   5.599 0.1969
41        3.668   1.136   2.674   4.690   0.094   2.670   4.073  -1.279   2.427   5.545   0.096   4.139   6.731   1.008   4.026 0.1653
42       -0.252   4.090   5.041  -0.633   3.223   6.152  -2.030   3.562   6.659   0.495   3.351   7.418   1.577   2.331   7.229 0.1948
19        0.957   5.163   4.202   1.912   4.804   5.247   1.618   5.555   6.540   3.501   5.127   4.734   4.063   3.914   4.055 0.2744
47       -2.468   6.595   1.123  -3.918   6.743   1.026  -4.352   8.153   1.408  -4.697   5.604   2.019  -4.954   4.351   1.237 0.2632
54        0.027   6.099   1.709  -0.971   6.060   2.774  -0.526   6.888   3.974  -1.267   4.454   3.251  -2.385   3.887   2.428 0.2515
15       -0.004   4.672   1.706  -1.278   4.357   2.344  -2.301   5.460   2.102  -1.063   4.118   4.013  -0.777   2.669   4.278 0.3638
12       -2.673   4.695   3.493  -2.119   5.535   4.551  -0.826   4.944   5.100  -3.249   5.730   5.806  -4.093   6.941   5.535 0.3584
19       -1.852   5.265   1.194  -2.367   5.686   2.494  -1.231   6.038   3.447  -3.339   4.465   3.170  -4.762   4.665   2.742 0.2993
27       -1.793   4.754   2.550  -2.937   4.244   3.300  -3.192   5.080   4.548  -2.689   2.617   3.728  -3.229   1.728   2.647 0.2376
17        3.249   4.825   2.780   3.777   4.084   3.922   4.275   5.031   5.007   5.033   3.049   3.430   4.462   1.713   3.057 0.2801
31        2.850   5.101   4.622   2.160   5.905   5.627   3.143   6.766   6.412   1.284   4.905   6.687  -0.104   4.705   6.154 0.2520
10       -1.477   5.309   3.579  -2.715   6.062   3.753  -2.522   7.529   3.387  -3.270   5.929   5.355  -4.184   4.745   5.471 0.2795
29       -0.375   5.316   4.501  -1.410   5.006   5.483  -2.164   6.263   5.902  -0.728   4.253   6.846  -0.725   2.767   6.647 0.2547
45       -3.218   5.936   1.422  -4.511   5.530   1.965  -5.614   5.673   0.922  -4.891   6.449   3.344  -4.363   5.757   4.566 0.2250
16       -0.312   6.304   0.111  -0.758   7.101   1.250  -0.652   8.592   0.951   0.149   6.718   2.635  -0.523   5.605   3.382 0.2643
20        0.192   4.992   3.885   0.381   4.242   5.124  -0.175   5.008   6.319   2.028   3.900   5.365   2.364   2.584   4.729 0.3505
50        0.745   6.235  -1.116  -0.624   6.737  -1.194  -0.851   7.869  -0.199  -1.733   5.480  -0.910  -2.090   4.825  -2.211 0.1848
7         3.709   2.450   4.965   3.358   1.879   6.262   3.693   2.843   7.395   4.164   0.401   6.498   3.314  -0.720   5.977 0.3524
32        4.158   3.395   2.577   4.918   2.450   3.390   6.392   2.455   3.003   4.279   0.883   3.232   3.229   0.663   4.279 0.2649
17       -2.679   5.193   2.609  -3.289   4.791   3.872  -3.665   3.314   3.854  -4.664   5.738   4.196  -4.262   6.950   4.983 0.2566
27       -1.190   3.758   3.549  -2.178   2.960   4.269  -2.840   3.773   5.375  -1.454   1.567   4.922  -1.538   0.447   3.928 0.2457
112       3.800   2.492   2.641   4.536   1.388   3.250   6.039   1.631   3.190   4.152  -0.078   2.479   2.982  -0.714   3.170 0.1653
8        -1.768   5.369  -3.050  -3.078   5.087  -3.631  -3.359   5.998  -4.820  -4.297   5.263  -2.460  -4.520   3.951  -1.769 0.2818
34       -3.767   5.663   0.354  -5.188   5.338   0.440  -6.011   6.230  -0.482  -5.736   5.492   2.042  -5.578   4.180   2.752 0.2307
14       -1.929   4.622   1.497  -3.208   3.918   1.539  -4.203   4.641   2.438  -2.988   2.321   2.079  -2.738   1.425   0.902 0.2880
72        4.604   2.061   1.478   5.425   0.863   1.633   6.652   0.919   0.732   4.512  -0.530   1.290   3.867  -1.027   2.550 0.1883
32       -0.590   5.555   2.732  -1.404   5.285   3.914  -0.672   5.689   5.188  -1.825   3.639   3.981  -3.123   3.425   3.261 0.2343
18       -0.387   4.376   1.904  -0.655   4.166   3.324  -2.071   4.602   3.685   0.475   5.010   4.272   1.655   4.127   4.549 0.2422
30        1.586   4.084   4.038   2.547   3.710   5.071   3.670   2.857   4.493   1.770   2.874   6.331   1.307   3.853   7.369 0.2571
48        0.758   5.219   3.214   0.243   4.802   4.515   0.524   5.856   5.579   0.924   3.313   4.974   0.060   2.194   4.474 0.2261
23        1.357   4.335   2.823   0.837   3.414   3.831  -0.453   3.944   4.445   1.996   3.150   5.047   2.852   1.976   4.675 0.2345
32       -3.772   5.013   1.214  -5.189   4.658   1.213  -6.009   5.673   2.000  -5.411   3.101   1.858  -5.341   2.088   0.754 0.2430
6         0.053  -0.942  -4.874  -0.772  -1.950  -5.535  -2.236  -1.528  -5.562  -0.612  -3.452  -4.754   0.513  -4.222  -5.379 0.2825
9         4.359   2.382  -1.072   4.880   1.162  -1.681   6.331   0.924  -1.280   4.748   1.242  -3.375   3.426   0.677  -3.801 0.3732
122      -1.441   6.473   1.541  -2.871   6.718   1.701  -3.623   5.419   1.969  -3.501   7.482   0.319  -3.411   8.970   0.485 0.1682
12       -3.194   3.292  -1.002  -4.456   2.592  -0.784  -4.325   1.109  -1.111  -5.691   3.289  -1.722  -6.365   4.374  -0.936 0.3397
19        1.795   3.082   3.393   2.399   2.185   4.374   1.498   0.986   4.649   2.719   3.018   5.821   4.101   3.598   5.769 0.3103
14       -0.034   4.423   3.801   0.281   4.247   5.216   0.838   5.531   5.819   1.391   2.976   5.423   0.646   1.688   5.614 0.2588
25       -0.153   4.422   2.495  -0.570   4.121   3.861   0.005   5.132   4.846  -0.091   2.548   4.294  -1.179   1.579   3.940 0.2364
45        0.819   3.070   3.416   1.008   2.270   4.622   1.813   3.033   5.667   1.784   0.804   4.246   0.754  -0.240   3.931 0.1984
16       -2.684   5.394   1.644  -3.974   4.981   2.188  -4.150   3.469   2.096  -5.242   5.766   1.372  -5.563   7.055   2.070 0.2500
27       -1.549   3.766  -3.828  -2.491   2.780  -4.349  -2.281   1.420  -3.693  -2.335   2.643  -6.036  -3.261   3.615  -6.705 0.3062
13       -0.664   6.230   0.283  -0.847   7.047   1.479  -0.137   6.429   2.679  -2.501   7.242   1.817  -3.012   8.469   1.121 0.2586
21        0.370   4.715   2.731  -0.706   4.253   3.604  -0.644   4.941   4.962  -0.626   2.566   3.801  -1.446   1.899   2.737 0.2566
25       -1.983   4.987   2.388  -3.255   4.585   2.981  -3.431   5.194   4.367  -3.359   2.890   3.071  -3.983   2.360   1.815 0.2663
11       -0.179   4.614  -2.358  -1.588   4.994  -2.391  -1.756   6.440  -2.843  -2.298   4.775  -0.862  -2.860   3.388  -0.766 0.2879
16        0.710   3.250  -3.249  -0.623   3.597  -3.734  -1.159   4.836  -3.026  -1.692   2.293  -3.517  -1.672   1.421  -4.737 0.2968
17       -2.176   4.880   1.461  -3.628   4.755   1.550  -4.025   3.554   2.401  -4.308   4.619  -0.003  -4.638   5.986  -0.525 0.2967
5         5.162   3.257   0.392   6.058   2.596   1.337   5.816   1.092   1.362   5.859   3.245   2.896   6.802   4.396   3.083 0.3327
22       -2.188   4.011   3.375  -2.746   3.279   4.508  -2.944   1.807   4.166  -4.223   3.969   4.991  -3.967   5.021   6.029 0.3070
10        5.451   2.435  -2.955   6.423   1.356  -2.802   7.252   1.180  -4.069   5.637  -0.100  -2.413   5.530  -0.228  -0.922 0.2045
33       -0.696   5.943   2.043  -0.805   6.441   3.411   0.331   7.404   3.737  -0.808   5.147   4.515  -2.218   4.699   4.756 0.2526
24       -1.919   7.248   1.699  -2.722   7.440   2.904  -1.840   7.518   4.145  -3.853   6.181   3.070  -5.128   6.560   2.378 0.2815
8        -0.384   6.350   2.239  -1.644   6.989   1.871  -2.512   7.238   3.099  -2.487   6.034   0.745  -2.088   6.431  -0.645 0.3949
36       -0.630   5.735   2.353  -1.940   5.666   2.993  -2.335   7.016   3.581  -1.946   4.476   4.207  -2.365   3.162   3.617 0.2311
31       -0.135   4.029   2.723  -0.437   3.445   4.027  -0.472   4.515   5.112   0.706   2.251   4.422   0.234   0.920   3.917 0.2257
8         3.678   2.911   3.977   4.565   1.881   4.510   5.104   2.275   5.880   5.852   1.592   3.437   5.466   0.509   2.474 0.2508
48       -1.000   6.512   2.743  -1.578   6.348   4.074  -2.181   7.655   4.575  -0.401   5.791   5.167  -0.400   4.292   5.179 0.2368
57       -2.030   5.020   3.951  -2.494   4.364   5.171  -3.642   3.406   4.876  -2.980   5.521   6.318  -1.810   5.894   7.178 0.2388
9         4.841   3.655   2.029   5.871   2.746   2.522   7.112   3.511   2.968   6.285   1.612   1.325   5.408   0.403   1.457 0.2760
5         2.368   3.310  -4.420   1.458   2.810  -5.446   0.432   3.868  -5.834   0.669   1.404  -4.905   1.476   0.199  -5.287 0.2419
10        0.072   4.672  -1.774  -1.301   4.626  -2.268  -2.287   5.060  -1.189  -1.684   3.062  -2.812  -1.347   2.943  -4.269 0.2785
36       -0.027   5.536   2.279  -1.075   5.256   3.256  -1.078   6.296   4.371  -0.876   3.700   3.911  -1.635   2.708   3.081 0.2251
24       -0.316   5.183   1.217  -1.767   5.328   1.300  -2.286   4.879   2.661  -2.523   4.437   0.065  -2.687   5.304  -1.148 0.2311
15        0.677   6.492   2.401   1.058   6.434   3.809   1.361   7.824   4.354   2.407   5.419   4.017   1.942   4.016   4.270 0.3042
6         3.738   1.667  -2.917   3.765   0.209  -3.004   4.864  -0.265  -3.947   2.257  -0.381  -3.523   1.387  -0.648  -2.330 0.3465
24       -1.442   5.620   3.584  -2.590   5.130   4.343  -3.638   4.520   3.420  -3.278   6.389   5.256  -2.631   6.436   6.609 0.2537
29       -0.960   5.264   2.566  -1.702   4.994   3.794  -1.695   6.207   4.717  -1.049   3.646   4.598  -1.736   2.400   4.122 0.2341
18        0.148   6.453   3.386   0.491   6.367   4.802   1.476   5.233   5.060  -0.910   6.147   5.740  -1.459   7.484   6.139 0.2498
33       -1.867   5.853   1.471  -2.895   5.564   2.467  -3.028   4.063   2.699  -4.390   6.213   1.983  -4.523   7.610   2.514 0.2892
33       -0.377   6.915  -0.101  -1.516   7.424   0.658  -1.110   8.610   1.525  -2.181   6.195   1.625  -3.248   5.474   0.854 0.2627
33        0.630   5.572   2.196  -0.306   5.168   3.241  -0.581   6.316   4.205   0.298   3.825   4.091  -0.173   2.563   3.432 0.2063
12        0.970   3.696   3.220   0.153   2.940   4.165   0.938   2.613   5.430  -0.415   1.509   3.445  -1.738   1.771   2.788 0.2796
25        2.600   3.034   3.688   2.700   1.726   4.330   3.195   1.857   5.766   3.737   0.709   3.447   2.942  -0.053   2.429 0.3016
24        1.417   5.549   3.814   1.289   5.065   5.185   0.375   5.969   6.004   2.817   4.960   5.922   3.394   3.596   5.685 0.2512
64       -2.858   5.509   2.415  -4.028   4.958   3.093  -5.146   4.658   2.103  -4.580   6.033   4.289  -3.903   5.724   5.591 0.2229
21        1.184   3.978   3.261   1.852   3.700   4.530   3.049   4.621   4.734   2.348   2.075   4.596   1.254   1.243   5.196 0.2175
29       -1.633   6.827   1.343  -3.075   7.055   1.314  -3.556   7.692   2.612  -3.901   5.595   1.039  -4.085   5.393  -0.435 0.3104
10        1.663   5.939  -2.156   0.512   6.834  -2.233   0.921   8.279  -1.973  -0.685   6.358  -1.124  -1.621   5.389  -1.783 0.3730
7         6.332   2.269   2.965   6.658   2.287   4.388   7.833   1.366   4.694   5.305   1.832   5.312   4.507   3.053   5.663 0.3729
30        3.811   2.022  -2.443   3.444   2.356  -3.816   2.731   3.702  -3.882   2.458   1.141  -4.480   3.317   0.111  -5.151 0.2906
30        2.899   2.375   3.394   3.280   1.102   3.999   2.465   0.827   5.258   4.940   1.092   4.366   5.708   0.558   3.193 0.2786
69        3.552   3.036   2.914   4.054   2.038   3.855   5.566   1.888   3.741   3.297   0.539   3.590   2.059   0.448   4.431 0.1991
11       -2.900   4.144  -1.280  -4.154   3.553  -0.824  -5.311   3.951  -1.734  -4.484   4.022   0.777  -3.880   3.028   1.723 0.2994
46       -1.143   6.177   3.606  -2.228   7.154   3.619  -1.789   8.455   4.279  -3.586   6.521   4.423  -4.470   5.819   3.436 0.2513
14        3.316   4.556   2.558   3.674   3.681   3.671   5.015   4.081   4.275   3.726   2.061   3.159   2.374   1.436   3.337 0.2686
34        3.548   2.564   2.939   3.917   1.402   3.743   5.209   1.654   4.511   4.084   0.027   2.756   2.766  -0.682   2.661 0.2007
38       -1.745   6.318   2.679  -3.079   6.289   3.271  -3.978   7.352   2.650  -2.986   6.515   4.954  -2.853   5.183   5.630 0.2518
24        0.188   5.244  -0.442  -1.206   5.620  -0.225  -1.414   6.172   1.180  -2.228   4.285  -0.484  -2.649   4.250  -1.923 0.2668
57        3.300   2.269   2.898   3.446   1.109   3.772   4.909   0.699   3.901   2.525  -0.194   3.187   1.150  -0.143   3.785 0.2110
8        -1.312   4.745  -2.097  -2.691   4.565  -1.650  -3.662   4.635  -2.823  -3.095   5.738  -0.488  -2.774   5.218   0.881 0.3536
13       -0.367   4.641  -2.219  -1.655   5.233  -1.872  -1.704   5.617  -0.398  -2.920   4.157  -2.236  -3.392   4.397  -3.640 0.2917
81       -3.990   5.047   1.232  -5.261   4.340   1.368  -5.876   4.049   0.004  -6.345   5.246   2.314  -6.186   4.867   3.757 0.2175
29        0.774   6.255   3.714  -0.120   7.273   4.258  -0.199   7.180   5.777  -1.674   7.120   3.584  -1.765   7.959   2.344 0.2343
19        2.835   5.615   3.530   3.782   5.479   4.633   5.214   5.394   4.120   3.413   4.105   5.565   2.465   4.485   6.663 0.3548
42       -2.758   6.918   0.295  -4.207   6.996   0.457  -4.742   8.337  -0.031  -4.636   6.754   2.084  -4.868   5.293   2.328 0.2291
16       -1.332   5.412   3.494  -2.577   6.104   3.811  -3.681   5.114   4.162  -3.063   7.081   2.508  -2.472   8.451   2.663 0.2763
33        2.812   2.853   3.072   3.976   2.180   3.639   5.127   2.139   2.640   3.571   0.602   4.126   3.112   0.621   5.553 0.2351
10       -0.621   7.103  -1.058  -1.960   7.595  -0.749  -1.991   8.287   0.609  -3.083   6.319  -0.777  -3.649   6.181  -2.159 0.2645
63       -0.629   3.888   4.932  -1.056   2.914   5.932  -2.543   2.609   5.801  -0.711   3.480   7.497   0.660   3.027   7.903 0.1838
12        0.071   3.985  -4.936  -0.453   3.302  -6.115  -1.564   4.114  -6.772  -1.027   1.757  -5.700   0.084   0.758  -5.836 0.2174
7         4.604   1.656   1.299   5.763   1.078   0.626   6.846   2.127   0.401   5.304   0.387  -0.858   4.936  -1.052  -0.647 0.2366
63        1.350   3.006   3.353   2.083   2.357   4.436   3.448   3.006   4.640   2.268   0.698   4.116   1.107  -0.055   4.693 0.1936
22       -0.007   6.208   2.314   0.411   7.095   3.396   0.767   8.478   2.865   1.736   6.431   4.229   1.241   5.580   5.360 0.2926
17        1.063   7.424   0.019   0.805   8.323   1.141   2.101   8.925   1.671  -0.008   7.499   2.386  -1.489   7.620   2.182 0.2878
23        1.069   5.886   2.166   0.457   5.619   3.464   1.153   6.404   4.570   0.503   3.956   3.812  -0.742   3.301   3.293 0.2219
46        1.873   2.465   3.459   2.600   1.569   4.354   3.808   0.957   3.655   1.574   0.341   4.928   0.920   0.790   6.201 0.1947
19       -1.025   5.186   1.444  -2.155   5.126   2.366  -1.993   3.981   3.358  -3.613   4.953   1.508  -4.172   6.309   1.194 0.2750
19        4.765   2.451  -1.117   5.454   1.278  -1.647   4.795   0.788  -2.931   5.480   0.031  -0.491   6.716   0.155   0.350 0.3203
12        0.379   3.987   2.880  -0.958   4.463   3.219  -1.292   4.168   4.677  -2.118   3.753   2.199  -2.314   4.615   0.988 0.2761
22        4.884   1.685  -0.417   5.466   0.387  -0.088   6.684   0.544   0.814   5.893  -0.448  -1.506   4.735  -1.284  -1.963 0.2601
19       -1.909   4.316   2.968  -2.728   3.487   3.848  -4.210   3.801   3.674  -2.271   3.711   5.470  -1.203   2.720   5.829 0.2641
38        3.768   0.994   2.791   4.838   0.001   2.828   4.442  -1.261   2.070   5.234  -0.385   4.436   6.316   0.534   4.918 0.1839
31       -2.015   6.121   2.115  -3.091   5.822   3.055  -3.736   7.102   3.575  -2.503   4.896   4.354  -2.629   3.438   4.026 0.2402
5         4.513   2.197  -4.090   4.195   1.637  -5.400   4.656   2.563  -6.519   2.524   1.350  -5.532   2.217  -0.041  -5.063 0.2406
29       -3.065   4.626   2.847  -4.131   3.830   3.449  -5.430   3.970   2.665  -4.374   4.292   5.067  -3.497   3.464   5.960 0.2297
30        0.316   5.530   4.290   0.309   4.963   5.636   1.320   3.829   5.759  -1.246   4.405   6.036  -2.020   5.509   6.693 0.2303
57        2.840   0.952   3.616   3.197  -0.289   4.297   3.037  -1.489   3.370   2.245  -0.497   5.690   2.933   0.133   6.864 0.2143
11        0.929   3.827  -4.595  -0.014   4.413  -5.544  -0.004   5.935  -5.459  -1.583   3.823  -5.263  -1.806   2.585  -6.080 0.3897
410       4.639   0.611   0.314   5.147  -0.063   1.505   4.510  -1.438   1.671   4.861   0.882   2.889   6.032   1.790   3.125 0.1292
18        1.175   5.343   3.147   2.154   5.868   4.095   2.921   7.042   3.497   3.235   4.646   4.570   2.700   3.950   5.786 0.2642
43       -0.778   4.961   2.513  -1.794   4.459   3.433  -2.363   5.583   4.290  -1.146   3.240   4.425  -1.338   1.905   3.768 0.2040
23       -0.614   3.745   2.980  -1.130   3.108   4.189  -2.436   2.374   3.908  -1.361   4.262   5.415  -0.108   4.384   6.230 0.2915
18        0.259   5.087  -1.679  -1.150   5.394  -1.454  -2.028   4.763  -2.529  -1.392   7.077  -1.418  -1.245   7.573  -0.010 0.3445
25       -0.174   5.761   3.702  -1.409   6.276   4.288  -1.949   5.327   5.351  -2.579   6.526   3.080  -2.460   7.923   2.550 0.2946
26       -0.087   6.368   0.737  -1.347   6.382   1.475  -1.649   7.774   2.017  -1.302   5.257   2.748  -1.809   3.932   2.262 0.2165
16       -1.138   6.422  -0.341  -2.580   6.515  -0.130  -2.906   6.733   1.342  -3.353   5.111  -0.697  -3.733   5.296  -2.136 0.3158
32        2.934   2.896   3.213   4.183   2.399   3.782   5.332   3.362   3.509   4.549   0.860   3.158   3.940  -0.193   4.034 0.2006
28       -0.358   4.469   1.842  -1.401   5.269   1.207  -2.661   5.307   2.065  -1.764   4.655  -0.336  -0.887   5.316  -1.356 0.2489
21        0.144   6.571   1.396  -1.228   6.833   1.822  -1.380   8.258   2.341  -1.699   5.722   3.021  -2.319   4.520   2.373 0.2549
15       -1.986   5.397   0.617  -2.890   5.850   1.670  -2.452   7.199   2.227  -2.970   4.701   2.919  -4.077   3.729   2.635 0.2482
25        1.390   4.587   3.465   2.242   4.543   4.650   3.599   5.178   4.373   2.444   2.939   5.176   1.365   2.595   6.159 0.2431
44        0.364   4.155   2.772   0.603   3.909   4.191   1.799   4.711   4.693   0.854   2.251   4.472  -0.460   1.589   4.764 0.1971
26       -2.936   4.595   0.587  -4.231   3.922   0.524  -4.904   3.897   1.892  -4.047   2.337  -0.063  -4.178   2.339  -1.557 0.3412
9        -1.200   4.229  -3.866  -2.162   3.270  -4.401  -2.383   2.115  -3.431  -1.634   2.676  -5.904  -2.166   3.549  -7.001 0.2519
20       -2.299   5.777   1.642  -3.141   6.925   1.316  -4.613   6.611   1.554  -2.899   7.399  -0.299  -1.798   8.415  -0.362 0.2838
39       -0.855   6.219   3.778  -2.260   6.544   4.011  -2.528   8.025   3.769  -2.712   6.121   5.594  -3.222   4.710   5.608 0.2109
10        3.916   3.283   2.360   4.810   2.440   3.148   5.477   1.383   2.277   3.958   1.696   4.418   4.006   2.573   5.634 0.3073
107       4.720   0.686  -0.363   5.491  -0.031   0.648   4.791  -1.320   1.060   5.748   0.955   2.009   7.025   1.722   1.837 0.1689
36        0.093   3.320   5.156  -0.696   2.476   6.048  -1.731   3.296   6.807   0.317   1.658   7.141   0.729   0.342   6.553 0.2409
33       -2.762   3.870  -2.371  -3.729   2.850  -2.767  -3.150   1.450  -2.599  -4.217   3.089  -4.378  -5.420   3.984  -4.408 0.2287
296       2.827   2.008   3.062   3.957   1.147   3.401   3.481  -0.190   3.955   4.972   1.917   4.527   6.022   2.703   3.798 0.1464
63        1.443   3.331   3.222   2.183   2.732   4.330   3.639   2.491   3.950   1.455   1.272   4.809   0.437   1.547   5.875 0.1793
27        0.771   4.623   2.548  -0.034   4.326   3.730   0.821   3.725   4.840  -1.303   3.268   3.333  -2.510   4.062   2.932 0.2423
27       -0.797   4.113   2.987  -1.358   3.675   4.261  -0.619   2.453   4.795  -3.014   3.329   4.093  -3.814   4.566   4.371 0.2813
34       -0.159   4.085   5.106  -0.027   3.245   6.293  -1.102   2.165   6.323  -0.112   4.192   7.702   1.266   4.642   8.087 0.2732
9         2.650   2.004   5.055   2.886   1.136   6.205   4.376   0.900   6.417   2.083  -0.349   6.002   0.704  -0.255   6.583 0.3206
18       -1.363   5.668   0.561  -2.549   5.473   1.390  -3.393   4.313   0.875  -3.479   6.895   1.438  -3.034   7.745   2.591 0.3036
7        -3.121   5.103   2.393  -3.457   5.335   3.795  -2.621   4.452   4.713  -5.112   5.053   4.062  -5.877   6.326   3.854 0.2587
44        3.738   1.407   2.488   4.842   0.455   2.416   6.134   1.143   1.991   4.470  -0.805   1.336   3.795  -1.918   2.081 0.1911
25       -1.111   5.428   4.062  -1.623   4.963   5.348  -2.007   3.490   5.286  -2.962   5.896   5.826  -2.492   7.066   6.638 0.2974
11       -1.772   4.823   1.324  -2.211   4.932   2.712  -3.527   5.694   2.814  -1.019   5.698   3.653  -0.088   4.666   4.216 0.2713
10        1.650   5.596   3.892   0.946   5.988   5.109   0.893   7.505   5.248   1.693   5.304   6.474   1.077   3.967   6.764 0.2180
27        4.594   1.899   1.105   4.972   2.049   2.508   4.726   0.760   3.283   4.114   3.332   3.220   4.892   4.604   3.061 0.2297
61       -2.528   5.945   0.357  -3.889   5.571   0.732  -4.732   5.261  -0.500  -4.616   6.811   1.639  -4.346   6.589   3.097 0.2557
21        1.467   7.178  -0.000   1.484   7.949   1.240   2.543   9.044   1.191   1.763   6.927   2.570   0.451   6.434   3.105 0.3220
11        3.214   3.598   3.164   3.564   2.612   4.182   2.328   2.142   4.940   4.703   3.258   5.267   6.088   2.971   4.769 0.3074
9         6.927   0.620   0.326   7.547   0.011   1.499   8.850  -0.690   1.130   6.479  -1.092   2.231   5.653  -0.380   3.260 0.4028
16        4.860   1.650   0.323   5.542   1.372   1.584   6.031  -0.071   1.637   4.512   1.688   2.899   4.676   3.114   3.332 0.2656
18        0.123   4.753  -1.846  -1.041   5.575  -1.530  -0.656   6.757  -0.648  -2.237   4.640  -0.763  -3.154   4.057  -1.796 0.2636
28        4.353   2.389   1.983   4.925   1.312   2.786   5.874   0.455   1.957   3.692   0.345   3.446   3.294   0.889   4.786 0.2148
69        2.795   3.428   3.202   3.009   2.557   4.355   4.447   2.056   4.405   1.934   1.241   4.312   0.675   1.600   5.043 0.2051
25        0.743   6.189   3.604  -0.221   7.170   4.093  -0.846   6.718   5.407  -1.434   7.437   2.932  -1.022   8.560   2.027 0.2336
31        4.428   1.844   1.874   4.556   1.129   3.140   5.221  -0.228   2.939   3.031   0.928   3.865   2.746   2.097   4.761 0.2312
36       -2.739   4.840   1.988  -3.852   4.181   2.665  -5.162   4.920   2.416  -3.551   4.074   4.335  -2.842   2.787   4.634 0.2402
7         5.272  -1.858   1.006   5.302  -3.097   1.777   5.714  -4.276   0.904   3.784  -3.395   2.481   3.730  -2.763   3.840 0.2384
9         3.623   1.573  -2.472   4.321   0.310  -2.691   3.474  -0.648  -3.521   4.727  -0.409  -1.205   6.086   0.060  -0.777 0.2804
17        2.500   4.732   3.521   3.725   5.241   4.132   4.561   6.019   3.122   4.638   3.964   4.785   4.233   3.737   6.211 0.2858
7         1.035   3.812   2.982   0.809   2.947   4.136  -0.432   2.084   3.940   0.657   3.874   5.553   2.008   4.054   6.180 0.2776
29        0.539   2.652   4.225   0.293   1.482   5.062  -0.315   1.882   6.401   1.736   0.618   5.312   1.896  -0.411   4.233 0.2196
20       -0.424   4.851   3.878  -1.781   4.788   4.413  -2.314   6.182   4.722  -1.823   3.824   5.812  -2.101   2.400   5.430 0.3155
13        4.783   1.831  -0.069   5.498   1.395  -1.265   5.266   2.357  -2.424   5.015  -0.175  -1.704   5.901  -1.178  -1.028 0.2849
22        0.933   3.076   4.675   0.979   1.945   5.598   0.280   2.279   6.910   2.589   1.487   5.895   3.008   0.454   4.891 0.2439
15        2.201   4.382   2.718   2.107   3.382   3.778   1.283   3.900   4.951   3.659   2.934   4.309   4.148   1.770   3.500 0.2242
26        2.018   3.076   5.369   1.981   2.094   6.449   1.072   2.558   7.581   3.548   1.803   7.040   4.169   0.672   6.275 0.2455
5         4.123   2.136  -2.527   4.572   0.901  -3.162   3.408  -0.058  -3.381   5.775   0.153  -2.222   7.124   0.651  -2.648 0.3646
20        4.163   1.387   2.234   5.393   0.636   2.002   5.724   0.569   0.515   5.260  -0.934   2.641   5.739  -0.937   4.063 0.1977
49       -0.122   4.746   4.701   0.218   4.135   5.983  -0.956   4.205   6.953   1.580   4.897   6.660   2.824   4.197   6.200 0.2333
100      -0.178   4.580   2.059  -0.251   4.495   3.514   1.060   3.984   4.100  -1.534   3.484   3.986  -2.780   4.301   4.152 0.2086
19       -1.184   5.246   3.550  -2.122   4.822   4.585  -1.637   3.556   5.281  -3.665   4.565   3.917  -4.454   5.840   3.976 0.2838
69       -0.437   6.066   3.124  -1.730   6.328   3.750  -2.572   5.059   3.820  -2.568   7.537   2.898  -2.223   8.881   3.468 0.1750
20       -1.746   7.461   1.618  -2.746   8.205   0.858  -3.489   9.194   1.749  -3.849   7.138   0.126  -3.351   6.765  -1.239 0.2082
17       -1.452   4.238   2.264  -2.707   3.643   2.716  -3.827   3.899   1.715  -3.138   4.255   4.242  -2.549   3.386   5.314 0.2957
39       -2.870   5.263   1.993  -4.082   4.776   2.647  -5.119   5.886   2.778  -3.714   4.138   4.179  -3.410   2.674   4.052 0.2442
68       -3.102   5.448   1.771  -4.463   5.041   2.108  -5.168   6.111   2.934  -4.450   3.566   2.953  -4.543   2.430   1.978 0.2066
66       -0.182   5.895   2.181   0.308   6.678   3.311   1.779   7.035   3.134   0.087   5.824   4.765  -1.255   6.163   5.344 0.2238
20        0.234   4.265   2.859   0.358   4.003   4.290   0.871   5.232   5.030   1.394   2.683   4.563   0.594   1.415   4.584 0.2453
8         3.273   1.688   5.160   3.536   0.623   6.123   4.288  -0.532   5.472   2.080   0.063   6.800   1.765   0.856   8.034 0.3097
51        1.579   3.275   3.419   2.370   2.697   4.503   3.547   1.897   3.957   1.396   1.707   5.484   0.807   2.527   6.593 0.2123
29        1.227   6.212   1.774   0.730   6.272   3.146   1.016   7.631   3.774   1.428   5.038   4.084   0.567   3.812   4.017 0.2302
9        -1.731   6.060  -1.785  -2.687   7.051  -1.299  -2.130   7.811  -0.101  -4.156   6.303  -0.883  -5.061   6.279  -2.079 0.2698
32       -0.035   3.153   4.997  -0.681   2.174   5.867  -2.152   2.515   6.079   0.120   2.090   7.364   1.198   1.050   7.296 0.2172
25        2.395   3.436   2.876   1.737   2.958   4.088   2.414   1.701   4.621   0.091   2.652   3.789  -0.706   3.893   4.061 0.2304
8         3.217   2.868  -4.496   3.262   1.664  -5.321   3.978   1.930  -6.640   1.690   1.088  -5.616   1.303   0.118  -4.540 0.3384
19       -0.513   6.087   2.793  -1.623   5.881   3.719  -2.964   5.994   3.002  -1.548   7.003   4.995  -0.739   6.427   6.119 0.2479
12       -1.156   3.356   3.526  -1.033   2.702   4.826  -0.153   1.461   4.735  -2.568   2.286   5.428  -3.107   3.418   6.250 0.2596
34       -2.772   5.244   0.229  -4.022   5.633  -0.416  -4.751   4.419  -0.980  -3.725   6.762  -1.653  -3.792   8.150  -1.090 0.2637
49        0.508   6.092   3.604  -0.656   6.545   4.360  -1.400   5.367   4.980  -1.704   7.435   3.360  -1.331   8.886   3.411 0.2447
5         2.104   5.838  -1.089   0.905   6.569  -1.488   1.214   7.566  -2.599   0.230   7.377  -0.153  -0.762   6.479   0.525 0.4551
33        3.795   2.268   2.623   5.020   1.489   2.776   6.251   2.386   2.730   5.121   0.297   1.568   4.471  -0.964   2.053 0.2383
15       -2.394   6.950   0.929  -3.444   7.212   1.909  -3.122   6.555   3.246  -4.945   6.660   1.334  -5.627   7.761   0.577 0.2666
23       -0.946   4.254   3.680  -0.936   3.550   4.960  -1.812   4.261   5.984   0.654   3.411   5.548   1.263   2.136   5.046 0.2279
90        3.246   2.335   2.855   4.541   1.679   3.013   4.391   0.326   3.698   5.602   2.668   3.900   6.366   3.551   2.960 0.1704
19        3.875   2.594  -4.316   4.622   1.389  -4.666   5.370   1.569  -5.981   3.576   0.052  -4.767   3.483  -0.612  -3.426 0.3742
4         6.260  -0.369  -0.222   6.534  -1.621  -0.920   6.049  -1.562  -2.364   5.800  -2.924  -0.112   6.754  -3.488   0.899 0.3132
6        -1.263   4.497  -2.498  -2.385   4.976  -1.696  -2.466   4.233  -0.368  -3.843   4.802  -2.552  -4.110   6.047  -3.344 0.2938
14       -0.975   6.219  -0.840  -1.228   7.372   0.019   0.076   7.971   0.532  -2.221   6.932   1.326  -3.660   7.124   0.948 0.2703
10       -2.783   5.414   0.826  -3.156   6.046   2.088  -3.462   5.002   3.156  -4.498   7.066   1.867  -4.025   8.447   1.522 0.2775
41        1.303   5.529   4.459   0.298   6.326   5.156   0.560   6.347   6.658  -1.260   5.720   4.845  -1.826   6.397   3.632 0.2347
49       -2.302   5.358   3.223  -3.166   4.770   4.242  -4.626   4.793   3.805  -2.987   5.593   5.719  -1.900   4.946   6.524 0.2184
9         3.665   2.559   4.925   3.719   3.183   6.244   3.905   2.139   7.339   2.306   4.084   6.532   2.505   5.492   6.056 0.2389
151      -3.373   5.476  -0.063  -4.668   4.824  -0.235  -4.660   3.898  -1.445  -5.900   5.985  -0.397  -6.451   6.322   0.957 0.1803
14        1.329   3.513   4.299   2.177   3.220   5.451   1.540   2.163   6.346   2.477   4.636   6.342   3.719   5.299   5.824 0.3135
10       -0.499   5.031  -3.640  -1.952   5.175  -3.657  -2.486   5.174  -5.085  -2.416   6.604  -2.861  -2.642   6.315  -1.407 0.3541
19       -2.309   5.210   1.950  -3.746   5.050   2.153  -4.146   5.435   3.573  -4.216   3.448   1.829  -4.589   3.319   0.382 0.2747
17        0.608   4.035   2.875   1.036   3.718   4.234  -0.154   3.656   5.184   2.162   4.868   4.784   3.549   4.416   4.435 0.2468
34       -1.283   4.705   4.894  -2.013   4.089   5.998  -3.378   4.741   6.184  -1.114   4.196   7.437  -0.243   2.982   7.573 0.2420
6        -2.547   5.312   0.585  -3.679   5.845  -0.168  -3.332   7.186  -0.804  -5.037   6.012   0.840  -5.843   4.747   0.807 0.3372
27       -2.552   6.332   1.250  -3.584   6.095   2.255  -4.960   6.491   1.733  -3.232   6.952   3.681  -2.404   6.094   4.589 0.2351
18       -0.331   4.769   3.186  -1.071   4.435   4.400  -1.313   2.933   4.499  -2.552   5.268   4.440  -2.365   6.586   5.132 0.2857
44        2.439   5.571   4.490   1.712   6.493   5.358   2.613   7.031   6.464   0.354   5.726   6.034  -0.831   5.923   5.134 0.2161
17        2.277   3.211   3.240   2.315   1.910   3.901   1.443   1.904   5.151   3.914   1.494   4.302   4.533   0.734   3.167 0.2516
16       -0.764   4.677   0.041  -1.640   4.912   1.185  -3.095   5.029   0.746  -1.167   6.318   2.015  -0.174   5.960   3.080 0.2147
29       -0.374   6.860   2.644  -1.349   7.942   2.542  -2.033   8.192   3.881  -2.510   7.583   1.352  -2.049   8.115   0.028 0.2058
11        3.884   3.645   2.806   5.163   3.127   3.283   5.724   2.081   2.326   4.991   2.463   4.838   5.242   3.525   5.867 0.3519
26       -2.412   4.557   2.759  -3.259   3.775   3.655  -4.537   3.331   2.954  -3.639   4.673   5.048  -2.602   4.424   6.102 0.2401
390      -2.181   5.180   0.367  -3.569   4.760   0.540  -4.022   3.875  -0.616  -4.588   6.114   0.672  -4.716   6.505   2.114 0.1550
12       -2.828   4.581  -1.287  -4.156   4.280  -1.813  -4.711   2.998  -1.202  -4.107   4.144  -3.507  -4.364   5.487  -4.124 0.2709
16       -2.972   5.382  -0.192  -4.335   5.557  -0.685  -5.346   4.904   0.252  -4.488   4.910  -2.250  -4.178   5.973  -3.262 0.3018
10        2.568   3.005   3.686   3.341   1.822   4.056   3.350   1.623   5.567   4.933   1.948   3.474   5.012   1.350   2.101 0.3395
11       -2.901   3.755   2.645  -4.016   3.100   3.322  -3.624   1.708   3.805  -5.363   3.001   2.289  -6.213   4.224   2.457 0.3278
21        0.709   7.212   2.299  -0.492   8.044   2.313  -0.407   9.112   3.397  -1.875   7.084   2.547  -2.412   6.647   1.217 0.2343
8         5.825   0.260   3.328   6.186  -0.379   4.591   6.378  -1.880   4.412   4.996  -0.079   5.769   5.336   1.177   6.514 0.3137
14       -2.802   5.224   0.012  -4.146   4.865   0.456  -4.142   3.532   1.195  -5.209   4.794  -0.868  -5.834   6.140  -1.081 0.2958
30        2.561   3.744   3.000   2.911   2.976   4.191   4.028   1.982   3.895   1.546   2.157   4.790   0.835   3.029   5.781 0.2438
20       -1.062   4.919   3.772  -1.215   4.231   5.051  -2.591   4.493   5.654  -0.001   4.720   6.136   1.188   3.815   5.997 0.2237
71        1.133   4.030   3.201   1.812   3.770   4.468   2.915   2.732   4.297   0.698   3.250   5.642   0.160   4.439   6.381 0.1841
29       -1.527   3.166   3.358  -1.985   2.462   4.552  -0.853   1.662   5.186  -3.285   1.433   4.172  -4.576   2.179   4.335 0.2610
18        2.946   2.447   3.523   4.157   1.805   4.025   4.749   0.860   2.985   3.828   0.957   5.461   4.038   1.865   6.637 0.2561
13       -0.552   4.773  -1.763  -1.830   4.417  -2.374  -2.962   5.271  -1.815  -2.166   2.768  -2.126  -1.604   1.968  -3.263 0.3223
34        2.499   0.576   3.797   2.671  -0.733   4.421   2.937  -1.809   3.374   1.297  -1.138   5.337   1.471  -0.645   6.743 0.2132
32       -2.153   5.822  -1.485  -3.282   5.884  -2.410  -4.391   4.927  -1.987  -2.774   5.524  -3.992  -2.368   6.790  -4.686 0.3377
10       -2.234   3.762   2.533  -2.658   2.924   3.650  -2.104   1.510   3.516  -4.354   2.878   3.748  -4.834   3.989   4.634 0.3579
8         0.560   4.842  -2.693  -0.676   5.599  -2.870  -1.528   5.562  -1.607  -1.560   4.992  -4.189  -1.151   5.713  -5.440 0.3269
16        1.076   3.596   3.217   0.284   2.974   4.274   0.793   1.572   4.589  -1.356   2.914   3.830  -2.046   4.162   4.295 0.2814
14       -0.973   4.705   4.128   0.410   4.684   4.596   1.209   3.592   3.895   0.462   4.456   6.280   0.440   5.789   6.966 0.2062
11        0.528   2.951   4.180   1.007   2.171   5.318   1.215   0.711   4.935  -0.086   2.284   6.616   0.288   3.447   7.485 0.2958
15        0.403   5.531   2.583  -0.047   5.345   3.959  -0.377   3.883   4.236  -1.404   6.319   4.277  -0.953   7.652   4.795 0.3209
24       -0.626   5.095   2.177  -0.450   5.460   3.580   0.875   6.181   3.797  -0.531   4.079   4.568  -1.951   3.851   4.993 0.2601
185       3.773   1.506   2.290   4.786   0.477   2.077   4.533  -0.735   2.965   6.339   1.103   2.373   6.902   1.667   1.103 0.1222
21       -3.042   5.036   0.586  -4.488   4.944   0.408  -4.853   3.803  -0.535  -5.108   6.412  -0.186  -5.487   7.296   0.965 0.2975
32       -2.828   5.750   2.541  -3.488   5.376   3.789  -4.966   5.083   3.562  -3.308   6.608   4.947  -2.061   6.367   5.744 0.2125
23        1.442   2.521   5.721   1.063   1.468   6.659  -0.431   1.513   6.959   1.952   1.611   8.101   3.215   0.809   7.992 0.2070
25       -0.362   5.220   4.717  -1.634   5.201   5.434  -1.988   6.587   5.960  -1.575   4.088   6.717  -2.033   2.744   6.234 0.2522
16        3.756   1.335   2.428   4.619   0.158   2.381   4.774  -0.352   0.954   3.997  -1.073   3.376   4.564  -0.935   4.757 0.2093
11        2.929   4.216   2.811   2.920   3.332   3.973   3.001   4.129   5.270   4.208   2.226   3.886   3.757   0.989   3.167 0.2764
14       -0.241   3.810   4.693   0.416   3.589   5.978   0.917   2.155   6.099  -0.647   3.945   7.257  -0.505   5.389   7.637 0.3467
25        4.171   1.772   1.852   5.339   1.052   1.353   5.614  -0.194   2.187   6.704   2.065   1.351   6.800   2.772   0.032 0.2044
24        4.330   2.164  -1.880   5.570   1.467  -1.551   6.162   0.790  -2.782   5.299   0.318  -0.328   5.513   0.955   1.013 0.2834
27        4.035   1.087   2.030   5.056   0.118   1.642   4.502  -1.302   1.665   6.406   0.235   2.669   7.383   1.221   2.102 0.1606
7         2.320   2.754  -3.818   1.280   2.261  -4.717   0.279   1.386  -3.970   1.971   1.389  -6.003   2.260   2.323  -7.141 0.3215
42       -3.518   5.487   1.639  -4.698   4.881   2.249  -5.506   4.099   1.220  -5.671   6.073   2.972  -5.252   6.262   4.399 0.2319
15       -2.860   4.793   1.765  -3.649   4.558   2.970  -3.398   3.162   3.527  -5.305   4.768   2.645  -5.686   6.197   2.892 0.2831
19        4.823   1.456   0.457   5.602   1.428   1.691   5.095   0.345   2.636   5.551   2.943   2.460   6.689   3.790   1.973 0.2175
61       -1.733   4.980   1.901  -2.968   4.514   2.527  -3.902   3.887   1.499  -3.751   5.797   3.321  -3.272   5.873   4.741 0.1966
32        0.735   2.852   3.591   1.268   1.999   4.649   2.035   0.817   4.067   0.013   1.442   5.652  -0.191   2.408   6.781 0.2233
22       -0.838   3.443   4.799  -0.683   2.468   5.874  -1.489   1.206   5.591  -1.160   3.143   7.360   0.023   3.789   8.018 0.3216
37        0.926   3.403   3.465   1.566   2.908   4.680   2.454   1.706   4.382   0.396   2.495   5.841   0.099   3.688   6.699 0.1778
27        2.175   2.717   3.337   3.132   1.915   4.094   2.429   1.086   5.163   4.307   2.914   4.810   5.464   3.078   3.870 0.2125
14        3.742   1.659   2.645   4.796   0.682   2.385   5.221  -0.021   3.669   6.138   1.436   1.663   5.987   1.402   0.171 0.3338
22        0.555   5.833   3.127   1.351   6.717   3.973   2.094   7.754   3.139   2.455   5.815   4.901   1.819   5.436   6.205 0.1836
30       -0.749   3.790   4.749  -1.129   2.783   5.735  -2.644   2.687   5.866  -0.435   3.140   7.246   0.906   2.476   7.350 0.1728
7         1.911   5.908   2.169   0.731   6.705   2.494  -0.482   5.815   2.737   0.402   7.814   1.248   1.124   9.100   1.520 0.1898
51        1.235   3.627   5.341   1.339   2.624   6.397  -0.029   2.049   6.745   2.059   3.295   7.783   3.546   3.113   7.712 0.1942
33       -1.360   5.845   3.068  -2.761   6.090   3.397  -3.621   4.874   3.075  -3.338   7.451   2.557  -3.115   8.681   3.386 0.2517
30        3.070   1.269   3.067   3.962   0.139   3.309   3.233  -1.186   3.118   4.615   0.224   4.876   5.900   0.998   4.841 0.1280
10       -2.622   4.156   2.396  -4.077   4.261   2.459  -4.735   2.905   2.237  -4.641   5.378   1.308  -4.696   6.745   1.923 0.3301
20       -0.177   4.486   2.593  -0.232   4.291   4.039  -0.863   2.949   4.389  -1.101   5.554   4.775  -0.159   6.662   5.141 0.2297
32        4.917   0.869   1.375   5.195  -0.113   2.419   4.420  -1.403   2.180   4.812   0.523   3.948   6.016   1.208   4.522 0.2037
187      -2.132   5.597  -0.816  -3.562   5.304  -0.820  -3.909   4.284  -1.899  -4.459   6.729  -1.054  -4.773   7.345   0.277 0.1574
55       -1.480   4.990   4.285  -1.760   4.353   5.568  -3.223   3.938   5.669  -1.360   5.398   6.849   0.067   5.173   7.252 0.2059
26       -2.193   4.864   4.081  -3.147   4.266   5.010  -3.991   5.335   5.694  -2.335   3.331   6.175  -2.205   1.920   5.682 0.2341
28       -2.214   6.919  -0.314  -3.535   6.921   0.307  -4.308   8.185  -0.051  -3.397   6.781   1.996  -3.417   5.331   2.380 0.2471
24        2.585   3.718   3.401   2.432   2.911   4.608   3.683   2.976   5.474   2.087   1.296   4.201   0.602   1.111   4.106 0.2730
31       -2.517   4.361   4.050  -3.243   3.472   4.953  -4.626   3.143   4.405  -3.378   4.175   6.495  -2.202   3.772   7.333 0.1984
77        3.165   1.972   2.949   4.359   1.141   3.066   5.427   1.570   2.066   3.967  -0.497   2.833   3.623  -1.122   4.152 0.1952
30        0.897   6.627   1.457   0.347   6.981   2.762   1.194   8.051   3.442   0.240   5.605   3.754  -1.099   4.957   3.566 0.2181
37       -0.968   6.673   2.757  -2.361   7.095   2.646  -2.475   8.615   2.646  -3.283   6.441   3.916  -3.840   5.113   3.497 0.2070
78        1.469   2.900   3.358   2.088   2.091   4.405   3.579   1.907   4.147   1.323   0.576   4.513   0.191   0.657   5.494 0.1807
21       -0.268   5.548   1.332  -1.317   5.385   2.335  -0.785   5.664   3.736  -1.971   3.818   2.260  -3.129   3.804   1.307 0.2429
6         2.219   2.283  -3.326   1.114   1.463  -3.816   1.518   0.686  -5.063  -0.243   2.433  -4.147  -1.097   2.533  -2.918 0.2685
8         4.889   4.362   1.451   6.226   3.835   1.709   7.256   4.472   0.784   6.243   2.145   1.525   5.929   1.495   2.840 0.4172
26        0.205   6.338   1.044   0.791   7.302   1.971   2.292   7.083   2.113   0.039   7.194   3.492  -1.131   8.132   3.539 0.2187
7         2.799   3.385  -3.094   1.696   2.950  -3.945   2.186   2.009  -5.040   0.914   4.292  -4.636  -0.197   4.742  -3.735 0.4289
11        4.435   2.217   1.523   5.175   0.959   1.572   4.680   0.075   2.710   6.840   1.256   1.745   7.472   1.367   0.390 0.2041
10       -2.330   5.027  -2.448  -3.035   5.339  -3.688  -4.527   5.056  -3.557  -2.383   4.450  -4.982  -1.279   5.236  -5.623 0.2255
15       -1.004   7.098  -0.963  -2.027   7.455  -1.942  -2.462   8.907  -1.776  -3.371   6.424  -1.799  -3.185   5.234  -2.694 0.3875
9        -0.632   4.223  -1.870  -1.991   4.585  -1.476  -2.894   3.357  -1.430  -2.632   5.740  -2.546  -2.313   7.117  -2.045 0.2605
9         0.583   5.648   4.003   1.996   5.335   4.196   2.347   3.984   3.584   2.385   5.343   5.851   2.820   6.720   6.256 0.3795
23       -3.845   4.903   1.743  -5.177   4.419   2.097  -6.089   5.570   2.505  -5.080   3.278   3.353  -4.932   1.904   2.771 0.2193
9         3.438   3.113  -4.833   4.464   2.122  -5.145   4.768   2.098  -6.638   3.976   0.579  -4.624   4.443   0.356  -3.216 0.2685
50        2.988   1.747   3.156   3.864   0.668   3.604   5.277   1.178   3.857   3.893  -0.587   2.457   2.811  -1.577   2.771 0.1737
91        2.516   2.177   3.293   3.477   1.272   3.917   4.887   1.849   3.867   3.441  -0.248   3.155   2.439  -1.128   3.842 0.1759
6         2.228   2.993  -3.787   2.318   2.037  -4.887   1.204   2.261  -5.903   2.257   0.444  -4.296   3.648  -0.035  -4.004 0.3079
32       -0.774   5.102   2.890  -0.840   5.088   4.348   0.014   6.199   4.947  -0.341   3.578   4.951  -1.527   2.669   5.067 0.2654
45        3.437   2.462   2.911   3.592   1.315   3.800   4.945   1.342   4.501   3.413  -0.137   2.933   1.972  -0.551   2.943 0.2075
32        1.342   5.208   3.269   2.311   5.718   4.235   3.547   6.269   3.534   2.758   4.495   5.328   1.836   4.520   6.511 0.2467
71        4.174   2.633   2.319   4.863   1.556   3.024   6.364   1.602   2.763   4.236   0.046   2.559   3.103  -0.327   3.469 0.1907
12       -2.403   3.612  -1.880  -3.423   2.649  -2.285  -2.801   1.297  -2.616  -4.294   3.233  -3.624  -5.480   4.016  -3.145 0.2624
41        0.615   4.308   2.610   1.179   4.277   3.957   2.514   5.010   4.011   1.373   2.671   4.481   0.128   2.220   5.186 0.1869
22        3.766   1.477   2.552   3.784   0.253   3.348   4.082  -0.963   2.479   2.300   0.046   4.152   2.363   0.707   5.496 0.2061
4        -4.159   4.479   1.017  -4.868   5.614   1.601  -3.897   6.588   2.258  -6.014   5.078   2.737  -7.326   4.842   2.050 0.3906
9        -0.144  -0.866  -4.919  -0.360  -2.282  -5.203   0.831  -2.882  -5.940  -1.778  -2.494  -6.116  -2.944  -2.686  -5.192 0.5887
13        1.556   3.371  -3.197   0.267   3.103  -3.830  -0.085   1.622  -3.752   0.285   3.614  -5.451  -0.176   5.039  -5.532 0.3308
20        0.838   3.909   5.415   0.187   3.279   6.560  -0.710   4.269   7.294   1.347   2.642   7.627   1.649   1.223   7.247 0.2436
49        2.016   5.838   4.208   1.343   6.934   4.899   1.902   7.123   6.304  -0.332   6.650   4.971  -0.993   7.244   3.762 0.1979
7         3.183   1.036  -3.006   4.115  -0.033  -2.659   5.155   0.450  -1.656   4.883  -0.627  -4.055   4.079  -1.757  -4.625 0.3967
21        3.260   1.682   3.086   4.354   0.757   3.365   5.202   0.517   2.122   3.747  -0.720   3.951   3.652  -0.663   5.447 0.1993
19        2.472   4.915   2.666   2.547   4.027   3.822   1.454   4.348   4.834   4.075   4.140   4.558   5.001   3.130   3.948 0.3051
7         3.452   0.600   4.476   3.897  -0.528   5.288   2.849  -1.635   5.311   4.241  -0.019   6.874   5.683   0.384   6.967 0.2583
56        3.332   2.883   2.826   3.935   1.856   3.670   5.278   1.404   3.110   2.889   0.525   3.825   1.997   0.725   5.014 0.1710
30        1.380   5.697   4.432   0.294   6.416   5.092   0.719   7.831   5.465  -0.217   5.576   6.479  -1.313   4.621   6.110 0.2030
10        2.848   4.504   3.385   3.899   4.146   4.333   4.858   5.310   4.555   4.754   2.783   3.783   4.104   1.539   4.310 0.2437
9        -2.761   4.238  -0.326  -3.833   3.452   0.278  -3.433   2.951   1.661  -4.242   2.139  -0.721  -5.326   2.553  -1.671 0.2701
34        3.501  -0.367   3.660   3.724  -1.716   4.174   3.417  -2.765   3.113   2.774  -1.989   5.557   3.544  -1.589   6.780 0.2498
9         5.738   2.949  -1.710   6.882   2.311  -1.065   7.880   1.801  -2.098   6.365   1.031  -0.073   6.102   1.546   1.311 0.2941
11        4.609   4.558   0.163   5.726   3.730   0.609   7.062   4.361   0.232   5.610   2.169  -0.056   4.823   1.289   0.868 0.3052
10        4.677   1.437   0.896   5.201   0.109   1.198   5.461  -0.683  -0.078   4.122  -0.740   2.201   4.462  -0.476   3.638 0.2814
19       -0.341   6.145   1.712  -1.300   6.119   2.813  -2.631   5.526   2.368  -1.537   7.686   3.430  -0.552   7.944   4.532 0.2671
58        2.636   2.003   3.280   3.601   1.037   3.795   4.832   0.959   2.899   2.885  -0.499   3.936   2.281  -0.645   5.301 0.1825
4         3.093   3.149  -3.782   4.182   2.637  -4.609   3.649   2.014  -5.894   5.099   1.497  -3.744   6.214   2.195  -3.024 0.5712
8        -1.714   4.847   0.457  -3.126   4.860   0.085  -3.325   5.480  -1.293  -4.036   5.710   1.243  -4.510   4.759   2.302 0.3627
120      -0.105   3.870   2.781   0.188   3.451   4.148   1.671   3.146   4.324  -0.740   2.088   4.563  -2.038   2.533   5.168 0.1651
162       0.614   4.248   2.790   1.038   4.021   4.169   2.437   3.416   4.219  -0.065   3.006   4.970  -1.127   3.839   5.625 0.1597
7        -3.016   4.334  -1.874  -4.123   3.384  -1.938  -3.989   2.313  -0.861  -4.195   2.660  -3.474  -5.080   3.475  -4.370 0.2127
9         4.972   2.315   4.325   4.861   1.789   5.682   4.191   0.420   5.688   3.991   2.868   6.667   4.941   3.834   7.311 0.3807
20       -0.937   4.610  -0.623  -1.996   4.930   0.330  -1.459   5.765   1.487  -2.712   3.506   0.921  -3.866   3.124   0.042 0.2335
22       -1.782   6.936   2.465  -2.742   6.830   3.560  -3.702   8.014   3.566  -1.932   6.729   5.052  -1.669   5.289   5.381 0.2324
11       -3.504   3.999   1.306  -4.755   3.263   1.152  -5.844   4.149   0.561  -5.262   2.635   2.649  -4.686   1.263   2.836 0.3124
44        1.355   3.701   3.149   2.171   3.323   4.300   3.649   3.276   3.932   1.673   1.816   4.910   0.617   2.024   5.954 0.2084
23       -0.230   6.798   0.598  -0.014   7.859   1.578   1.337   8.533   1.368  -0.117   7.238   3.157  -1.534   7.329   3.639 0.2024
26       -0.103   2.848   3.781  -0.030   2.066   5.012   1.332   1.399   5.159  -1.261   0.894   5.044  -2.484   1.470   5.694 0.2248
39       -3.576   4.681   1.461  -4.732   3.831   1.731  -5.463   3.473   0.443  -5.796   4.600   2.811  -5.427   4.239   4.219 0.2381
17        4.615   0.809  -1.115   5.600  -0.010  -0.414   4.944  -1.224   0.232   6.407   0.912   0.765   7.627   1.541   0.159 0.1925
7         5.057   2.858  -0.812   5.958   1.716  -0.942   7.127   2.041  -1.864   5.115   0.359  -1.524   4.574  -0.428  -0.368 0.3123
6         4.966   0.348   3.680   5.954  -0.613   4.163   7.035  -0.862   3.118   5.200  -2.077   4.584   4.798  -2.036   6.028 0.3445
6         6.670   1.475   0.965   7.224   0.494   1.893   8.745   0.586   1.944   6.749  -1.077   1.450   5.461  -1.422   2.136 0.3503
21       -0.089   4.498   2.487   0.041   4.498   3.942   1.399   5.039   4.371  -0.184   2.929   4.558  -1.636   2.717   4.867 0.1995
48        4.119   2.446   2.259   4.531   1.381   3.169   5.792   0.687   2.666   3.279   0.248   3.361   2.411   0.653   4.515 0.1982
16        2.657   0.977   3.281   3.428  -0.245   3.487   4.131  -0.673   2.204   2.420  -1.496   4.043   2.385  -1.480   5.543 0.2012
13        1.421   4.209   3.386   2.408   4.118   4.458   3.299   2.894   4.281   1.636   4.064   5.972   1.463   5.459   6.494 0.2896
72        3.027   1.695   2.932   4.016   0.623   3.002   3.527  -0.519   3.886   5.497   1.219   3.586   6.341   1.678   2.434 0.1678
30       -1.024   5.451   1.673  -2.198   5.189   2.501  -3.447   5.021   1.645  -2.425   6.446   3.624  -1.684   6.127   4.888 0.2250
19        0.171   6.454   4.339  -0.788   7.419   4.870  -0.614   7.595   6.374  -2.378   6.929   4.520  -2.800   7.506   3.201 0.2358
195      -2.351   4.806  -0.077  -3.715   4.304  -0.220  -3.907   3.613  -1.565  -4.834   5.572  -0.051  -5.226   5.704   1.391 0.1776
28       -1.738   5.000   2.168  -2.976   4.537   2.790  -3.770   3.651   1.838  -3.923   5.860   3.282  -3.567   6.234   4.690 0.2188
129      -2.608   5.352  -0.637  -4.006   5.039  -0.923  -4.121   4.020  -2.051  -4.859   6.453  -1.325  -5.437   7.060  -0.081 0.1663
23        4.326   2.438   2.107   5.061   1.265   2.571   6.554   1.555   2.666   4.788  -0.055   1.534   3.600  -0.832   2.016 0.1899
78        3.376   2.216   2.944   3.883   1.031   3.631   5.405   0.973   3.575   3.220  -0.378   2.950   1.949  -0.729   3.664 0.1722
8         0.829   3.290  -3.883   0.098   2.449  -4.827  -1.309   2.153  -4.322   0.938   0.996  -5.101   1.874   1.171  -6.259 0.4292
22        1.705   5.999   1.905   1.141   6.126   3.246   1.974   7.070   4.105   1.031   4.602   3.991  -0.302   3.989   3.683 0.3028
19        0.333   4.857   4.655   0.994   4.404   5.875   2.497   4.263   5.665   0.336   2.925   6.393  -0.810   3.186   7.325 0.3100
7        -0.835  -0.966  -4.578  -1.339  -2.331  -4.448  -1.283  -3.065  -5.783  -2.932  -2.321  -3.854  -2.907  -2.380  -2.356 0.6023
10        2.864   3.559  -4.496   1.949   3.087  -5.531   2.522   3.329  -6.922   0.439   3.854  -5.381  -0.447   3.043  -4.482 0.4775
6        -2.918   3.772   3.282  -1.659   4.047   3.970  -0.579   3.055   3.555  -1.880   3.998   5.655  -2.243   5.366   6.152 0.4307
13       -0.294   5.983   2.576   0.299   6.809   3.624   1.728   6.371   3.925  -0.642   6.739   5.039  -1.669   7.831   5.010 0.3070
8        -1.374   4.298  -0.525  -2.633   4.195   0.206  -3.623   3.298  -0.528  -3.309   5.737   0.443  -2.811   6.307   1.738 0.3233
21        4.847   2.063   0.155   5.638   0.901  -0.241   6.122   1.031  -1.681   4.729  -0.525  -0.058   4.938  -1.078   1.320 0.2632
35       -3.195   5.299  -0.922  -4.338   4.445  -1.229  -4.140   3.719  -2.555  -5.769   5.362  -1.275  -6.388   5.391   0.091 0.2247
TOTRMS: 0.2255
BEFORE: 1088 0.20514924315268834
AFTER: 600 0.22546344909532173
