3392      0.931   5.443  -0.021   0.172   6.663   0.241   1.033   7.902   0.027  -0.446   6.648   1.825  -1.806   6.016   1.825 0.1127
2836      0.628   5.262   0.508  -0.277   6.265   1.061   0.416   7.616   1.194  -0.869   5.762   2.573  -2.137   4.985   2.381 0.1494
4585      0.889   5.632  -0.221   0.233   6.937  -0.209   1.104   7.994  -0.878  -0.131   7.404   1.385  -1.501   6.913   1.749 0.1259
2952      1.396   5.091   0.745   0.857   6.105   1.647   1.543   7.449   1.435   1.027   5.611   3.265  -0.193   4.846   3.685 0.1453
5156      0.449   5.565   0.531  -0.352   6.742   0.851   0.180   7.979   0.137  -0.377   7.004   2.531  -1.539   6.272   3.134 0.1357
3168      0.148   5.215   1.003  -0.767   6.205   1.564  -0.311   7.622   1.236  -0.893   6.008   3.248  -2.013   5.061   3.559 0.1318
2137      0.199   5.122   0.866  -0.801   5.970   1.508  -0.332   7.419   1.572  -1.146   5.399   3.072  -2.280   4.420   3.007 0.1420
3120      0.566   5.063   1.089  -0.264   5.924   1.927   0.238   7.363   1.901  -0.295   5.345   3.525  -1.438   4.388   3.688 0.1360
2526      0.729   5.568   0.441  -0.054   6.717   0.887  -0.091   7.804  -0.180   0.581   7.342   2.335  -0.077   6.668   3.502 0.1462
1661      0.443   4.757   1.405  -0.421   5.389   2.397  -0.112   6.876   2.528  -0.251   4.623   3.906  -1.246   3.506   4.014 0.1850
4128      0.619   5.175   0.736  -0.180   6.263   1.293   0.193   7.598   0.659   0.019   6.342   2.979  -1.014   5.482   3.645 0.1390
3997      0.411   5.581   0.598  -0.400   6.739   0.962   0.295   8.039   0.577  -0.734   6.727   2.630  -2.011   5.981   2.879 0.1229
1481      2.214   4.725   1.283   2.375   5.415   2.560   3.020   6.782   2.367   3.305   4.477   3.629   2.401   3.587   4.429 0.2146
4215      0.969   5.200   0.606   0.214   6.224   1.323   0.904   7.580   1.232   0.012   5.780   2.952  -1.256   4.994   3.103 0.1352
2184      1.099   5.726  -0.824   0.552   7.037  -1.162   1.659   8.007  -1.559  -0.332   7.666   0.147  -1.766   7.239   0.033 0.1571
1545      0.356   5.226   0.440  -0.688   6.153   0.868  -0.090   7.366   1.571  -1.792   5.369   1.895  -2.903   4.778   1.078 0.1940
1224      1.262   4.433   1.929   0.892   4.838   3.282   1.202   6.312   3.518   1.702   3.881   4.430   0.867   2.678   4.756 0.2050
1993      0.454   5.618   0.018  -0.437   6.769   0.136   0.351   8.050   0.385  -1.560   6.523   1.388  -2.786   5.859   0.836 0.1339
1372      1.174   4.775   1.727   0.711   5.501   2.906   0.492   6.976   2.592   1.824   5.335   4.181   1.467   4.132   5.003 0.1939
3949      1.002   5.523  -0.110   0.298   6.785   0.102   1.133   7.966  -0.380  -0.092   6.978   1.745  -1.445   6.387   2.010 0.1139
2396      0.144   5.440   0.444  -0.858   6.454   0.758  -0.211   7.815   0.981  -1.751   6.000   2.132  -2.950   5.204   1.710 0.1412
2913      1.059   5.332   0.228   0.347   6.526   0.676   1.286   7.723   0.764  -0.388   6.248   2.183  -1.775   5.719   1.973 0.1472
1653      0.042   5.143   0.735  -1.051   5.944   1.279  -0.596   7.370   1.567  -1.663   5.229   2.694  -2.772   4.284   2.338 0.1712
3244      0.424   5.752   0.261  -0.398   6.954   0.369  -0.185   7.875  -0.826  -0.052   7.782   1.813  -0.953   7.285   2.903 0.1374
2788      1.175   5.690  -0.883   0.584   6.996  -1.156   1.554   7.889  -1.922   0.119   7.751   0.295  -1.297   7.379   0.620 0.1416
3738      1.101   5.330   0.762   0.511   6.430   1.520   1.215   7.747   1.216   0.577   6.104   3.187  -0.670   5.384   3.606 0.1250
3771      0.784   5.700  -0.208   0.118   6.998  -0.241   1.093   8.106  -0.621  -0.593   7.339   1.266  -2.000   6.820   1.284 0.1310
321      -0.557   4.615  -0.623  -1.330   5.761  -0.151  -2.784   5.664  -0.596  -0.643   7.211  -0.713   0.363   7.707   0.283 0.3099
3668      0.652   5.808  -0.354  -0.073   7.067  -0.507   0.608   7.972  -1.527  -0.199   7.865   0.989  -1.456   7.432   1.683 0.1347
1243      0.463   5.498   0.191  -0.469   6.600   0.407   0.158   7.686   1.274  -1.901   6.034   1.126  -2.881   5.653   0.056 0.2283
1627      0.903   4.958   0.884   0.086   5.753   1.796   0.755   7.086   2.111  -0.204   4.893   3.234  -1.465   4.092   3.092 0.1935
967       1.807   5.068   2.112   1.770   5.972   3.258   1.811   7.428   2.810   3.067   5.649   4.309   2.645   4.631   5.326 0.1851
3836      0.759   5.383   0.273  -0.075   6.503   0.698   0.672   7.825   0.566  -0.593   6.283   2.302  -1.897   5.542   2.310 0.1110
532       0.072   4.133   1.612  -0.012   4.704   2.953  -0.725   3.755   3.910  -0.816   6.202   2.910   0.183   7.300   2.700 0.3280
309       2.678   4.368  -1.862   2.587   5.173  -3.077   3.844   6.012  -3.275   1.217   6.179  -3.021   0.046   5.463  -3.624 0.2903
4106      0.812   5.611   0.003   0.141   6.905   0.090   0.818   7.936  -0.805   0.118   7.454   1.699  -1.127   6.965   2.377 0.1317
2835      1.444   5.352  -0.160   0.901   6.687   0.073   1.764   7.754  -0.591   0.773   6.994   1.740  -0.576   6.556   2.227 0.1358
1033      1.467   5.030   1.653   1.165   5.857   2.818   0.577   7.200   2.399   2.564   6.099   3.753   2.674   5.011   4.779 0.1972
3851      1.425   5.295   0.117   0.832   6.536   0.606   1.723   7.732   0.292   0.554   6.441   2.281  -0.822   5.897   2.529 0.1292
3264      1.105   5.370   0.162   0.448   6.630   0.498   0.950   7.763  -0.388   0.702   7.013   2.135  -0.401   6.425   2.963 0.1389
2003      1.468   5.349  -0.199   0.894   6.682  -0.035   1.240   7.578  -1.218   1.439   7.389   1.412   0.496   7.041   2.525 0.1569
1523      1.749   4.613   1.752   1.660   5.129   3.115   1.929   6.629   3.152   2.753   4.315   4.131   2.079   3.117   4.732 0.1903
1638      0.634   5.488   0.071  -0.256   6.620   0.307   0.516   7.827   0.829  -1.481   6.192   1.406  -2.661   5.653   0.653 0.1600
1214      0.885   5.763  -0.670   0.269   7.048  -0.987   1.270   8.188  -0.840  -1.079   7.323   0.012  -2.309   6.774  -0.646 0.1754
2002      1.101   5.500   1.262   0.640   6.697   1.958   1.042   7.960   1.204   1.262   6.741   3.540   0.310   6.051   4.471 0.1517
454       1.208   5.569  -0.514   0.523   6.858  -0.498   0.750   7.584   0.823  -1.142   6.650  -0.770  -1.421   6.723  -2.242 0.2639
3638      1.297   5.411   0.342   0.752   6.649   0.893   1.490   7.865   0.345   0.837   6.631   2.591  -0.424   6.040   3.148 0.1357
532       0.852   5.430   0.339   0.150   6.655   0.712  -1.224   6.345   1.294  -0.005   7.684  -0.633   1.182   8.598  -0.703 0.3019
2518      0.658   5.057   1.569  -0.025   5.904   2.542   0.254   7.379   2.278   0.449   5.495   4.122  -0.470   4.440   4.663 0.1438
3102      0.174   5.351   0.682  -0.766   6.380   1.117  -0.144   7.768   1.018  -1.276   6.082   2.711  -2.505   5.222   2.690 0.1240
1945      1.375   4.654   1.518   0.980   5.314   2.759   1.684   6.656   2.916   1.319   4.318   4.095   0.130   3.451   4.387 0.1888
2612      1.430   4.899   1.517   1.112   5.693   2.701   1.590   7.132   2.541   1.810   4.998   4.087   0.844   4.028   4.699 0.1522
2979      0.767   5.108   1.426   0.110   5.975   2.399   0.629   7.405   2.300   0.340   5.380   3.975  -0.778   4.443   4.324 0.1295
1428      0.771   5.484   1.157   0.071   6.547   1.872  -0.314   7.681   0.930   1.035   7.143   3.140   0.756   6.363   4.390 0.1596
579       1.212   5.673  -1.179   0.534   6.904  -1.574   1.132   8.113  -0.864  -1.130   6.797  -1.241  -1.844   6.234  -2.434 0.2388
3344      0.457   5.619   0.330  -0.377   6.794   0.563  -0.057   7.901  -0.436  -0.169   7.364   2.151  -1.165   6.701   3.055 0.1358
2734      0.398   5.782  -0.076  -0.478   6.948   0.005   0.232   8.204  -0.486  -1.021   7.172   1.601  -2.303   6.419   1.803 0.1261
551       0.776   5.813  -0.580   0.006   7.043  -0.748  -0.563   7.521   0.583  -1.250   6.807  -1.869  -0.759   7.138  -3.247 0.2613
1511      0.523   5.702   0.319  -0.338   6.848   0.598  -0.616   7.646  -0.671   0.371   7.851   1.774  -0.075   7.414   3.138 0.1400
469       0.423   4.944   0.665  -0.617   5.757   1.289  -0.021   6.733   2.297  -1.769   4.764   2.050  -2.862   4.432   1.080 0.3343
329       1.936   5.016   1.408   1.884   5.749   2.670   0.763   6.782   2.659   3.373   6.508   2.978   4.255   5.580   3.760 0.2709
1654      1.717   5.351  -0.560   1.292   6.747  -0.607   2.168   7.556  -1.557   1.332   7.433   0.948   0.002   7.238   1.614 0.1675
802      -0.614   4.524  -0.561  -1.447   5.574   0.018  -2.859   5.069   0.288  -1.498   6.926  -1.011  -0.383   7.865  -0.659 0.2277
3554      1.050   5.357   1.021   0.505   6.451   1.819   1.035   7.797   1.339   0.879   6.229   3.463  -0.215   5.443   4.122 0.1391
4382      0.706   5.147   0.440  -0.087   6.292   0.878   0.550   7.604   0.433  -0.268   6.277   2.569  -1.505   5.510   2.932 0.1187
2221      1.700   5.051   0.803   1.356   6.065   1.795   1.960   7.416   1.430   1.885   5.589   3.339   0.799   4.812   4.022 0.1541
2536      1.195   5.141   1.367   0.725   6.122   2.341   0.875   7.541   1.805   1.575   5.959   3.805   0.852   4.995   4.697 0.1588
2218      1.072   5.620  -0.401   0.358   6.893  -0.375   1.318   8.056  -0.153  -0.833   6.880   0.838  -2.124   6.374   0.266 0.1553
761       0.692   5.617   0.860  -0.076   6.679   1.503  -0.803   7.533   0.472   0.941   7.653   2.456   1.003   7.100   3.848 0.1810
399       2.500   3.189  -2.131   3.820   3.227  -2.754   4.172   4.639  -3.209   3.885   2.156  -4.073   4.344   0.809  -3.601 0.3119
3666      0.360   5.437   0.317  -0.499   6.591   0.568   0.247   7.896   0.316  -1.089   6.555   2.162  -2.388   5.807   2.197 0.1150
100       4.316   1.474  -0.737   5.435   1.503  -1.675   4.964   1.239  -3.100   6.614   0.362  -1.229   7.605   1.003  -0.304 0.5171
2321      0.450   5.229   1.223  -0.371   6.182   1.964  -0.430   7.527   1.249   0.231   6.385   3.541  -0.418   5.390   4.456 0.1659
3977      0.503   5.415   0.956  -0.261   6.516   1.537   0.365   7.862   1.190  -0.368   6.339   3.224  -1.593   5.545   3.567 0.1207
54       -3.239   1.570  -0.291  -4.316   1.246  -1.222  -5.545   2.110  -0.962  -4.725  -0.400  -1.107  -3.895  -1.190  -2.074 0.5133
1484      0.449   4.811   0.885  -0.494   5.638   1.632  -0.442   7.088   1.165  -0.172   5.550   3.299  -0.959   4.424   3.901 0.1893
1067      1.462   5.242   0.346   0.867   6.433   0.946   0.647   7.522  -0.098   1.851   7.019   2.202   1.441   6.382   3.497 0.1734
200       2.467   4.540   1.219   2.775   5.062   2.548   4.269   4.984   2.836   1.906   4.209   3.736   0.588   4.885   3.972 0.4407
3336      0.374   5.621   0.239  -0.438   6.827   0.372   0.429   8.080   0.338  -1.338   6.780   1.814  -2.666   6.131   1.554 0.1313
225       0.151   5.781   0.003   1.201   6.011   0.991   0.936   5.221   2.268   1.328   7.669   1.347   2.315   8.306   0.415 0.4036
643      -0.335   4.576  -1.044  -1.098   5.799  -0.811  -2.501   5.482  -0.305  -1.186   6.723  -2.235  -0.026   7.672  -2.288 0.2449
2785      1.330   5.386  -0.368   0.727   6.713  -0.283   1.750   7.801  -0.586   0.051   6.960   1.258  -1.379   6.507   1.255 0.1478
157       3.636   3.648  -1.412   4.399   3.879  -2.635   5.242   5.145  -2.526   3.357   3.986  -3.974   3.162   2.623  -4.567 0.3669
334       0.674   5.338   0.694  -0.147   6.381   1.302   0.073   6.443   2.809  -1.792   6.113   0.964  -2.162   6.816  -0.308 0.3659
1125      1.642   4.991   1.526   1.505   5.667   2.813   1.223   7.153   2.624   2.909   5.454   3.748   2.768   4.218   4.586 0.1924
189       2.569   4.557   1.132   3.045   5.100   2.401   3.192   4.001   3.447   1.987   6.305   2.965   2.422   7.640   2.437 0.4908
107      -0.593   3.934   1.334  -1.154   4.599   2.507  -0.487   4.110   3.787  -2.833   4.342   2.588  -3.543   5.437   1.850 0.4686
806       2.715   4.532   1.633   3.392   5.050   2.819   3.713   6.531   2.665   4.816   4.172   3.120   4.509   3.013   4.022 0.2385
1616      1.715   5.174   1.276   1.572   6.241   2.262   1.982   7.587   1.678   2.501   5.898   3.645   1.670   5.124   4.626 0.1762
78        0.635   5.003   1.196   1.931   4.877   1.857   1.802   5.080   3.362   3.037   5.995   1.210   3.765   5.368   0.058 0.5160
407       1.993   3.192  -2.342   3.028   3.281  -3.368   2.797   4.481  -4.278   3.077   1.852  -4.287   4.036   0.885  -3.659 0.3668
564       0.728   5.217   0.485  -0.154   6.208   1.095  -0.827   5.650   2.343  -1.328   6.723  -0.021  -0.813   7.911  -0.778 0.2949
199       5.018   2.371   0.241   6.396   1.890   0.229   7.375   3.033  -0.014   6.595   0.689  -0.958   6.320  -0.658  -0.359 0.3361
422       2.393   4.458   1.740   2.701   4.920   3.091   2.109   6.301   3.347   4.382   4.951   3.338   4.832   3.628   3.882 0.2713
56        5.223   2.537   0.717   6.591   2.220   1.117   7.299   1.396   0.048   6.597   1.384   2.598   6.685   2.367   3.727 0.3551
354       3.243   2.219  -1.959   4.643   1.903  -2.229   5.061   2.398  -3.609   4.907   0.228  -2.107   5.288  -0.117  -0.698 0.3408
605       0.721   5.855   0.043  -0.029   7.041   0.448  -0.799   6.790   1.738  -1.097   7.518  -0.786  -0.406   8.486  -1.699 0.2430
487       2.154   4.813  -0.989   1.624   6.067  -1.515   2.668   7.175  -1.451   0.230   6.529  -0.657  -0.982   5.946  -1.321 0.2587
225       3.447   4.084   0.868   4.760   4.309   1.464   5.121   5.790   1.456   5.947   3.415   0.639   6.089   2.064   1.275 0.3646
39        0.290   1.987  -3.411   0.404   1.538  -4.796   1.864   1.416  -5.215  -0.414   2.607  -5.835  -1.836   2.158  -5.995 0.7262
TOTRMS: 0.1601
BEFORE: 1849 0.09348248459589147
AFTER: 100 0.16006076440778075
