40        0.111   5.320   2.494  -0.925   4.996   3.470  -1.053   6.094   4.519  -0.588   3.508   4.220  -1.228   2.399   3.440 0.2370
39        3.215   2.728   3.034   3.442   1.665   4.009   4.932   1.448   4.247   2.717   0.218   3.489   1.311   0.148   4.008 0.2544
253      -3.259   5.962   1.047  -4.679   5.838   1.367  -5.329   7.207   1.519  -4.889   4.932   2.790  -5.024   3.479   2.443 0.1563
158      -3.408   6.412   0.379  -4.865   6.425   0.461  -5.415   7.830   0.249  -5.380   5.818   1.964  -5.578   4.335   1.863 0.1705
18        0.495   5.059   2.963  -0.218   4.560   4.135   0.522   4.913   5.420  -0.430   2.876   4.028  -1.727   2.578   3.336 0.2821
79       -0.610   6.015   2.049  -1.649   5.905   3.069  -1.785   7.204   3.855  -1.310   4.617   4.125  -1.943   3.362   3.602 0.2360
65       -3.249   5.138   1.981  -4.483   4.638   2.579  -5.377   5.785   3.035  -4.134   3.613   3.891  -4.010   2.201   3.402 0.2010
66        0.206   3.504   5.290  -0.388   2.808   6.427  -0.681   3.773   7.570   0.639   1.564   6.964   0.304   0.293   6.241 0.2382
63       -3.155   5.927   1.047  -4.542   5.683   1.431  -4.654   4.469   2.345  -5.510   5.465   0.051  -6.054   6.790  -0.393 0.2593
74        0.369   6.372   2.024  -0.509   6.524   3.181  -0.093   7.718   4.032  -0.502   5.107   4.121  -1.587   4.187   3.645 0.2251
43       -1.280   7.518   1.992  -2.472   8.219   1.522  -2.885   9.313   2.499  -3.753   7.124   1.297  -3.725   6.604  -0.109 0.2302
13       -2.530   5.109   1.424  -3.893   4.586   1.440  -4.218   3.942   2.783  -4.111   3.459   0.186  -4.590   4.168  -1.046 0.3128
7        -3.155   3.683   0.217  -4.231   2.907  -0.393  -5.197   2.384   0.663  -3.592   1.613  -1.292  -3.353   2.055  -2.705 0.6001
52       -1.957   4.840   3.729  -2.304   4.260   5.023  -3.274   3.095   4.860  -2.979   5.442   6.042  -1.889   6.102   6.833 0.3174
15       -1.888   4.952   2.348  -2.913   4.379   3.215  -2.424   4.287   4.656  -3.371   2.840   2.656  -4.515   2.978   1.696 0.3428
13        1.940   3.251   4.497   2.085   2.181   5.480   1.770   2.681   6.885   3.659   1.539   5.429   3.703   0.402   4.452 0.2979
21        2.614   3.401   3.158   2.519   2.602   4.376   3.726   1.684   4.526   1.086   1.687   4.376  -0.012   2.476   5.023 0.2948
29       -2.374   5.153   3.655  -3.206   4.659   4.749  -4.134   5.750   5.269  -2.235   4.068   6.013  -1.967   2.608   5.797 0.2286
44       -1.839   5.435   0.642  -3.251   5.098   0.796  -3.819   5.688   2.082  -3.463   3.411   0.785  -3.690   2.945  -0.622 0.2060
68       -1.322   5.908   1.950  -2.508   5.752   2.787  -2.601   6.868   3.820  -2.490   4.239   3.563  -3.186   3.227   2.702 0.2314
15        2.615   1.004  -3.903   1.857   0.401  -4.996   2.640  -0.733  -5.647   1.455   1.575  -6.158   0.129   2.185  -5.815 0.2400
58        2.371   1.092   3.847   2.778  -0.144   4.510   2.880  -1.293   3.514   1.682  -0.541   5.748   2.133   0.085   7.034 0.2246
129      -3.476   5.762   1.048  -4.909   5.544   1.225  -5.586   6.786   1.793  -5.185   4.212   2.244  -5.280   2.963   1.419 0.1668
38        0.397   5.677   3.093  -0.182   5.268   4.369  -0.125   6.401   5.387   0.623   3.898   4.974  -0.054   2.658   4.473 0.2230
95       -3.417   6.315   0.494  -4.873   6.299   0.603  -5.487   7.522  -0.067  -5.345   6.229   2.235  -5.478   4.796   2.657 0.1890
92       -2.561   6.639   0.551  -3.930   6.662   1.057  -4.496   8.077   1.044  -3.992   6.023   2.631  -4.234   4.544   2.561 0.1783
22        3.186   6.583   0.676   2.997   7.352   1.902   4.211   8.225   2.196   2.696   6.312   3.214   1.219   6.084   3.342 0.3160
43       -1.065   7.300   0.495  -2.057   7.585   1.527  -2.552   9.024   1.430  -1.406   7.296   3.071  -1.669   5.873   3.466 0.2356
38       -1.803   7.186   0.724  -3.187   7.489   1.077  -3.503   8.962   0.844  -3.491   7.077   2.698  -3.971   5.658   2.771 0.2494
59       -1.420   6.432  -0.068  -2.859   6.507   0.166  -3.185   7.503   1.273  -3.477   4.973   0.563  -3.899   4.265  -0.690 0.2177
39       -0.829   7.362  -0.470  -2.146   7.749   0.028  -2.354   9.255  -0.083  -2.340   7.250   1.641  -2.933   5.872   1.671 0.2483
34        3.226   0.938   4.146   3.492  -0.162   5.069   4.709  -0.966   4.628   2.134  -1.178   5.189   1.248  -0.698   6.299 0.2254
148      -3.094   5.708   1.334  -4.424   5.397   1.850  -5.108   6.647   2.392  -4.326   4.212   3.065  -4.444   2.851   2.447 0.1799
47       -3.104   6.348   0.929  -4.451   6.283   1.491  -5.325   7.410   0.954  -4.389   6.351   3.189  -4.285   4.961   3.742 0.2208
15       -3.975   5.340   1.109  -5.412   5.103   1.014  -6.178   5.969   2.007  -5.763   3.461   1.281  -5.738   2.726  -0.026 0.2940
31       -2.065   5.769   2.966  -2.949   5.339   4.045  -4.388   5.211   3.559  -2.869   6.430   5.348  -1.793   5.995   6.298 0.2873
59        4.302   1.182   1.870   4.239   0.226   2.972   4.035  -1.193   2.456   2.990   0.641   4.048   3.527   1.555   5.109 0.1728
38       -2.110   6.107   2.180  -3.285   5.880   3.018  -4.120   7.149   3.147  -2.818   5.330   4.557  -2.754   3.831   4.554 0.2300
32       -0.976   7.856  -0.867  -2.350   8.235  -0.552  -2.389   9.486   0.318  -3.154   6.957   0.228  -3.819   6.085  -0.795 0.2677
55       -1.245   6.177  -0.090  -2.690   6.077   0.092  -3.144   6.857   1.321  -3.160   4.449   0.229  -3.475   3.904  -1.132 0.2290
30       -2.830   5.561   0.982  -4.239   5.260   1.213  -4.795   6.086   2.368  -4.448   3.602   1.529  -4.690   2.875   0.240 0.2308
27        1.604   4.668   3.107   1.309   4.331   4.496   2.371   3.402   5.073  -0.225   3.609   4.618  -1.261   4.670   4.845 0.3692
92       -1.465   3.739   4.570  -2.292   2.981   5.504  -2.848   3.881   6.601  -1.397   1.709   6.192  -1.543   0.480   5.345 0.2356
15        2.435   1.617   3.537   3.233   0.518   4.073   4.341   0.121   3.105   2.244  -0.823   4.411   1.745  -0.734   5.822 0.2940
52       -3.614   6.160   0.205  -5.064   6.024   0.095  -5.772   7.280   0.587  -5.601   4.670   0.972  -5.601   3.464   0.081 0.2162
6         4.447   4.037   2.839   4.063   2.727   2.319   4.110   1.668   3.414   5.079   2.280   1.031   4.490   2.764  -0.261 0.2925
22       -1.591   6.578   2.785  -2.920   7.118   2.513  -2.897   8.641   2.478  -4.030   6.578   3.682  -4.655   5.294   3.224 0.2596
27       -2.306   6.985   0.024  -3.757   6.998   0.187  -4.143   7.158   1.653  -4.437   5.574  -0.444  -4.778   5.781  -1.890 0.3376
36        0.702   7.014   0.248  -0.442   7.642   0.905   0.013   8.625   1.977  -1.456   6.461   1.588  -2.489   6.047   0.583 0.2835
5        -5.860   3.180  -1.298  -7.014   4.015  -0.977  -6.592   5.453  -0.701  -7.849   3.384   0.363  -8.901   2.425  -0.110 0.3531
45       -0.813   6.971   0.367  -2.116   7.207   0.983  -2.160   8.566   1.672  -2.475   5.975   2.099  -3.206   4.867   1.402 0.2425
14       -0.130   4.374   3.052   0.145   4.253   4.481   1.596   4.599   4.793  -0.209   2.680   5.022  -1.637   2.617   5.474 0.3088
79       -3.108   6.446   0.521  -4.560   6.414   0.677  -5.112   7.807   0.956  -4.998   5.351   1.928  -5.209   3.976   1.366 0.1688
21        1.785   4.102   4.920   1.657   3.322   6.148   2.722   3.717   7.163   1.764   1.659   5.807   0.393   1.116   5.532 0.3097
30       -1.398   7.330   1.731  -2.443   8.085   1.046  -3.187   8.996   2.015  -3.536   7.028   0.283  -3.070   6.751  -1.115 0.2958
27        1.528   6.396   1.889   0.942   6.727   3.185   1.611   7.954   3.793   1.068   5.406   4.248  -0.151   4.542   4.119 0.2291
31       -1.748   3.932   3.328  -2.765   3.253   4.125  -3.072   4.029   5.400  -2.261   1.675   4.510  -2.723   0.728   3.442 0.3205
39       -0.172   4.719   5.114  -0.800   4.262   6.351  -1.204   5.440   7.229   0.251   3.233   7.204   0.020   1.814   6.774 0.2616
67       -2.320   5.980   1.145  -3.684   5.800   1.633  -4.114   6.972   2.508  -3.816   4.345   2.503  -4.196   3.236   1.567 0.1918
24       -1.419   4.941   4.289  -1.715   4.444   5.630  -3.173   4.690   5.997  -0.693   5.178   6.773   0.549   4.353   6.936 0.2741
30       -2.062   4.468   4.282  -3.182   3.999   5.094  -3.525   5.003   6.188  -2.823   2.486   5.782  -3.273   1.396   4.855 0.2471
35       -3.347   5.304   1.209  -4.727   4.908   1.473  -4.798   3.878   2.593  -5.446   4.287   0.063  -6.101   5.402  -0.697 0.2866
7        -0.463   4.564  -1.532  -1.686   5.190  -1.038  -1.418   6.609  -0.552  -2.364   4.262   0.214  -3.322   3.265  -0.365 0.2550
29       -0.016   6.729   3.322  -1.286   7.409   3.559  -1.159   8.436   4.678  -2.501   6.282   3.938  -3.181   5.836   2.677 0.2761
28       -2.434   5.405   3.479  -3.598   5.013   4.269  -4.768   5.959   4.027  -3.208   4.978   5.923  -2.721   3.608   6.293 0.2809
63        0.392   2.787   3.661   0.524   1.954   4.853   1.685   0.977   4.714  -0.920   1.106   5.146  -1.809   1.925   6.036 0.2314
72       -1.655   4.270   4.539  -2.658   3.737   5.456  -3.258   4.843   6.316  -1.977   2.533   6.445  -2.132   1.196   5.783 0.2331
42       -0.587   6.548  -1.301  -2.015   6.853  -1.299  -2.332   7.990  -0.336  -2.916   5.471  -0.887  -3.263   4.711  -2.132 0.1960
32        0.140   3.400   5.213  -0.194   2.380   6.203  -1.649   2.495   6.642   0.834   2.504   7.552   2.045   1.646   7.340 0.3517
66        0.042   5.699   2.787  -0.659   5.457   4.045  -0.147   6.380   5.145  -0.484   3.834   4.518  -1.607   3.022   3.945 0.2289
23       -1.479   4.821   2.326  -2.500   4.385   3.273  -3.249   5.575   3.861  -1.798   3.465   4.519  -1.796   2.016   4.131 0.2819
8         1.770   3.399   5.269   1.476   4.208   6.448   0.471   3.508   7.356   0.883   5.734   5.989   2.028   6.691   5.841 0.3594
6        -0.731   3.051   3.760  -0.874   2.034   4.797  -2.150   1.224   4.600  -0.872   2.753   6.338   0.535   2.825   6.854 0.3349
12       -1.405   5.883   3.016  -2.390   5.575   4.049  -1.782   4.708   5.146  -3.738   4.794   3.368  -4.754   5.817   2.958 0.4556
18        2.191   5.335   3.499   2.209   5.949   4.824   3.322   6.985   4.933   2.399   4.761   6.026   1.051   4.276   6.467 0.3619
66       -1.649   6.568   1.029  -2.932   6.586   1.727  -3.298   7.998   2.167  -2.889   5.548   3.073  -3.336   4.177   2.662 0.1942
15       -0.364   4.469   4.901  -0.569   3.718   6.136  -1.393   4.520   7.136   0.925   3.287   6.824   1.353   1.951   6.294 0.2691
23       -1.820   6.572   2.258  -2.351   6.567   3.618  -3.267   7.762   3.855  -1.082   6.572   4.751  -0.706   5.159   5.085 0.2871
114      -3.272   6.130   0.877  -4.664   6.017   1.302  -5.419   7.319   1.063  -4.750   5.586   2.944  -4.778   4.091   3.068 0.1723
5        -0.229   2.044   3.924  -0.221   0.887   4.814  -0.210  -0.415   4.023  -1.568   0.927   5.851  -1.211   1.669   7.105 0.2075
9         6.742   0.784   2.093   6.947  -0.474   2.805   8.364  -0.996   2.600   5.817  -1.636   2.294   4.592  -1.556   3.155 0.3536
21        2.824   1.215   3.476   3.682   0.112   3.898   3.304  -1.181   3.184   3.586  -0.103   5.582   4.636   0.732   6.253 0.2258
14        3.760   1.127   2.623   4.822   0.125   2.606   4.258  -1.268   2.355   5.686   0.151   4.070   6.834   1.109   3.956 0.2633
37        2.993   1.229   3.461   3.025   0.009   4.262   3.108  -1.228   3.375   1.653  -0.082   5.261   1.948   0.575   6.577 0.2482
57       -0.407   4.811  -1.022  -1.854   4.762  -1.213  -2.548   5.869  -0.427  -2.463   3.245  -0.746  -2.458   2.320  -1.927 0.1806
16       -1.505   5.469   3.009  -2.641   5.159   3.872  -2.203   5.011   5.324  -3.413   3.737   3.348  -4.487   4.086   2.362 0.3311
22        0.426   5.834   1.684  -0.488   5.659   2.809   0.231   5.862   4.138  -1.199   4.115   2.761  -2.471   4.175   1.969 0.2734
73       -3.561   4.858   1.617  -4.908   4.405   1.951  -5.694   5.500   2.664  -4.843   3.010   2.920  -4.846   1.792   2.043 0.2201
42       -0.633   6.666   1.485  -1.621   6.581   2.556  -2.013   7.968   3.052  -1.021   5.649   3.845  -1.390   4.211   3.635 0.2468
52       -2.648   4.818   2.228  -3.817   4.265   2.905  -4.672   5.370   3.515  -3.339   3.165   4.110  -3.251   1.788   3.524 0.2585
26        0.480   6.762   3.857  -0.636   7.648   4.177  -0.418   8.345   5.514  -2.096   6.776   4.205  -2.713   6.788   2.838 0.2474
22       -1.855   5.257   2.064  -3.079   4.725   2.656  -3.313   5.304   4.046  -3.010   3.028   2.735  -3.580   2.446   1.475 0.3075
67        4.557   2.841   1.911   5.332   1.771   2.532   6.785   1.809   2.074   4.647   0.257   2.174   3.644  -0.100   3.230 0.2150
26       -0.818   5.283   2.712  -1.262   5.126   4.094  -0.893   6.346   4.930  -0.587   3.724   4.779  -1.504   2.561   4.542 0.2419
9        -3.042   5.414   1.705  -2.224   6.238   2.590  -0.900   5.555   2.908  -3.065   6.579   4.028  -3.845   7.849   3.862 0.3169
11        4.206   1.760  -2.287   5.234   0.727  -2.198   5.203  -0.186  -3.419   5.034  -0.189  -0.780   5.819   0.436   0.334 0.2486
24        0.701   6.991   3.233  -0.315   8.028   3.390  -0.499   8.397   4.858  -1.794   7.516   2.728  -1.863   7.921   1.285 0.2578
82       -3.339   5.621   1.236  -4.719   5.368   1.640  -5.593   6.594   1.405  -4.783   4.911   3.277  -4.668   3.420   3.384 0.1941
24        2.697   2.179   3.790   3.579   1.251   4.491   4.529   0.558   3.521   2.669   0.095   5.343   2.394   0.598   6.729 0.2711
17        5.476   2.698  -3.021   6.408   1.587  -2.855   7.385   1.511  -4.023   5.562   0.119  -2.707   5.270  -0.145  -1.259 0.3235
81       -3.460   5.295   1.310  -4.865   4.956   1.516  -5.578   6.037   2.320  -5.005   3.455   2.302  -5.077   2.360   1.280 0.1795
6        -1.043   3.716   2.426  -1.468   3.179   3.715  -2.030   1.770   3.564  -2.629   4.196   4.428  -1.940   5.217   5.284 0.2500
10       -0.383   2.814   4.198  -0.966   1.711   4.957  -2.194   2.169   5.735   0.184   1.049   6.021   0.925  -0.056   5.330 0.5149
19        2.257   2.759   3.259   3.154   1.948   4.079   4.603   2.120   3.641   2.711   0.308   3.998   1.729   0.002   5.089 0.2802
23       -0.241   4.691   2.741  -1.072   3.984   3.711  -1.409   4.877   4.899  -0.291   2.572   4.246  -0.668   1.425   3.356 0.3092
38       -1.871   5.119   2.039  -3.011   4.647   2.820  -3.364   5.634   3.927  -2.682   3.117   3.485  -3.125   2.051   2.529 0.2494
30       -2.623   7.311  -0.543  -4.082   7.328  -0.491  -4.618   8.752  -0.580  -4.634   6.584   0.935  -4.839   5.119   0.688 0.2406
35       -3.459   4.961   2.096  -4.689   4.427   2.674  -5.815   5.453   2.612  -4.428   3.944   4.283  -4.004   2.506   4.311 0.2323
8         5.469  -0.987   2.177   5.579  -2.410   1.867   6.146  -3.187   3.049   6.554  -2.644   0.494   5.698  -2.626  -0.737 0.3634
29        3.031   1.213   3.963   2.634   0.485   5.165   3.558  -0.699   5.420   1.025  -0.048   5.032   0.103   1.000   5.579 0.2916
24        1.624   6.643   0.877   0.746   7.369   1.790   1.450   8.587   2.376   0.212   6.347   3.039  -1.066   5.679   2.627 0.2767
9         2.647   4.073   4.113   2.561   3.696   5.521   2.041   4.852   6.368   4.079   3.189   6.094   4.221   1.710   5.892 0.2304
23       -2.845   4.903   2.042  -3.903   4.171   2.734  -4.856   3.516   1.742  -4.763   5.210   3.770  -4.121   5.207   5.126 0.2581
16       -2.170   4.704   0.129  -3.507   4.327  -0.321  -4.577   4.891   0.606  -3.646   2.634  -0.411  -3.250   2.173  -1.782 0.3140
28       -0.167   3.911   4.233  -0.642   3.102   5.352  -0.205   3.698   6.685  -0.075   1.505   5.213  -1.064   0.688   4.437 0.2883
20       -0.082   5.377   4.669  -0.917   5.264   5.861  -0.735   6.471   6.775  -0.556   3.833   6.706  -1.432   2.723   6.207 0.3114
24       -3.230   5.547   2.274  -4.382   4.966   2.956  -5.459   4.552   1.960  -5.022   6.067   4.082  -4.360   5.864   5.412 0.2595
15        0.634   4.775   4.409   1.289   4.396   5.658   0.651   5.101   6.849   2.950   4.756   5.589   3.696   3.572   5.048 0.3222
106      -3.031   5.918   1.205  -4.314   5.652   1.848  -5.089   6.943   2.081  -4.082   4.837   3.322  -4.098   3.356   3.082 0.1681
27        4.748   0.965  -0.349   5.478   0.186   0.647   4.957  -1.245   0.715   5.364   0.921   2.176   6.503   1.881   2.355 0.1900
17       -1.836   5.802  -0.240  -3.255   5.520  -0.436  -4.015   5.588   0.883  -3.464   3.992  -1.152  -3.471   4.136  -2.645 0.2919
19        2.239   2.378  -3.531   1.245   1.418  -4.000   1.787   0.588  -5.157  -0.178   2.220  -4.473  -1.103   2.332  -3.298 0.3785
69       -3.661   5.201   1.715  -5.046   4.873   2.039  -5.851   6.132   2.341  -5.110   3.809   3.364  -5.080   2.393   2.869 0.1825
22        1.919   2.083   4.711   1.811   0.929   5.598   2.129   1.311   7.038   2.850  -0.315   5.082   2.121  -1.210   4.124 0.2890
16       -0.264   5.220   1.547  -1.558   4.886   2.134  -1.894   5.820   3.291  -1.570   3.271   2.666  -2.046   2.382   1.556 0.3620
19        0.456   5.536   3.389   0.311   5.465   4.840   0.685   6.789   5.495   1.269   4.211   5.472   0.470   2.942   5.510 0.2819
11       -2.252   3.813   3.147  -3.508   3.255   3.639  -3.313   1.833   4.153  -4.688   3.276   2.415  -5.447   4.568   2.474 0.4411
24        1.357   5.347   4.330   0.043   5.641   4.896   0.170   6.405   6.209  -0.833   4.204   5.139  -1.632   3.892   3.909 0.2893
66       -0.043   3.398   5.017  -0.569   2.560   6.091  -0.777   3.368   7.366   0.477   1.255   6.392   0.083   0.090   5.533 0.2125
26        1.441   2.297   3.815   2.081   1.441   4.810   3.146   0.558   4.171   0.922   0.479   5.598   0.413   1.201   6.810 0.2419
57       -3.955   5.291   0.967  -5.405   5.118   0.931  -6.121   6.455   1.084  -5.904   4.046   2.152  -5.905   2.645   1.618 0.1729
16        0.670   5.914   4.524  -0.549   6.427   5.142  -0.389   7.890   5.540  -0.964   5.495   6.501  -1.864   4.371   6.082 0.2485
10        5.256   1.615  -2.409   5.686   0.224  -2.506   7.041   0.115  -3.196   4.530  -0.697  -3.346   3.537  -1.261  -2.372 0.4205
16        3.916   1.014   3.820   4.869   0.048   4.359   5.764  -0.512   3.260   4.050  -1.218   5.145   3.861  -0.869   6.592 0.4110
9         5.843   3.593  -0.050   5.155   2.313  -0.191   5.491   1.379   0.965   5.564   1.580  -1.670   4.594   2.013  -2.728 0.2368
35        0.068   5.285   3.174  -0.560   4.710   4.360  -0.628   5.728   5.493   0.288   3.327   4.869  -0.286   2.114   4.198 0.2452
33       -0.963   5.998   2.831  -2.078   5.645   3.706  -1.908   6.264   5.088  -2.218   3.956   3.836  -3.133   3.445   2.764 0.2805
13        2.313   0.821   4.402   2.254  -0.376   5.235   3.514  -1.220   5.074   0.880  -1.300   4.850  -0.271  -0.866   5.707 0.1968
10       -0.447   4.803   1.609  -1.785   4.616   2.164  -1.735   3.812   3.458  -2.792   3.841   1.034  -3.482   4.872   0.190 0.3186
14       -0.022   4.401  -2.229  -1.437   4.514  -2.569  -2.057   5.753  -1.933  -2.279   3.122  -2.077  -2.277   2.117  -3.191 0.3945
64        4.696   1.099   1.040   4.957   0.206   2.166   4.504  -1.215   1.855   4.177   0.775   3.565   5.097   1.693   4.313 0.1941
22        3.462   0.653   3.343   4.226  -0.542   3.689   4.136  -1.589   2.585   3.674  -1.195   5.158   4.445  -0.592   6.294 0.2240
19        0.849   6.629   2.635   0.594   6.718   4.070   0.545   8.170   4.530   1.787   5.871   4.937   1.350   4.449   5.130 0.3631
39       -0.622   7.185  -0.154  -1.810   7.479   0.643  -2.060   8.980   0.721  -1.649   6.832   2.207  -2.199   5.437   2.230 0.2234
68        4.014   2.535   2.347   4.616   1.410   3.057   6.104   1.297   2.747   3.825  -0.039   2.651   2.692  -0.275   3.605 0.1899
10        2.604   5.388   4.516   2.049   6.170   5.618   2.880   6.001   6.884   0.437   5.718   5.913  -0.480   6.568   5.085 0.2702
23       -0.418   5.684   3.356  -0.922   5.647   4.726  -0.084   6.529   5.643  -0.941   4.050   5.308  -2.265   3.419   4.995 0.2873
46       -3.804   6.125   0.374  -5.226   6.262   0.071  -5.588   7.713  -0.219  -6.167   5.673   1.359  -6.446   4.214   1.148 0.1963
41        0.444   6.978   2.451  -0.748   7.820   2.491  -1.052   8.274   3.914  -2.084   6.987   1.847  -2.170   7.246   0.372 0.2889
61       -3.764   5.871   0.765  -5.222   5.872   0.681  -5.778   7.284   0.820  -5.886   4.863   1.877  -6.035   3.473   1.332 0.1650
14       -0.345   4.662   4.620   0.062   3.994   5.853  -1.125   3.316   6.528   0.783   5.104   6.920   2.261   5.149   6.669 0.3669
11       -3.393   5.061  -0.630  -4.742   4.588  -0.330  -5.025   3.261  -1.024  -5.894   5.748  -0.797  -6.160   6.678   0.349 0.3747
25       -1.043   6.771   2.028  -2.473   7.066   2.004  -2.881   7.905   3.209  -3.375   5.626   1.965  -3.617   5.226   0.539 0.3251
11        4.767   2.614   1.776   5.199   2.503   3.166   4.707   1.203   3.792   4.641   3.832   4.069   5.663   4.929   4.027 0.3234
18        1.818   5.285   5.074   0.912   6.018   5.955   1.671   6.665   7.107  -0.294   4.983   6.558  -1.473   4.996   5.632 0.2828
12        3.671   3.670   4.591   3.833   3.048   5.902   5.175   3.416   6.523   3.691   1.358   5.778   2.257   0.962   5.966 0.3770
37        3.380   1.550   2.721   4.350   0.461   2.774   4.308  -0.246   4.124   5.917   1.046   2.470   6.197   0.984   0.998 0.2495
15       -1.660   3.638   3.810  -1.875   2.986   5.099  -2.375   1.558   4.915  -2.979   3.875   6.037  -2.235   4.876   6.870 0.3295
30       -2.731   4.919   1.908  -3.814   4.234   2.608  -5.092   5.064   2.587  -3.363   3.897   4.212  -2.711   2.548   4.276 0.2804
45       -3.936   6.354  -0.187  -5.329   6.406  -0.621  -5.903   7.808  -0.458  -6.265   5.287   0.254  -6.277   3.973  -0.468 0.2040
42       -0.798   7.141   1.786  -2.081   7.788   1.531  -3.098   7.434   2.610  -2.676   7.346   0.001  -2.184   8.321  -1.027 0.3046
17        1.516   5.002   4.708   1.871   4.331   5.955   1.960   5.325   7.107   3.347   3.504   5.784   3.083   2.104   5.315 0.3494
15        2.994   2.699   2.966   3.261   1.286   3.216   2.872   0.897   4.637   4.902   0.935   2.943   5.096   0.533   1.511 0.2569
10       -1.401   6.317   2.451  -2.035   6.196   3.761  -1.866   4.790   4.325  -3.686   6.589   3.660  -3.867   8.057   3.909 0.4697
9         5.568  -0.266   1.436   5.702  -1.703   1.213   6.927  -2.258   1.930   5.798  -2.038  -0.451   4.419  -2.264  -0.996 0.3614
56        1.937   1.792  -3.471   0.857   1.533  -4.418   1.296   0.551  -5.497   0.331   2.985  -5.130  -0.774   3.575  -4.306 0.1962
6        -0.715   4.999   0.018  -2.110   4.794   0.396  -2.938   4.326  -0.796  -2.767   6.226   1.036  -2.557   6.252   2.521 0.3835
43       -2.707   5.029   3.053  -3.723   4.346   3.850  -5.028   4.209   3.074  -3.994   5.180   5.306  -3.069   4.655   6.363 0.2357
29       -2.599   4.902   2.084  -3.691   4.260   2.811  -5.033   4.888   2.452  -3.429   4.362   4.487  -2.657   3.161   4.947 0.3006
8         1.633   3.723   4.206   1.647   2.881   5.399   0.968   1.542   5.133   0.884   3.675   6.694   1.899   4.468   7.462 0.3566
44       -0.996   5.101   4.184  -1.344   4.471   5.455  -2.811   4.057   5.478  -1.015   5.523   6.749   0.388   5.301   7.229 0.2580
28        2.407   1.905  -3.345   1.452   1.872  -4.448   1.823   0.798  -5.464   1.371   3.391  -5.208   0.311   4.223  -4.551 0.1659
4        -0.383  -0.773  -4.431  -1.055  -2.050  -4.656  -1.705  -2.561  -3.375   0.043  -3.202  -5.252   0.057  -3.151  -6.751 0.4283
7         4.493   2.674   1.590   5.189   1.408   1.798   4.633   0.668   3.008   6.857   1.673   1.993   7.532   1.618   0.654 0.3239
16        2.602   2.162   3.255   1.765   2.415   4.424   1.748   1.211   5.358   0.180   2.804   3.946   0.063   4.289   3.765 0.1885
25        2.204   2.140   3.396   2.961   1.179   4.194   4.384   1.668   4.436   2.986  -0.339   3.429   1.814  -1.151   3.891 0.3146
9         1.854   3.462  -5.073   1.722   2.382  -6.047   2.026   2.875  -7.457   0.158   1.717  -5.987   0.133   0.588  -5.001 0.4982
38        3.861   2.728   2.823   4.484   1.615   3.535   5.992   1.808   3.642   4.138   0.144   2.756   2.876  -0.436   3.322 0.1951
15        2.576   0.526  -4.519   3.944   0.115  -4.821   4.021  -1.383  -5.088   4.985   0.534  -3.543   5.537   1.908  -3.778 0.3698
5         1.967  -0.091  -4.750   2.127  -1.378  -5.420   0.889  -2.248  -5.241   3.500  -2.188  -4.829   4.696  -1.813  -5.654 0.4178
23        1.371   4.631   4.660   0.060   4.574   5.300   0.125   5.090   6.732  -0.541   2.983   5.281  -1.341   2.766   4.031 0.2492
34        4.192   2.358   2.301   4.623   1.133   2.968   5.870   0.558   2.306   3.373  -0.020   2.959   2.535   0.143   4.192 0.2610
18        4.409   2.042  -2.077   5.409   0.979  -2.039   5.877   0.616  -3.443   4.785  -0.396  -1.258   5.079  -0.313   0.210 0.3489
22        0.390   4.519   4.363   0.454   3.753   5.604   0.263   4.656   6.817   1.938   2.931   5.718   1.805   1.572   5.097 0.3132
26        4.638   1.229  -2.388   5.908   0.710  -1.889   6.252  -0.622  -2.545   5.854   0.531  -0.199   6.323   1.798   0.452 0.2474
21       -4.489   4.989   0.514  -5.895   4.886   0.135  -6.358   6.137  -0.602  -6.862   4.628   1.509  -7.006   3.154   1.750 0.3679
41        4.480   3.061   2.834   5.213   1.978   3.484   6.716   2.227   3.439   4.847   0.489   2.749   3.670  -0.134   3.439 0.1932
4        -2.245   1.905  -2.446  -3.069   0.905  -3.119  -4.360   1.522  -3.646  -3.426  -0.379  -2.063  -2.367  -1.434  -2.183 0.4488
7        -0.949   3.255   3.846  -1.078   2.723   5.199  -0.667   1.256   5.255  -2.674   2.903   5.757  -2.814   4.222   6.456 0.3332
26        4.545   1.894   1.580   5.342   0.673   1.661   6.412   0.644   0.576   4.344  -0.697   1.533   3.892  -1.116   2.900 0.2467
20       -1.768   4.043  -3.153  -2.852   3.210  -3.664  -2.645   1.747  -3.288  -2.975   3.366  -5.353  -3.918   4.483  -5.684 0.3251
17        2.957   2.748   3.554   3.256   1.438   4.125   4.253   1.553   5.272   3.862   0.394   2.928   2.726  -0.345   2.286 0.3984
31        3.620   1.990   2.629   4.645   0.976   2.864   6.014   1.463   2.403   4.242  -0.471   2.068   3.430  -1.337   2.986 0.2634
13        4.943   3.371   1.548   5.914   2.403   2.051   7.334   2.946   1.945   5.785   0.937   1.200   4.802   0.041   1.895 0.3545
13        5.432   3.225  -2.006   6.557   2.310  -1.833   7.350   2.163  -3.127   6.009   0.788  -1.309   5.983   0.755   0.190 0.4265
13       -0.704   1.552  -3.678  -1.271   0.223  -3.889  -0.631  -0.462  -5.091  -2.955   0.323  -4.103  -3.636   0.205  -2.772 0.3626
10        3.069   1.823   3.239   2.475   2.231   4.509   2.038   1.020   5.324   1.149   3.261   4.239   1.620   4.684   4.209 0.3917
11        2.460   2.087   3.133   2.409   0.649   3.382   1.872   0.352   4.777   3.951  -0.041   3.191   4.132  -0.476   1.767 0.2546
6         1.918   3.416  -5.098   2.481   2.196  -5.670   1.851   1.883  -7.022   2.262   0.887  -4.607   3.443   0.786  -3.688 0.3894
5         5.908   0.680  -1.017   6.872  -0.297  -0.521   6.720  -1.633  -1.240   6.689  -0.514   1.156   7.569   0.457   1.884 0.3523
TOTRMS: 0.2475
BEFORE: 637 0.18587784302689442
AFTER: 200 0.2475046253048985
