338       0.264   2.401  -0.132   0.998   3.662  -0.184   1.823   3.869   1.080  -0.073   4.964  -0.402  -0.259   5.220  -1.868 0.0935
19        0.309   2.313   0.524   0.918   3.639   0.469   1.128   4.206   1.868  -0.045   4.697  -0.450   0.380   4.638  -1.887 0.1238
61        0.270   2.397   0.024   0.998   3.662   0.054   0.679   4.449   1.320   0.626   4.593  -1.320   1.594   4.269  -2.420 0.1179
193       0.893   1.987  -1.078   1.799   3.123  -1.224   1.508   4.194  -0.179   1.676   3.783  -2.786   2.664   3.110  -3.692 0.0777
434       0.538   2.224  -0.817   1.321   3.455  -0.887   1.355   4.161   0.463   0.686   4.494  -2.073   1.346   4.212  -3.390 0.0721
553       0.407   2.303  -0.629   1.169   3.545  -0.715   1.500   4.083   0.672   0.305   4.711  -1.602   0.663   4.601  -3.054 0.0730
99        2.097   1.181   0.285   2.988   2.338   0.321   4.418   1.940  -0.025   2.942   3.075   1.852   1.872   4.125   1.869 0.1109
59        1.023   1.881  -1.133   1.868   3.067  -1.249   1.123   4.318  -0.799   2.409   3.255  -2.850   3.710   2.531  -3.026 0.0948
166       0.374   2.307  -0.619   1.036   3.605  -0.534   0.752   4.280   0.803   0.538   4.610  -1.812   1.455   4.421  -2.983 0.0783
26        0.700   2.095  -0.954   1.426   3.356  -1.071   0.470   4.521  -1.301   2.559   3.274  -2.336   3.870   2.776  -1.802 0.1148
21        0.253   2.387  -0.257   0.932   3.679  -0.285   1.979   3.726  -1.392   1.659   4.001   1.218   0.689   4.732   2.097 0.1066
23        2.135   1.184   0.006   2.996   2.359   0.095   2.978   3.153  -1.207   4.589   1.901   0.476   4.761   1.885   1.966 0.0999
36        0.330   2.344  -0.439   1.001   3.640  -0.381   0.242   4.610   0.517   1.162   4.294  -1.941   2.465   3.849  -2.538 0.0955
79        0.509   2.219  -0.822   1.187   3.512  -0.871   2.660   3.345  -1.223   1.030   4.320   0.617  -0.205   5.170   0.597 0.0843
7         2.153   1.193   0.154   3.026   2.361   0.085   2.724   3.339   1.214   2.861   3.137  -1.419   3.851   2.563  -2.388 0.1368
24        1.618   1.459  -1.036   2.550   2.579  -1.134   1.805   3.902  -1.269   3.599   2.363  -2.454   4.822   1.620  -2.005 0.1124
68        2.102   1.194   0.328   2.964   2.369   0.420   3.667   2.639  -0.906   4.112   2.167   1.658   3.556   2.697   2.946 0.1095
13        0.272   2.377  -0.188   0.975   3.657  -0.174   0.826   4.380  -1.508   2.621   3.426   0.183   2.826   3.501   1.667 0.1088
4         0.523   2.238  -0.703   1.180   3.542  -0.709   0.420   4.535  -1.581   2.784   3.395  -1.253   3.688   3.146  -0.083 0.1293
31        0.465   2.251  -0.719   1.159   3.535  -0.766   0.181   4.693  -0.603   2.014   3.695  -2.227   3.402   3.155  -2.055 0.1074
35        2.076   1.193  -0.385   2.938   2.362  -0.535   3.195   3.031   0.811   2.245   3.475  -1.617   2.713   3.176  -3.010 0.1402
109       0.540   2.203  -0.855   1.164   3.523  -0.808   0.453   4.430   0.190   1.160   4.237  -2.351   2.420   3.866  -3.076 0.0884
39        0.537   2.183  -0.875   1.201   3.484  -0.886   2.265   3.548  -1.975   1.898   3.807   0.631   0.904   4.522   1.496 0.1005
62        0.545   2.201  -0.837   1.256   3.475  -0.906   0.373   4.622  -0.430   1.791   3.770  -2.493   3.166   3.198  -2.670 0.0980
13        0.273   2.371  -0.341   1.011   3.631  -0.328   0.625   4.506  -1.515   2.686   3.338  -0.339   3.185   3.238   1.072 0.0868
57        0.767   2.054  -1.027   1.622   3.225  -1.199   0.821   4.515  -1.061   2.395   3.179  -2.712   3.707   2.463  -2.582 0.0999
33        2.077   1.212  -0.441   2.951   2.381  -0.428   2.379   3.504  -1.285   4.506   1.965  -0.974   5.350   1.546   0.192 0.0763
195       0.540   2.209  -0.833   1.296   3.457  -0.893   0.934   4.375   0.268   1.017   4.249  -2.372   2.030   3.795  -3.381 0.0815
123       0.765   2.059  -1.020   1.581   3.265  -1.134   0.958   4.424  -0.363   1.783   3.693  -2.767   3.013   3.027  -3.309 0.0980
94        0.226   2.399  -0.105   0.945   3.670  -0.059   1.303   4.046   1.373   0.015   4.902  -0.772   0.330   4.983  -2.236 0.0848
14        0.383   2.281  -0.688   0.875   3.648  -0.544   2.374   3.722  -0.810   0.529   4.242   1.011  -0.810   4.916   1.002 0.0864
15        0.311   2.316   0.600   0.880   3.655   0.476   1.622   4.056   1.745  -0.340   4.788   0.130  -0.499   4.913  -1.356 0.1376
62        0.281   2.367   0.351   0.957   3.660   0.302   2.185   3.671   1.205  -0.109   4.905   0.752  -0.810   5.428  -0.467 0.0966
63        2.132   1.175   0.036   3.009   2.342   0.061   4.100   2.231  -0.998   3.707   2.526   1.601   2.826   3.394   2.448 0.1190
2         0.366   2.256  -0.703   0.702   3.666  -0.527  -0.500   4.557  -0.817   2.003   4.096  -1.534   3.294   3.883  -0.801 0.0887
11        0.283   2.384   0.348   1.024   3.642   0.364   1.594   3.962  -1.013   2.276   3.578   1.513   1.767   4.069   2.835 0.1139
51        0.313   2.335  -0.508   0.978   3.634  -0.479   2.328   3.575  -1.184   1.180   4.162   1.124  -0.016   4.967   1.540 0.0879
10        1.129   1.797  -1.147   2.016   2.946  -1.307   1.675   3.731  -2.568   3.639   2.441  -1.356   4.201   2.429   0.035 0.1157
7         0.808   2.006  -1.061   1.376   3.344  -1.203   2.838   3.368  -0.773   0.482   4.468  -0.294  -0.614   5.039  -1.143 0.1368
21        2.122   1.162  -0.191   3.019   2.311  -0.109   2.706   3.330  -1.198   4.639   1.808  -0.229   5.175   1.520   1.142 0.0859
190       0.346   2.326  -0.578   1.003   3.622  -0.444   0.993   4.096   1.004   0.249   4.775  -1.441   0.909   4.781  -2.787 0.0774
95        2.003   1.223   0.584   2.876   2.386   0.710   4.328   1.964   0.907   2.374   3.368   2.004   1.390   4.386   1.506 0.1040
11        0.251   2.392  -0.179   0.910   3.693  -0.115   1.513   4.070  -1.464   2.117   3.689   1.082   1.526   4.126   2.390 0.1150
7         0.674   2.083   0.998   1.264   3.419   1.023   2.784   3.349   0.941   0.793   4.249   2.429  -0.473   5.009   2.161 0.1251
100       0.425   2.270  -0.723   0.988   3.605  -0.546   0.417   4.282   0.695   0.693   4.561  -1.920   1.827   4.407  -2.889 0.0844
12        0.290   2.323   0.544   0.862   3.663   0.452   0.202   4.466  -0.662   2.540   3.575   0.193   3.250   3.558   1.514 0.1234
65        0.672   2.121  -0.977   1.336   3.419  -1.051   2.852   3.259  -1.086   0.883   4.394   0.267  -0.331   5.196  -0.099 0.0888
229       0.287   2.365  -0.422   0.989   3.644  -0.351   1.434   3.948   1.075  -0.001   4.897  -0.933   0.217   5.064  -2.407 0.0719
15        1.148   1.751  -1.192   2.036   2.892  -1.396   1.272   4.089  -1.951   3.307   2.474  -2.444   4.462   1.948  -1.644 0.1062
1         0.542   2.302  -0.740  -0.623   2.373  -1.618  -0.307   1.804  -2.996  -1.162   3.979  -1.760  -2.175   4.263  -0.691 0.0009
39        1.582   1.511   1.033   2.327   2.753   1.213   3.492   2.842   0.234   2.897   2.877   2.810   1.875   3.578   3.654 0.1635
199       0.727   2.111  -0.958   1.623   3.250  -1.142   1.660   4.126   0.105   1.143   4.170  -2.488   1.835   3.657  -3.716 0.0831
128       1.202   1.758  -1.168   2.201   2.813  -1.314   1.779   4.074  -0.570   2.457   3.163  -2.958   3.559   2.294  -3.488 0.0868
2         1.933   1.304  -0.799   2.749   2.496  -1.010   2.296   3.259  -2.249   4.390   2.074  -1.153   5.031   2.095   0.203 0.0544
24        0.373   2.293   0.618   0.980   3.619   0.550   2.435   3.581   1.004   0.102   4.723   1.499  -0.964   5.365   0.662 0.1063
14        0.255   2.349  -0.351   0.853   3.675  -0.227  -0.155   4.683   0.314   1.452   4.199  -1.730   2.880   3.766  -1.876 0.1126
9         1.730   1.381   0.969   2.623   2.531   1.078   3.864   2.187   1.893   1.810   3.849   1.781   1.172   4.674   0.704 0.1270
21        1.888   1.276  -0.821   2.806   2.409  -0.893   2.103   3.652  -1.425   4.142   2.029  -1.874   5.229   1.433  -1.030 0.0914
30        0.761   2.021  -1.062   1.453   3.303  -1.166   2.787   3.150  -1.887   1.699   3.971   0.378   0.529   4.836   0.741 0.1158
95        0.279   2.372  -0.372   1.020   3.628  -0.450   1.157   4.271   0.925   0.254   4.703  -1.522   0.801   4.503  -2.905 0.0813
11        0.762   2.059  -0.988   1.537   3.291  -1.105   0.704   4.406  -1.728   2.938   3.025  -2.030   4.063   2.616  -1.126 0.0985
27        0.249   2.384   0.239   0.840   3.686  -0.061   2.071   3.941   0.801  -0.302   4.923   0.173  -1.044   5.167  -1.107 0.0954
22        2.142   1.139   0.241   3.038   2.292   0.285   3.343   2.804  -1.118   4.482   1.890   1.087   4.336   2.174   2.552 0.0999
2         1.425   1.506  -1.201   2.550   2.430  -1.319   2.117   3.743  -1.961   3.804   1.724  -2.224   4.735   0.992  -1.303 0.0297
1         1.260   1.773  -1.174   0.620   1.479  -2.453   1.646   1.414  -3.578  -0.561   2.649  -2.808  -1.883   2.211  -2.251 0.0008
17        2.089   1.164  -0.423   3.002   2.298  -0.529   3.795   2.245  -1.830   4.063   2.332   0.799   3.458   3.152   1.900 0.1059
1         0.596   2.173  -0.842   1.180   3.479  -1.133   2.277   3.824  -0.133  -0.021   4.682  -1.120  -0.594   4.832  -2.498 0.0004
69        0.363   2.310  -0.638   0.921   3.636  -0.387   0.573   4.121   1.015   0.356   4.746  -1.545   1.295   4.770  -2.714 0.0692
316       0.362   2.346  -0.501   1.128   3.582  -0.632   1.722   4.005   0.707   0.148   4.825  -1.254   0.232   4.825  -2.751 0.0694
30        1.388   1.633  -1.154   2.244   2.810  -1.269   1.453   4.090  -1.025   2.978   2.861  -2.802   4.289   2.135  -2.753 0.1059
45        1.058   1.864  -1.115   2.113   2.849  -1.338   2.042   3.971  -0.310   2.004   3.489  -2.909   2.830   2.659  -3.846 0.0801
3         1.922   1.307   0.744   2.893   2.397   0.746   2.205   3.744   0.940   3.783   2.401  -0.703   5.007   1.551  -0.539 0.1123
27        0.242   2.382  -0.124   0.903   3.684  -0.132   0.232   4.646   0.842   0.897   4.342  -1.699   2.135   3.911  -2.427 0.1198
18        0.482   2.226  -0.789   0.882   3.620  -0.621  -0.181   4.409   0.135   1.176   4.339  -2.133   2.618   4.157  -2.502 0.1045
78        2.110   1.184   0.260   2.998   2.343   0.290   4.313   2.044  -0.420   3.296   2.822   1.893   2.265   3.826   2.315 0.1145
4         1.094   1.888  -1.103   0.409   1.767  -2.387   1.238   2.376  -3.512  -1.117   2.513  -2.318  -2.144   1.511  -1.879 0.0314
1         0.133   2.385  -0.032   0.751   3.705  -0.125  -0.144   4.678  -0.883   2.269   3.597  -0.883   3.331   3.372   0.152 0.0007
9         0.348   2.291  -0.629   0.907   3.636  -0.530   1.645   4.019  -1.807   1.954   3.747   0.805   1.178   4.175   2.015 0.0844
20        2.105   1.160  -0.317   2.988   2.320  -0.402   3.399   2.592  -1.845   4.369   2.087   0.563   4.108   2.613   1.943 0.1131
1         0.812   2.246  -0.785   0.206   3.533  -0.458   0.564   3.964   0.959  -1.483   3.455  -0.635  -1.857   3.838  -2.036 0.0004
18        1.958   1.261   0.672   2.699   2.491   0.936   4.172   2.332   0.579   2.541   2.939   2.568   1.349   3.836   2.727 0.1203
9         2.084   1.124   0.367   2.999   2.250   0.537   4.291   1.809   1.215   2.259   3.485   1.440   1.555   4.430   0.511 0.1119
2         1.078   1.844   1.178   1.892   3.048   1.313   3.374   2.701   1.401   1.418   3.934   2.684   0.352   4.916   2.300 0.0546
1         0.313   2.276  -0.562  -0.559   2.537  -1.704  -0.060   1.817  -2.951  -0.666   4.208  -1.998  -1.813   4.781  -1.221 0.0004
TOTRMS: 0.0892
BEFORE: 84 0.08921396877486236
AFTER: 84 0.08921396877486236
