145       3.283   1.803   2.844   4.451   0.927   2.854   5.545   1.461   1.937   4.015  -0.649   2.386   3.633  -1.443   3.599 0.1553
204       2.342   2.680   3.220   3.455   1.985   3.862   4.794   2.542   3.392   3.374   0.317   3.545   2.571  -0.357   4.618 0.1503
24        3.270   3.674   3.769   4.623   3.804   4.301   5.353   4.979   3.661   5.499   2.369   4.053   5.316   1.461   5.234 0.3971
25       -2.589   5.194  -0.159  -3.660   5.055   0.824  -3.107   5.069   2.244  -4.531   3.620   0.551  -5.670   3.897  -0.384 0.3822
117       4.586   1.300  -0.212   4.781  -0.139  -0.370   4.316  -0.608  -1.743   3.951  -0.987   0.848   4.854  -1.176   2.030 0.2008
60       -1.361   6.281   3.515  -2.178   5.671   4.560  -2.319   4.169   4.340  -3.714   6.399   4.613  -3.684   7.559   5.564 0.2034
189       1.362   3.173   3.225   2.183   2.543   4.256   3.662   2.839   4.036   1.922   0.863   4.278   0.805   0.544   5.227 0.1532
68        0.616   4.361   2.396   1.034   4.284   3.793   2.422   4.885   3.984   1.019   2.671   4.330  -0.329   2.348   4.903 0.2362
147       2.690   2.887   3.069   3.980   2.421   3.570   5.090   3.408   3.229   4.346   0.888   2.931   3.811  -0.175   3.843 0.2130
62        0.145   3.900   2.687   0.556   3.563   4.047   2.004   3.966   4.299   0.356   1.899   4.333  -1.018   1.646   4.878 0.2519
49        0.410   5.993   2.379  -0.354   5.771   3.603  -0.452   7.049   4.428   0.352   4.533   4.529  -0.240   3.213   4.133 0.3507
18        4.246   3.562   2.740   4.918   2.458   3.419   6.074   2.962   4.276   5.484   1.322   2.288   4.424   0.289   2.044 0.4799
19       -1.058   6.982   0.716  -2.028   7.861   0.069  -2.502   8.952   1.022  -3.356   6.964  -0.498  -3.094   6.515  -1.904 0.3833
41        3.176   1.890   2.949   4.149   0.864   3.312   5.532   1.468   3.522   4.214  -0.342   2.115   3.223  -1.421   2.437 0.2801
50        0.728   4.423   2.410   1.133   4.300   3.808   2.523   3.686   3.924   0.008   3.364   4.672  -1.051   4.258   5.245 0.2631
39        0.630   3.136   4.296   0.724   2.096   5.317   0.129   2.568   6.638   2.343   1.629   5.540   2.670   0.496   4.613 0.3029
39       -2.910   4.955   2.890  -3.825   4.206   3.747  -5.107   3.851   3.002  -4.192   5.099   5.146  -3.202   4.771   6.223 0.3686
21        1.537   4.467   4.367   1.261   4.312   5.793   0.632   5.574   6.370   2.689   3.934   6.635   2.858   2.445   6.690 0.4309
17       -1.233   5.167  -0.168  -2.668   5.018   0.051  -3.016   5.151   1.529  -3.206   3.517  -0.541  -3.622   3.666  -1.975 0.4897
48        4.729   1.628   0.029   5.221   0.254  -0.017   5.465  -0.194  -1.454   4.121  -0.796   0.742   4.464  -0.913   2.198 0.3118
116      -1.496   4.975   4.380  -2.349   4.382   5.405  -3.805   4.350   4.956  -2.208   5.242   6.865  -1.108   4.646   7.692 0.2324
55        0.059   3.340   4.796  -0.355   2.358   5.793  -1.500   2.891   6.647   0.958   1.927   6.783   1.671   0.751   6.184 0.2933
72        0.990   3.696   5.280   1.151   2.746   6.377  -0.183   2.462   7.056   2.270   3.335   7.513   3.648   2.868   7.146 0.2675
67        0.419   4.331   2.234   0.577   4.128   3.671   1.989   3.665   4.008  -0.559   2.997   4.239  -1.809   3.711   4.659 0.1882
104       1.864   3.646   3.049   2.830   3.268   4.077   4.236   3.719   3.701   2.804   1.586   4.326   1.807   1.255   5.396 0.2117
29        1.295   3.872   2.964   0.448   3.397   4.055   0.983   2.094   4.638  -1.149   3.181   3.514  -1.920   4.453   3.710 0.2362
59       -1.516   4.480   4.312  -2.003   3.641   5.404  -3.524   3.549   5.389  -1.470   4.248   6.900  -0.151   3.626   7.251 0.3057
43        0.548   4.883   2.352  -0.417   4.490   3.375  -0.579   5.583   4.425   0.062   3.037   4.115  -0.528   1.877   3.370 0.3804
66        3.244   2.968   3.007   3.455   2.027   4.104   4.934   1.697   4.268   2.565   0.602   3.841   1.206   0.740   4.460 0.3502
139       0.269   3.981   5.313  -0.224   3.176   6.427  -1.740   3.273   6.545   0.507   3.666   7.882   1.762   2.875   8.102 0.1955
28        0.849   4.212  -3.354  -0.109   5.307  -3.475   0.341   6.522  -2.673  -1.650   4.806  -2.960  -2.411   4.250  -4.126 0.4147
126       3.010   2.791   2.934   4.272   2.193   3.365   5.436   2.704   2.524   4.187   0.498   3.274   3.690  -0.048   4.580 0.1871
266       2.272   2.409   3.280   3.336   1.579   3.838   4.666   1.853   3.147   2.937  -0.068   3.701   2.196  -0.507   4.929 0.1430
35       -1.569   6.361   1.062  -3.010   6.594   1.065  -3.648   6.073   2.347  -3.733   5.858  -0.287  -3.760   6.829  -1.430 0.3889
47        0.218   6.400   1.476   0.858   7.417   2.306   2.019   8.075   1.569   1.404   6.735   3.764   0.321   6.831   4.797 0.2322
30       -0.122   5.248   1.139  -0.270   5.743   2.505   0.716   6.871   2.789  -0.049   4.480   3.621  -1.369   3.829   3.906 0.3422
12       -0.565   6.106   1.844  -1.555   5.950   2.906  -2.830   5.304   2.377  -1.913   7.455   3.611  -0.982   7.703   4.761 0.3161
77        4.124   2.076   2.035   5.434   1.558   1.650   6.276   2.638   0.980   5.263   0.224   0.610   5.203  -1.037   1.420 0.2592
23        0.859   4.671   3.207   0.504   3.759   4.290   0.055   4.525   5.528   1.819   2.751   4.672   1.752   1.504   3.842 0.3207
114       0.905   3.963   2.726   1.376   3.576   4.052   2.898   3.498   4.093   0.703   2.082   4.508  -0.588   2.317   5.233 0.1868
175       3.014   2.400   2.987   4.172   1.596   3.368   5.276   1.694   2.323   3.720  -0.028   3.589   3.323  -0.247   5.019 0.1761
21        0.711   6.445   3.187  -0.013   7.675   3.494   0.211   8.096   4.942  -1.674   7.477   3.195  -1.977   7.866   1.778 0.3860
46        4.703   2.027  -1.151   5.277   0.751  -1.568   4.683   0.289  -2.894   5.024  -0.432  -0.373   6.178  -0.431   0.584 0.2685
21       -0.670   6.617   1.915  -1.371   6.925   3.158  -0.718   8.097   3.882  -1.408   5.561   4.172  -2.642   4.758   3.885 0.4934
28       -0.691   5.030   2.541  -2.025   4.852   3.109  -2.268   5.825   4.256  -2.232   3.252   3.647  -2.791   2.418   2.532 0.4004
15       -2.098   4.404  -1.795  -3.373   3.904  -1.291  -4.472   4.049  -2.337  -3.812   4.725   0.132  -3.261   3.995   1.321 0.3853
19        0.770   2.782   3.644   0.709   1.659   4.576   0.597   2.146   6.016   2.079   0.668   4.401   1.800  -0.396   3.381 0.4096
17        0.039   4.134  -2.568  -1.243   4.826  -2.478  -1.385   5.550  -1.145  -2.526   3.729  -2.685  -2.879   3.641  -4.140 0.3545
30       -0.356   3.212   4.012  -0.867   2.160   4.885  -1.987   2.682   5.777   0.387   1.519   5.838   1.022   0.366   5.120 0.3563
45       -2.326   6.516   1.700  -3.582   6.045   2.276  -3.697   4.529   2.177  -4.903   6.782   1.501  -5.259   8.051   2.217 0.1953
23       -0.475   6.173   3.574  -1.675   7.002   3.503  -1.598   8.165   4.485  -3.061   6.067   3.813  -3.587   5.510   2.524 0.3571
15       -1.074   4.145  -1.411  -2.488   4.212  -1.052  -2.884   5.625  -0.641  -2.832   3.121   0.206  -3.228   1.796  -0.376 0.3029
37       -0.724   5.680   3.315  -0.814   5.265   4.712  -2.260   5.275   5.195   0.136   6.277   5.694   1.520   5.712   5.803 0.2800
186       2.055   2.960   3.169   2.991   2.226   4.016   4.385   2.199   3.399   2.438   0.639   4.276   1.578   0.605   5.505 0.1642
33        4.062   2.462   2.288   4.761   1.342   2.912   6.272   1.539   2.857   4.336  -0.119   2.153   3.145  -0.713   2.844 0.3209
53       -0.475   4.509  -1.625  -1.582   5.189  -0.959  -1.075   6.119   0.138  -2.668   4.056  -0.306  -3.719   3.728  -1.325 0.2871
43        1.649   2.759   4.397   2.105   1.533   5.045   1.221   1.178   6.234   3.722   1.693   5.548   4.635   1.239   4.448 0.4065
24       -0.047   4.678   2.736  -1.123   4.218   3.610  -2.477   4.331   2.919  -1.132   5.108   5.058  -0.261   4.425   6.071 0.4062
16       -2.418   5.065   1.296  -3.009   5.132   2.629  -2.015   5.684   3.644  -3.549   3.596   3.117  -4.974   3.407   2.690 0.3378
11        3.391   2.374  -2.887   3.485   1.193  -3.741   2.307   1.118  -4.706   3.554  -0.218  -2.795   4.985  -0.546  -2.490 0.4164
44       -0.123   6.140   3.893  -1.472   6.655   4.109  -1.507   8.174   3.978  -2.048   6.189   5.639  -2.762   4.875   5.526 0.3931
28        0.368   6.165   4.097  -0.617   7.208   4.369   0.024   8.399   5.072  -1.890   6.591   5.313  -2.967   6.060   4.414 0.3661
30       -0.721   6.322   1.208  -0.416   7.300   2.249   0.961   7.916   2.036  -0.502   6.578   3.785  -1.896   6.708   4.323 0.3677
30        1.687   6.424   1.209   1.239   6.757   2.558   1.661   8.170   2.943   1.854   5.639   3.681   0.887   4.502   3.835 0.4212
82        3.577   1.839   2.631   4.835   1.110   2.504   5.875   1.937   1.758   4.585  -0.371   1.707   4.277  -1.437   2.716 0.1787
20        1.246   3.334   5.342   0.771   2.562   6.487   1.267   1.123   6.423  -0.928   2.591   6.557  -1.374   3.759   7.387 0.3626
38        3.943   1.845  -2.229   3.702   1.993  -3.661   3.302   3.423  -4.005   2.496   0.910  -4.174   3.130  -0.381  -4.597 0.3776
45       -0.024   5.520   2.797   0.552   6.049   4.030   1.797   6.879   3.742   0.931   4.781   5.099  -0.249   4.503   5.982 0.3398
15        4.560   1.205  -0.377   5.314   0.590   0.711   5.348   1.496   1.936   6.898   0.232   0.206   6.940  -1.154  -0.366 0.3761
42        0.420   5.982   3.734  -0.724   6.282   4.590  -1.517   5.021   4.908  -1.732   7.434   3.850  -1.297   8.812   4.253 0.2507
44       -1.880   4.731   3.193  -2.846   4.087   4.078  -3.916   5.073   4.533  -2.059   3.417   5.428  -1.664   2.002   5.125 0.4059
209       2.410   1.885   3.297   3.541   1.019   3.616   4.835   1.565   3.024   3.259  -0.558   3.046   2.575  -1.360   4.113 0.1501
113       1.560   3.153   3.218   2.510   2.629   4.196   3.825   3.396   4.149   2.790   0.974   3.922   1.805   0.163   4.711 0.1856
59       -0.688   6.861   1.461  -2.028   7.425   1.595  -2.876   6.602   2.557  -2.789   7.514   0.077  -2.489   8.841  -0.555 0.3018
9        -1.688   6.532   3.125  -2.889   6.176   3.875  -2.613   6.148   5.373  -3.482   4.667   3.363  -4.459   4.867   2.243 0.3835
24       -1.783   6.322  -2.007  -3.068   6.260  -2.697  -4.152   5.694  -1.788  -2.939   5.318  -4.107  -2.565   6.197  -5.263 0.2701
36        4.360   2.186   1.799   5.711   1.918   1.313   6.474   3.214   1.070   5.655   0.998  -0.116   5.683  -0.462   0.228 0.2997
70        1.620   2.752   3.379   2.292   1.896   4.352   3.781   2.214   4.427   2.065   0.258   3.958   0.828  -0.252   4.635 0.1989
12       -0.469   4.965   0.452  -1.923   4.931   0.322  -2.566   4.261   1.531  -2.374   4.119  -1.102  -2.476   5.105  -2.228 0.5249
22        2.769   2.633   3.053   2.621   1.511   3.975   1.369   1.666   4.831   3.993   1.375   4.969   4.996   0.471   4.316 0.3533
39       -0.844   5.903   3.173  -2.089   5.916   3.936  -2.250   4.634   4.745  -3.420   6.123   2.899  -3.710   7.586   2.743 0.3835
24       -1.445   6.530   1.382  -2.841   6.898   1.163  -3.772   5.731   1.470  -3.072   7.424  -0.437  -2.857   8.906  -0.513 0.2566
13       -0.551   4.259   4.889  -0.263   3.625   6.172  -0.760   2.184   6.196  -0.969   4.507   7.442   0.002   5.536   7.937 0.4686
42       -0.393   4.948  -0.074  -0.918   5.596   1.125   0.132   6.493   1.768  -1.453   4.431   2.242  -2.900   4.126   1.992 0.2822
30        2.160   3.718   2.912   1.452   3.287   4.114   0.201   4.127   4.346   2.475   3.379   5.469   3.194   2.074   5.642 0.2991
34        4.088   1.732   2.278   5.299   0.929   2.130   5.806   0.962   0.693   5.008  -0.676   2.608   5.307  -0.824   4.071 0.2724
13       -0.575   4.874  -0.697  -2.017   4.660  -0.617  -2.560   4.088  -1.922  -2.813   6.115  -0.242  -2.933   6.250   1.247 0.4619
62        1.720   4.187   4.749   2.409   3.376   5.749   1.548   3.190   6.993   3.894   4.088   6.169   4.972   3.567   5.265 0.3166
11        4.864   1.816   0.478   5.420   0.466   0.495   5.299  -0.160   1.880   7.049   0.489   0.006   7.127   0.308  -1.480 0.4604
53        2.072   3.215   3.264   3.125   2.719   4.146   4.410   2.452   3.370   2.617   1.304   4.939   1.953   1.667   6.234 0.2779
33        4.998   2.531  -1.290   5.659   1.308  -1.738   4.942   0.706  -2.941   5.729   0.175  -0.473   7.001   0.365   0.299 0.3941
30        4.498   1.255   1.517   5.425   0.364   0.826   5.817   0.928  -0.535   4.739  -1.180   0.642   5.091  -2.028   1.828 0.2876
35        5.426   2.497   4.282   5.312   1.983   5.644   5.056   0.480   5.644   4.068   2.787   6.479   4.629   3.992   7.173 0.3222
16        3.805   2.509  -3.905   4.049   1.174  -4.445   5.273   1.165  -5.354   2.686   0.621  -5.297   1.779  -0.120  -4.361 0.5323
11        6.041   2.220  -1.144   6.899   1.405  -0.289   7.667   0.373  -1.106   5.976   0.630   0.911   5.900   1.504   2.127 0.4451
35        0.721   6.266   1.852   1.550   7.233   2.566   2.333   8.109   1.595   2.617   6.434   3.622   1.965   6.272   4.963 0.3103
10       -3.372   5.211   1.505  -4.763   4.866   1.783  -5.677   6.070   1.588  -4.920   4.265   3.366  -4.741   2.776   3.356 0.3514
86        1.738   3.577   3.087   2.824   3.291   4.019   4.008   4.222   3.785   3.319   1.671   3.873   2.525   0.818   4.817 0.1972
14        1.304   3.724  -3.097   0.123   4.264  -3.765   0.301   5.744  -4.083  -1.259   4.036  -2.802  -1.892   2.719  -3.139 0.4087
7         1.319   4.525   3.873   2.162   4.192   5.018   2.930   2.898   4.776   1.223   4.058   6.428   1.143   5.394   7.104 0.4498
TOTRMS: 0.2678
BEFORE: 492 0.17521836586267062
AFTER: 100 0.2678127990314864
