31       -3.391   6.198   1.435  -4.134   5.068   1.986  -3.370   4.415   3.131  -4.457   3.922   0.772  -5.772   4.238   0.123 0.2985
87       -2.939   4.924   1.657  -3.756   3.725   1.824  -3.541   3.102   3.199  -3.401   2.591   0.608  -4.302   2.822  -0.569 0.2183
66       -3.233   4.095   0.858  -3.325   2.653   0.649  -2.604   1.891   1.754  -2.680   2.231  -0.867  -3.767   2.269  -1.900 0.2258
150      -1.857   5.740   2.668  -2.901   4.834   3.137  -2.601   4.334   4.546  -3.065   3.517   2.074  -4.079   3.850   1.020 0.1894
71       -2.889   4.991  -1.179  -3.717   3.842  -0.823  -4.125   3.893   0.645  -2.892   2.392  -1.149  -3.194   1.949  -2.550 0.2578
145      -2.057   6.372   0.994  -3.294   5.638   1.247  -3.394   5.217   2.708  -3.392   4.273   0.238  -4.084   4.644  -1.040 0.1736
10        1.481   2.756   6.044   1.455   1.317   6.291   2.517   0.599   5.467  -0.083   0.683   5.940  -0.936   0.729   7.173 0.3351
157      -2.409   5.938  -1.173  -3.562   5.050  -1.055  -4.077   5.006   0.379  -3.160   3.483  -1.579  -3.441   3.359  -3.047 0.1965
58       -0.831   7.150  -2.831  -1.865   6.681  -3.749  -3.214   6.574  -3.048  -1.432   5.177  -4.413  -0.658   5.393  -5.680 0.2264
109      -1.614   6.893   0.785  -2.988   6.429   0.960  -3.277   6.110   2.422  -3.278   5.059  -0.004  -3.786   5.492  -1.347 0.1870
101      -0.924   7.892   0.513  -2.319   7.916   0.083  -3.243   7.421   1.190  -2.526   6.971  -1.315  -2.324   7.827  -2.531 0.2304
97        4.972   2.388   1.740   6.100   2.381   0.813   7.381   2.833   1.504   5.775   3.379  -0.525   5.116   2.571  -1.603 0.2507
19       -1.725   4.785   2.225  -1.137   4.940   3.552  -0.743   6.389   3.813   0.218   3.927   3.723  -0.216   2.598   4.266 0.4252
70       -3.279   4.742   0.514  -3.921   3.433   0.582  -3.922   2.896   2.009  -3.140   2.334  -0.454  -3.784   2.379  -1.808 0.2283
65        3.264   0.071  -2.321   2.764  -0.246  -3.655   3.755   0.186  -4.730   1.258   0.500  -3.917   0.160  -0.424  -3.482 0.2181
58       -2.309   3.753   3.024  -2.360   2.329   2.703  -1.084   1.621   3.145  -2.603   2.105   1.036  -4.074   2.038   0.750 0.2393
45       -1.721   4.888   3.777  -2.445   3.780   4.393  -1.963   3.533   5.817  -2.269   2.367   3.465  -3.375   2.291   2.454 0.2913
149      -2.688   5.565   1.375  -3.746   4.562   1.458  -3.641   3.758   2.749  -3.684   3.521   0.115  -4.540   4.072  -0.985 0.2053
29        2.691   2.660  -4.958   1.867   1.759  -5.759   1.065   2.530  -6.801   0.819   0.868  -4.759   1.490  -0.407  -4.343 0.3685
74       -1.784   7.076  -1.811  -3.090   6.631  -2.286  -4.156   6.809  -1.211  -3.020   5.003  -2.775  -2.666   4.933  -4.230 0.2160
62        4.128   3.620   2.830   5.443   4.131   2.452   5.518   5.642   2.639   5.795   3.725   0.839   6.498   2.401   0.799 0.2487
93       -1.465   7.325   1.087  -2.886   7.074   0.866  -3.520   6.407   2.081  -3.109   6.106  -0.514  -3.261   6.983  -1.721 0.2335
214       4.498   2.269   2.006   5.715   2.736   1.348   6.162   4.079   1.912   5.472   2.859  -0.330   5.832   1.559  -0.984 0.1471
52       -3.253   5.196  -0.636  -4.217   4.238  -0.103  -4.775   4.708   1.236  -3.499   2.707   0.070  -3.688   1.921  -1.193 0.2701
39        3.595   2.737   2.926   5.010   2.542   2.624   5.747   3.875   2.563   5.193   1.706   1.155   5.231   0.230   1.421 0.3356
75       -2.770   5.451  -1.878  -3.899   4.556  -1.640  -4.683   4.980  -0.403  -3.361   2.953  -1.469  -3.346   2.284  -2.811 0.2268
21       -1.847   6.942  -0.054  -2.477   6.475  -1.285  -1.975   7.259  -2.491  -4.169   6.601  -1.170  -4.729   5.327  -0.612 0.3813
21       -2.971   5.786   0.941  -3.908   5.307   1.954  -4.301   6.426   2.911  -3.234   4.008   2.819  -3.587   2.718   2.141 0.4667
201      -2.829   5.578   0.454  -3.818   4.532   0.697  -3.961   4.248   2.188  -3.393   3.109  -0.130  -4.008   3.122  -1.498 0.1790
19        5.471   2.752  -2.639   5.712   1.370  -3.046   5.609   1.217  -4.559   4.613   0.325  -2.278   5.195  -0.145  -0.978 0.3496
23       -1.528   4.044  -4.322  -2.675   3.141  -4.294  -3.986   3.917  -4.319  -2.612   2.146  -2.917  -1.858   0.890  -3.241 0.3987
96       -1.238   6.351   2.914  -2.464   5.799   3.484  -2.319   5.577   4.985  -2.870   4.338   2.715  -3.758   4.622   1.540 0.2408
20        1.850   6.551   4.722   1.260   6.367   6.045   2.326   6.020   7.078   0.072   5.152   6.002  -1.260   5.766   5.690 0.4397
101       4.850   1.742   1.062   5.851   1.997   0.030   6.666   3.243   0.351   5.106   2.162  -1.490   5.023   0.821  -2.155 0.1949
37       -3.242   5.556   0.642  -4.266   4.791   1.348  -4.582   5.415   2.702  -3.767   3.179   1.551  -4.222   2.363   0.378 0.2881
105       6.797   0.282   1.923   6.569  -1.154   2.056   7.112  -1.911   0.850   4.911  -1.476   2.249   4.566  -1.468   3.709 0.2255
22       -3.499   4.521   1.976  -4.213   4.455   3.248  -4.483   5.850   3.799  -3.329   3.543   4.378  -3.732   2.101   4.282 0.4039
140      -1.522   5.462   3.410  -2.586   4.538   3.791  -2.094   3.529   4.821  -3.187   3.729   2.422  -4.323   4.513   1.836 0.2063
32        3.257   1.945  -4.275   2.807   0.578  -4.524   2.550   0.347  -6.008   1.401   0.244  -3.629   1.781  -0.316  -2.291 0.3556
27       -3.424   4.825   1.596  -4.127   3.865   2.443  -4.549   4.503   3.761  -3.148   2.507   2.740  -3.390   1.475   1.679 0.3813
25        0.126   5.421  -5.104  -0.768   4.635  -5.951  -2.156   5.261  -6.013  -0.873   3.037  -5.379   0.187   2.202  -6.032 0.3024
12       -2.662   4.707   1.739  -3.546   4.322   0.642  -3.987   5.540  -0.161  -4.905   3.492   1.238  -4.614   2.022   1.281 0.3587
29       -2.452   6.928   1.300  -3.740   6.657   1.931  -3.951   7.543   3.153  -3.853   5.019   2.371  -4.446   4.236   1.238 0.3615
21        0.287   2.739   5.372   0.356   1.346   5.805   1.631   1.079   6.596   0.272   0.303   4.464  -1.161  -0.042   4.187 0.4282
33       -2.990   4.872  -0.998  -3.391   3.503  -0.688  -3.090   3.158   0.766  -2.605   2.406  -1.722  -3.444   2.184  -2.946 0.2764
59       -0.764   6.511   3.160  -2.079   6.061   3.605  -1.957   5.000   4.693  -2.974   5.452   2.294  -3.764   6.562   1.669 0.2604
21       -2.351   5.544   2.814  -2.719   5.811   4.201  -2.811   7.310   4.465  -1.596   5.100   5.261  -2.040   3.709   5.600 0.3694
53       -1.953   4.215  -3.844  -3.058   3.321  -3.511  -4.032   3.987  -2.547  -2.469   1.874  -2.839  -2.228   0.877  -3.933 0.2787
92       -0.190   4.836   4.543  -1.043   3.803   5.125  -0.220   2.789   5.910  -1.935   3.017   3.911  -3.240   3.728   3.708 0.2126
18        0.550   6.345  -1.293   1.026   7.423  -0.432   2.158   8.198  -1.096   1.544   6.803   1.065   0.392   6.787   2.025 0.3014
36        6.036   2.667  -0.927   6.291   1.238  -0.765   6.284   0.523  -2.111   5.137   0.543   0.271   5.631   0.609   1.686 0.2567
19        3.107   4.254  -4.023   3.353   2.891  -4.484   2.223   2.402  -5.382   3.541   1.842  -3.160   4.988   1.780  -2.772 0.3180
7        -2.102   3.929  -4.012  -1.896   2.588  -4.552  -1.145   2.639  -5.877  -3.386   1.795  -4.755  -3.727   1.044  -3.503 0.4583
68       -2.522   6.541  -0.209  -3.839   5.961   0.036  -4.427   6.470   1.347  -3.745   4.264   0.058  -3.967   3.732  -1.326 0.2715
16       -3.209   2.841   6.488  -4.625   3.106   6.725  -4.811   4.193   7.776  -5.422   1.684   7.208  -5.943   0.967   5.998 0.4569
13       -0.392   5.342   6.181  -1.292   4.586   7.047  -2.017   5.505   8.023  -0.432   3.392   7.899  -0.420   2.121   7.103 0.4836
10        5.329   1.265   0.563   5.008  -0.155   0.682   5.386  -0.911  -0.587   3.354  -0.363   1.014   3.140  -0.375   2.498 0.3029
8        -1.697   6.786   3.361  -1.971   5.552   4.092  -2.879   5.813   5.288  -0.520   4.833   4.607  -0.029   3.886   3.552 0.5567
13       -1.377   2.724   4.802  -1.174   1.369   5.307   0.198   1.224   5.953  -1.351   0.236   4.051  -2.783  -0.201   3.970 0.4015
37       -2.537   6.760   1.515  -3.777   6.394   0.835  -4.820   5.895   1.828  -3.479   5.207  -0.345  -3.168   5.870  -1.654 0.2812
48       -2.805   5.103   2.483  -3.546   3.997   3.083  -3.140   3.789   4.537  -3.299   2.567   2.197  -4.346   2.453   1.130 0.2694
106      -1.656   6.750  -1.182  -3.006   6.214  -1.334  -3.737   6.182   0.003  -2.952   4.653  -2.006  -3.017   4.751  -3.501 0.2065
8         1.499   0.934  -4.957   0.402   0.035  -4.609  -0.938   0.760  -4.658   0.648  -0.632  -3.065   1.419  -1.913  -3.192 0.3875
67       -3.334   5.082   1.606  -3.939   3.779   1.869  -3.217   3.058   3.002  -3.921   2.822   0.464  -5.184   3.050  -0.312 0.2468
126      -1.224   6.216   2.962  -2.447   5.571   3.431  -2.206   4.819   4.734  -3.049   4.510   2.247  -3.996   5.248   1.348 0.2038
68        6.405  -0.110   1.770   5.968  -1.501   1.840   6.388  -2.272   0.593   4.281  -1.584   2.035   3.947  -1.594   3.497 0.1944
123      -1.838   5.211   3.101  -2.792   4.157   3.435  -2.312   3.340   4.629  -3.044   3.139   2.096  -4.186   3.664   1.277 0.1739
19       -2.576   3.958   3.123  -3.452   2.807   2.920  -4.458   3.073   1.806  -4.267   2.420   4.361  -3.453   1.434   5.146 0.4032
17        1.805   4.569   5.078   1.290   3.617   6.057   2.413   3.059   6.924   0.470   2.348   5.277  -0.979   2.705   5.129 0.3330
74       -3.281   4.960  -0.456  -4.101   3.762  -0.609  -4.518   3.206   0.748  -3.259   2.576  -1.491  -3.549   2.741  -2.953 0.2414
48       -1.639   5.947   3.051  -2.674   5.262   3.819  -2.496   5.498   5.314  -2.656   3.595   3.486  -3.571   3.305   2.334 0.2383
51        7.262   1.045  -1.119   7.312  -0.414  -1.134   6.955  -0.961  -2.511   6.260  -1.055   0.038   6.997  -1.223   1.333 0.2613
18       -2.972   6.455   3.013  -3.345   5.523   4.073  -2.137   5.150   4.926  -4.047   4.123   3.412  -5.531   4.311   3.303 0.3794
16        1.715   1.643   4.027   2.134   0.328   4.504   2.826   0.430   5.859   3.169  -0.411   3.375   2.358  -1.220   2.408 0.3640
14       -4.886   4.938   4.388  -5.990   3.982   4.406  -5.481   2.553   4.265  -7.098   4.332   3.166  -8.144   5.277   3.680 0.3030
38        2.959   3.853   3.205   4.378   4.177   3.326   4.577   5.646   3.682   5.196   3.811   1.881   5.698   2.399   1.934 0.3096
123      -1.878   6.333   1.747  -3.177   5.675   1.855  -3.247   4.802   3.103  -3.485   4.738   0.470  -4.196   5.576  -0.551 0.1840
77       -1.864   5.553  -3.194  -3.079   4.743  -3.209  -4.099   5.265  -2.203  -2.712   3.117  -2.877  -2.431   2.395  -4.161 0.2297
15       -1.800   7.179  -0.326  -2.729   6.604  -1.295  -3.886   7.556  -1.578  -3.324   5.114  -0.734  -2.429   4.008  -1.207 0.4407
16       -1.730   4.938   3.228  -0.934   5.365   4.376  -0.785   6.882   4.407   0.599   4.630   4.341   0.547   3.331   5.089 0.3979
15        0.170   2.982   3.929  -1.144   2.428   4.240  -2.132   3.530   4.607  -1.029   1.302   5.510  -0.785  -0.065   4.944 0.5191
13       -2.163   7.786   1.180  -2.794   7.990  -0.121  -4.295   8.205   0.024  -2.490   6.664  -1.142  -1.229   6.907  -1.916 0.3747
25       -2.408   5.107   0.972  -3.552   4.275   0.609  -4.081   4.641  -0.773  -4.789   4.429   1.766  -4.604   3.394   2.835 0.3304
62       -0.755   7.364  -2.396  -2.039   7.129  -3.050  -3.196   7.327  -2.077  -2.092   5.561  -3.706  -1.583   5.592  -5.117 0.2202
114       3.915   2.769   2.673   5.291   3.038   2.267   5.666   4.492   2.524   5.508   2.661   0.623   5.938   1.231   0.490 0.1852
20        4.715   2.141  -1.350   4.862   2.896  -2.591   5.658   4.176  -2.365   3.336   3.265  -3.245   2.911   2.166  -4.173 0.2976
17        2.736   3.063  -5.179   1.879   2.081  -5.836   0.442   2.580  -5.930   1.928   0.599  -5.003   3.029  -0.252  -5.563 0.3825
11        0.719   4.663   5.262   1.458   4.855   6.507   2.474   5.983   6.375   2.240   3.415   6.961   1.329   2.606   7.836 0.5484
43        7.029   0.339   2.510   7.012  -1.083   2.843   8.132  -1.828   2.125   5.507  -1.768   2.445   4.584  -1.665   3.623 0.3493
20        1.061   6.117   1.996   2.214   6.872   2.478   2.472   8.095   1.607   3.596   5.882   2.518   3.697   5.219   3.860 0.3685
11       -3.373   2.375   6.012  -4.643   1.695   5.774  -5.822   2.602   6.104  -4.731   0.266   6.692  -4.175  -0.876   5.894 0.3570
6         2.994   7.324   1.963   2.239   7.631   3.174   2.924   8.724   3.985   2.048   6.233   4.124   0.783   5.530   3.730 0.5137
26        4.159   0.372  -2.551   3.954  -0.028  -3.941   5.086   0.475  -4.829   2.462   0.555  -4.511   1.394  -0.465  -4.249 0.3009
10       -2.591   5.234   4.849  -2.716   4.040   5.680  -4.179   3.689   5.920  -1.920   4.266   7.165  -0.495   3.813   7.043 0.2681
10        3.732   1.321  -3.495   3.155  -0.006  -3.300   3.571  -0.955  -4.418   1.459   0.091  -3.218   1.038   0.286  -1.792 0.4345
34        6.943   0.192  -0.985   6.766  -1.234  -1.247   6.918  -1.542  -2.732   5.244  -1.754  -0.696   5.358  -2.213   0.728 0.3012
28       -1.929   4.555   4.012  -2.464   3.496   4.862  -2.013   3.670   6.307  -1.986   1.971   4.281  -3.009   1.462   3.310 0.3507
55       -0.851   4.182   4.421  -1.550   2.945   4.756  -0.619   1.960   5.452  -2.208   2.237   3.357  -3.600   2.754   3.142 0.2624
14       -1.646   7.647  -1.507  -2.354   7.377  -2.755  -3.004   8.642  -3.302  -3.529   6.170  -2.523  -2.922   4.824  -2.785 0.4444
45       -1.673   4.265  -4.062  -2.648   3.180  -4.125  -3.750   3.370  -3.090  -1.881   1.680  -3.892  -1.448   1.128  -5.217 0.3408
33       -2.974   3.991   2.587  -3.240   2.558   2.499  -2.088   1.749   3.083  -3.512   2.103   0.883  -4.975   2.212   0.573 0.2997
33       -1.801   3.261   6.776  -3.222   3.090   7.062  -3.844   2.041   6.148  -4.043   4.570   6.896  -4.048   5.290   8.211 0.3347
15       -3.881   5.115   5.001  -5.110   4.352   5.202  -6.190   5.212   5.847  -4.807   2.981   6.160  -4.446   1.824   5.277 0.4094
17       -1.577   3.821   4.107  -1.977   2.432   4.312  -1.035   1.727   5.281  -2.018   1.601   2.829  -3.387   1.718   2.228 0.3120
8         0.363   2.584   7.728  -0.597   2.224   8.767   0.063   2.206  10.141  -1.292   0.709   8.434  -2.530   0.897   7.608 0.4434
33       -2.645   6.231   0.778  -3.736   5.600   0.040  -4.891   5.242   0.967  -3.181   4.209  -0.765  -2.707   4.582  -2.138 0.2984
9        -1.548   2.070   4.997  -2.922   1.853   5.441  -3.303   2.832   6.545  -3.125   0.255   5.983  -3.550  -0.612   4.835 0.4206
59        3.749  -0.122  -1.920   3.597  -0.518  -3.317   4.844  -0.172  -4.124   2.233   0.231  -4.002   1.032  -0.647  -3.810 0.1790
35       -2.728   5.979   0.332  -3.872   5.177  -0.093  -4.414   4.341   1.060  -3.440   4.169  -1.392  -3.691   4.885  -2.686 0.3188
14        1.571  -0.863   5.931   1.178  -1.175   7.302  -0.279  -1.618   7.368   1.424   0.171   8.310   2.808   0.119   8.886 0.4005
51        7.083   0.875   2.395   7.058  -0.537   2.767   7.690  -1.402   1.683   5.462  -1.045   3.060   5.131  -0.842   4.509 0.2367
15       -4.513   3.816   2.079  -4.749   2.997   3.264  -6.241   2.829   3.526  -3.993   3.687   4.622  -2.600   3.145   4.746 0.4928
11        2.052   2.916  -5.746   2.446   1.520  -5.576   2.470   0.789  -6.913   1.391   0.733  -4.499   1.915   0.865  -3.100 0.4617
24        4.631   0.566  -2.206   4.749   0.195  -3.613   6.083   0.654  -4.190   3.467   0.857  -4.511   2.323  -0.112  -4.538 0.3171
99        4.939   2.521   1.624   6.025   3.210   0.932   6.387   4.511   1.637   5.596   3.521  -0.683   6.020   2.368  -1.544 0.1790
4         1.380   2.650  -4.309   0.129   3.137  -4.885   0.279   3.399  -6.379  -0.378   4.552  -4.092  -1.261   4.189  -2.936 0.4882
12        5.159  -2.049   4.988   5.210  -3.492   5.208   6.128  -4.169   4.197   3.650  -4.161   5.120   3.026  -4.156   6.484 0.4122
40       -2.585   6.769  -1.293  -3.433   6.127  -2.293  -4.862   5.973  -1.784  -2.801   4.608  -2.722  -1.862   4.766  -3.881 0.2442
129      -2.008   6.407   0.274  -3.276   5.683   0.285  -3.599   5.162   1.681  -3.231   4.393  -0.822  -3.719   4.866  -2.160 0.1722
9        -0.660   1.870   5.010  -0.126   0.524   5.199  -0.442  -0.002   6.593   1.554   0.512   4.938   1.834   0.226   3.492 0.4689
19        3.179   5.621   2.487   4.603   5.821   2.235   4.836   7.017   1.320   5.288   4.422   1.553   5.790   3.527   2.646 0.2944
73       -2.613   5.925   1.530  -3.776   5.078   1.781  -4.112   5.033   3.267  -3.501   3.505   1.197  -3.965   3.411  -0.226 0.2263
17       -2.293   7.239   2.457  -3.147   6.377   3.269  -2.368   5.183   3.808  -4.482   5.840   2.361  -5.616   6.809   2.519 0.3616
12        1.184   0.925   5.712   1.709  -0.438   5.731   2.345  -0.762   7.078   2.843  -0.654   4.483   2.142  -1.133   3.247 0.3412
16        3.294   1.748   5.217   2.615   0.513   5.598   3.586  -0.662   5.627   1.335   0.185   4.528   0.078   0.823   5.042 0.4104
16        3.708   1.304   3.296   3.900  -0.077   2.863   5.064  -0.188   1.885   2.479  -0.678   2.149   1.623  -1.318   3.202 0.3688
30       -2.596   7.907   1.041  -3.281   7.673   2.310  -2.293   7.275   3.401  -4.468   6.470   2.130  -5.772   7.106   1.750 0.4091
34        5.978   1.646  -0.214   5.921   0.188  -0.197   6.071  -0.384  -1.602   4.461  -0.341   0.495   4.641  -0.511   1.974 0.2446
45       -1.976   6.677  -2.083  -3.178   6.022  -2.591  -4.137   5.678  -1.458  -2.766   4.617  -3.455  -2.560   4.960  -4.900 0.2320
28        2.132   5.024   4.888   1.468   4.179   5.877   2.365   3.023   6.302   0.001   3.582   5.258  -1.108   4.535   5.592 0.3369
8        -2.326   3.785   1.212  -3.331   2.825   0.762  -4.266   3.452  -0.266  -4.226   2.239   2.083  -3.561   1.012   2.632 0.5321
7        -5.378   3.502   1.747  -6.755   3.492   1.262  -7.350   2.090   1.328  -6.827   4.081  -0.331  -7.038   5.566  -0.306 0.5092
23       -1.237   6.954  -3.262  -2.387   6.618  -4.097  -3.535   7.593  -3.869  -2.901   5.028  -3.786  -2.186   4.082  -4.704 0.2933
6        -3.533   3.204  -0.993  -4.665   2.765  -1.805  -5.027   3.811  -2.853  -6.011   2.438  -0.819  -5.985   0.998  -0.399 0.3127
18        4.769   3.461   5.117   4.310   2.573   6.180   5.155   1.306   6.241   2.673   2.173   5.953   1.810   3.174   6.662 0.3840
16       -0.670   3.802   6.919  -1.183   2.574   7.520  -2.469   2.838   8.295  -0.016   1.883   8.545   0.836   0.929   7.762 0.3511
10       -2.172   6.063  -3.552  -2.514   4.703  -3.960  -2.091   4.439  -5.400  -4.183   4.433  -3.784  -4.462   3.899  -2.411 0.3655
39        0.089   5.425   4.468  -0.567   4.484   5.371   0.456   3.662   6.145  -1.606   3.455   4.504  -2.974   4.067   4.437 0.2894
22       -3.664   2.790   5.191  -5.083   2.649   4.877  -5.283   1.905   3.562  -5.828   4.175   4.804  -6.349   4.543   6.161 0.4168
36       -0.389   5.879  -4.282  -1.503   5.184  -4.921  -2.801   5.405  -4.152  -1.174   3.521  -5.044  -0.487   3.243  -6.348 0.2451
37       -1.704   6.655  -2.418  -2.952   6.124  -2.958  -4.154   6.881  -2.405  -3.094   4.467  -2.606  -2.483   3.666  -3.717 0.3254
53       -1.588   7.664   0.772  -3.046   7.614   0.844  -3.534   7.878   2.264  -3.615   6.106   0.303  -3.870   6.169  -1.173 0.3174
9         3.855   2.471   3.290   5.072   1.811   2.826   5.852   1.216   3.993   6.051   2.906   1.969   5.690   2.865   0.514 0.4860
102       5.004   2.024   0.825   5.944   2.679  -0.080   6.671   3.823   0.617   5.135   3.256  -1.460   5.133   2.194  -2.519 0.1740
20       -1.739   5.073   3.603  -2.927   4.225   3.555  -3.427   3.901   4.958  -2.596   2.789   2.707  -2.899   2.987   1.252 0.3461
10       -1.282   2.261   6.295  -1.218   1.034   7.084  -2.593   0.387   7.204  -0.588   1.354   8.630   0.904   1.201   8.603 0.3858
73        5.809  -0.145   3.580   5.569  -1.586   3.568   6.648  -2.315   2.776   4.036  -1.927   2.916   3.018  -1.949   4.017 0.2693
58       -0.421   7.559   2.342  -1.834   7.555   2.713  -2.035   6.961   4.102  -2.744   6.686   1.570  -3.215   7.618   0.492 0.2422
51       -1.535   7.815  -0.308  -2.927   7.774  -0.747  -3.880   7.930   0.433  -3.249   6.321  -1.568  -2.980   6.504  -3.032 0.2728
18       -3.299   5.272  -0.481  -3.943   3.962  -0.521  -3.761   3.302  -1.882  -5.597   4.103  -0.157  -5.798   3.957   1.322 0.4147
27        3.218   3.281   6.523   3.675   2.003   7.061   4.350   1.163   5.984   2.373   1.145   7.739   2.238   1.503   9.189 0.3597
17        1.367   4.861  -2.597   1.091   6.230  -2.172   2.297   7.132  -2.409   0.651   6.265  -0.530  -0.837   6.118  -0.409 0.3687
12       -0.190   3.095   6.296  -1.410   3.396   7.040  -1.651   4.899   7.115  -1.326   2.740   8.606  -1.889   1.349   8.597 0.5060
5         2.563   2.012  -3.970   2.535   0.659  -3.422   3.905   0.254  -2.890   2.016  -0.449  -4.602   0.524  -0.586  -4.538 0.1944
65       -1.536   4.548   4.044  -2.425   3.417   4.294  -1.689   2.288   5.007  -3.090   2.850   2.835  -4.377   3.569   2.560 0.2721
16       -4.223   4.031   4.699  -5.650   4.174   4.972  -6.237   2.876   5.515  -6.479   4.645   3.564  -6.527   6.142   3.489 0.4295
13       -1.630   4.181   6.741  -2.627   3.261   7.282  -2.388   1.840   6.787  -4.194   3.769   6.860  -4.725   4.685   7.922 0.2326
17       -0.288   5.209   0.811   0.243   5.918   1.971   0.836   7.263   1.569   1.420   4.973   2.756   0.762   4.123   3.801 0.2788
66        7.599   1.644   1.113   7.835   0.254   1.494   8.138  -0.606   0.272   6.490  -0.370   2.327   6.657  -0.127   3.798 0.2471
7        -5.256   5.110   1.143  -6.042   3.957   0.714  -7.335   4.396   0.036  -6.392   2.951   2.040  -5.307   1.927   2.190 0.4851
9         1.552   2.218  -4.898   0.387   1.807  -5.677   0.057   2.834  -6.754  -0.955   1.575  -4.661  -0.989   0.151  -4.194 0.3620
43        1.658   3.150  -4.795   0.792   2.037  -5.172  -0.558   2.536  -5.671   0.574   0.983  -3.855   1.639  -0.072  -3.878 0.3208
101      -2.444   5.569   1.851  -3.317   4.491   2.308  -2.944   4.044   3.717  -3.241   3.172   1.238  -4.290   3.328   0.178 0.1604
40       -1.753   6.611   1.269  -3.113   6.089   1.380  -3.196   4.996   2.438  -3.643   5.490  -0.121  -4.319   6.588  -0.887 0.2884
29        6.683   3.127   3.562   6.498   2.394   4.811   7.071   0.985   4.711   4.849   2.324   5.220   4.495   3.507   6.071 0.3507
19       -1.448   4.191   4.097  -2.785   3.643   3.884  -2.918   2.261   4.511  -3.136   3.566   2.222  -3.787   4.846   1.789 0.3583
19        5.212   4.472  -2.249   5.936   3.218  -2.065   5.734   2.287  -3.254   5.436   2.450  -0.632   6.299   2.907   0.507 0.2141
8        -3.120   4.473   2.390  -2.872   3.140   2.932  -3.649   2.920   4.225  -1.210   2.910   3.203  -0.578   2.331   1.972 0.4788
51       -1.097   5.724   5.188  -0.673   4.755   6.195   0.621   4.065   5.781  -1.892   3.600   6.456  -2.800   4.071   7.553 0.2830
10        0.101   2.623   5.361  -0.536   2.429   6.660   0.239   3.140   7.763  -0.667   0.771   7.014  -1.975   0.251   6.496 0.4444
96        0.109   6.631   4.626   0.806   5.907   5.685   1.977   5.108   5.126  -0.268   4.873   6.503  -0.887   5.604   7.657 0.2443
56       -1.470   6.056   2.237  -2.769   5.402   2.368  -2.693   4.217   3.323  -3.333   4.891   0.848  -4.148   5.984   0.223 0.1885
79       -1.573   7.169   1.383  -2.990   6.846   1.532  -3.295   6.350   2.940  -3.455   5.677   0.388  -3.926   6.359  -0.861 0.2164
107      -1.991   6.618   0.067  -3.321   6.047   0.257  -3.726   6.075   1.726  -3.372   4.453  -0.332  -3.780   4.465  -1.775 0.1986
10        2.325   5.966  -3.724   3.347   6.376  -2.764   4.730   5.912  -3.204   2.989   5.762  -1.220   2.146   6.752  -0.471 0.3523
7         4.880   3.090  -4.512   4.756   1.856  -5.283   3.607   1.945  -6.280   4.527   0.529  -4.246   5.859  -0.050  -3.872 0.2785
17       -2.130   5.049   3.849  -2.525   3.683   4.181  -3.810   3.667   5.000  -1.282   2.895   5.031  -0.371   2.204   4.060 0.5118
13       -1.177   3.386   4.787  -2.287   3.682   5.689  -2.709   2.440   6.466  -3.609   4.303   4.819  -3.503   5.797   4.748 0.5392
34       -2.049   7.528   0.400  -3.206   7.346  -0.472  -4.218   6.393   0.150  -2.716   6.765  -1.993  -2.437   7.923  -2.905 0.3205
9        -2.941   7.007   2.742  -4.078   6.100   2.611  -5.063   6.603   1.562  -4.865   5.916   4.107  -4.260   4.762   4.851 0.5201
7        -3.368   2.821   5.647  -2.938   1.744   6.535  -3.239   0.379   5.928  -3.695   1.889   8.051  -2.845   2.731   8.955 0.5443
4         1.501  -0.129  -4.703   1.760  -1.046  -5.809   0.952  -0.659  -7.043   1.399  -2.644  -5.353   2.623  -3.286  -4.771 0.2001
10       -0.089   6.144  -4.569   0.202   5.026  -5.461   0.119   5.453  -6.922  -0.869   3.738  -5.168  -0.285   2.828  -4.129 0.4631
14        3.311   2.767   3.131   4.715   2.391   2.990   5.427   3.293   1.989   4.848   0.766   2.508   4.922  -0.111   3.723 0.3342
55       -0.917   6.982   2.302  -2.255   6.714   2.820  -2.240   6.587   4.338  -2.888   5.298   2.122  -3.638   5.649   0.872 0.2587
90        5.362   0.417   4.095   4.957  -0.977   4.254   5.866  -1.906   3.457   3.341  -1.185   3.768   2.435  -0.977   4.944 0.2053
71        4.606   1.809   1.971   5.670   1.466   1.032   7.036   1.858   1.583   5.406   2.223  -0.467   4.587   1.323  -1.344 0.3104
20        3.047   0.898  -3.411   2.035   0.391  -4.333   2.037   1.180  -5.638   0.495   0.452  -3.616   0.227  -0.837  -2.897 0.3148
12       -0.688   4.876   4.512  -0.683   3.547   5.117  -1.970   3.292   5.892   0.661   3.369   6.143   1.818   2.821   5.362 0.5924
11        0.357   1.129   7.801  -0.570   1.332   8.910  -0.312   0.331  10.031  -2.178   1.203   8.372  -2.673   2.553   7.947 0.5119
46        4.603   2.703   2.426   5.934   2.883   1.852   6.843   3.651   2.804   5.832   3.694   0.361   5.687   2.692  -0.745 0.2080
4         0.369   0.762   4.823   0.956  -0.499   5.266   0.095  -1.684   4.843   1.158  -0.499   6.954   2.514   0.044   7.295 0.6204
99       -2.206   5.888   2.283  -3.414   5.081   2.421  -3.477   4.416   3.791  -3.482   3.902   1.197  -4.206   4.458   0.007 0.1940
10        3.012   0.871  -5.380   4.266   0.276  -4.928   4.403  -1.159  -5.423   4.365   0.319  -3.231   5.024   1.595  -2.800 0.5062
7        -5.201   4.683   1.889  -6.414   4.766   1.082  -7.172   6.059   1.361  -7.418   3.426   1.379  -7.073   2.322   0.424 0.4890
8         4.190   2.400   3.161   5.644   2.428   3.031   6.063   2.990   1.678   6.289   0.868   3.240   6.603   0.647   4.690 0.6135
15        2.427   2.073   3.486   3.666   1.302   3.538   4.771   1.984   2.740   3.410  -0.273   2.951   3.015  -1.171   4.085 0.4183
11        4.624   1.660  -4.378   4.187   0.311  -4.727   5.085  -0.297  -5.799   2.573   0.329  -5.261   1.657   0.129  -4.090 0.4774
60        4.337   0.212   4.689   3.972  -1.199   4.610   5.126  -2.035   4.069   2.596  -1.403   3.633   1.363  -1.318   4.482 0.2509
5        -2.952  -0.758  -4.656  -4.406  -0.888  -4.613  -4.984  -1.054  -6.013  -5.100   0.464  -3.851  -5.214   0.205  -2.378 0.6616
TOTRMS: 0.2710
BEFORE: 687 0.20377202081433773
AFTER: 200 0.27099689823500744
