2961      2.045   1.190   0.575   2.952   2.332   0.642   3.760   2.467  -0.643   3.997   2.182   1.975   3.375   2.834   3.174 0.0513
8226      1.985   1.230   0.700   2.885   2.378   0.756   3.462   2.690  -0.620   4.142   2.092   1.864   3.730   2.577   3.223 0.0497
2066      2.005   1.219   0.652   2.857   2.397   0.786   3.988   2.376  -0.235   3.494   2.492   2.360   2.565   3.287   3.228 0.0557
1086      2.134   1.167   0.224   2.997   2.343   0.276   3.071   3.031  -1.083   4.557   1.912   0.797   4.632   2.014   2.291 0.0645
475       2.112   1.172   0.274   3.004   2.327   0.321   2.681   3.221   1.512   2.897   3.218  -1.123   3.909   2.704  -2.104 0.0704
216       2.138   1.148   0.164   3.032   2.301   0.106   3.336   2.830   1.502   2.351   3.532  -0.849   2.780   3.355  -2.275 0.0728
426       2.021   1.220   0.599   2.888   2.386   0.736   4.314   2.063   0.306   2.876   2.951   2.339   1.785   3.967   2.503 0.0650
21        1.990   1.227   0.607   2.905   2.364   0.658   3.902   2.215   1.801   2.037   3.816   0.827   1.715   4.367  -0.530 0.1228
609       2.151   1.144   0.166   3.028   2.307   0.256   4.074   2.293  -0.853   3.790   2.361   1.775   2.945   3.150   2.730 0.0672
3487      1.958   1.239   0.728   2.816   2.412   0.872   3.777   2.537  -0.304   3.686   2.335   2.331   2.898   3.002   3.419 0.0576
587       2.157   1.131   0.086   3.059   2.278   0.142   3.708   2.533  -1.213   4.255   2.035   1.325   3.776   2.576   2.640 0.0644
781       2.126   1.161   0.318   3.034   2.301   0.228   3.388   2.607  -1.222   4.449   2.004   1.124   4.262   2.493   2.529 0.0676
3096      2.036   1.209   0.591   2.932   2.362   0.620   3.316   2.794  -0.790   4.328   2.006   1.522   4.103   2.372   2.958 0.0573
707       2.131   1.163  -0.235   3.012   2.328  -0.238   2.587   3.336  -1.298   4.623   1.852  -0.499   5.284   1.578   0.819 0.0785
489       2.081   1.197   0.487   2.856   2.412   0.722   4.183   2.371  -0.026   3.131   2.628   2.386   2.016   3.440   2.976 0.0693
765       2.145   1.168   0.013   3.014   2.336   0.127   2.815   3.285  -1.049   4.643   1.857   0.220   5.024   1.657   1.657 0.0688
106       1.935   1.255   0.749   2.900   2.349   0.806   2.204   3.683   1.044   3.808   2.413  -0.630   5.035   1.563  -0.485 0.1000
761       2.152   1.146   0.100   3.028   2.307   0.225   3.375   2.882  -1.144   4.450   1.890   1.059   4.249   2.110   2.529 0.0664
193       1.959   1.260   0.690   2.817   2.435   0.813   4.286   2.037   0.890   2.386   3.343   2.185   1.352   4.361   1.806 0.1020
277       2.014   1.218   0.587   2.910   2.367   0.685   2.208   3.557   1.328   3.493   2.796  -0.854   4.767   2.055  -1.130 0.0859
200       2.001   1.221   0.620   2.973   2.310   0.578   2.572   3.440   1.519   3.134   2.901  -1.008   4.220   2.146  -1.715 0.0955
451       2.145   1.142  -0.074   3.058   2.279  -0.141   3.010   3.098   1.144   2.682   3.264  -1.474   3.457   2.802  -2.672 0.0784
6827      1.930   1.254   0.782   2.811   2.414   0.884   3.549   2.660  -0.427   3.926   2.203   2.150   3.350   2.754   3.421 0.0480
107       2.160   1.128  -0.162   3.015   2.294  -0.366   3.906   2.541   0.846   2.073   3.672  -0.688   1.857   3.796  -2.167 0.0838
760       2.160   1.149  -0.009   3.019   2.325  -0.108   2.849   3.017  -1.455   4.647   1.892   0.124   4.988   1.988   1.581 0.0705
964       1.962   1.246   0.728   2.777   2.445   0.900   4.058   2.359   0.079   3.151   2.677   2.542   2.091   3.524   3.182 0.0601
360       2.141   1.137  -0.201   3.040   2.285  -0.283   3.267   2.703  -1.731   4.527   1.928   0.461   4.465   2.308   1.910 0.0727
365       2.121   1.163   0.301   3.017   2.309   0.418   2.498   3.310   1.444   3.211   3.068  -1.091   4.376   2.459  -1.812 0.0741
174       2.071   1.190   0.467   3.026   2.287   0.335   3.016   3.176   1.573   2.678   3.212  -1.049   3.428   2.656  -2.223 0.0883
67        1.987   1.223  -0.670   2.907   2.354  -0.737   2.221   3.587  -1.313   4.271   1.955  -1.672   5.332   1.374  -0.785 0.0893
288       2.074   1.181  -0.456   2.982   2.324  -0.474   2.406   3.469  -1.299   4.499   1.867  -1.091   5.381   1.414   0.035 0.0793
484       2.133   1.163   0.274   2.994   2.340   0.344   4.253   2.150  -0.494   3.412   2.675   1.957   2.397   3.604   2.554 0.0678
378       2.073   1.192   0.419   2.944   2.362   0.475   2.802   3.088   1.808   2.595   3.424  -0.806   3.444   3.073  -1.991 0.0668
267       2.027   1.228   0.614   2.757   2.462   0.890   4.211   2.351   0.445   2.681   2.840   2.546   1.482   3.702   2.807 0.0853
212       2.125   1.169   0.196   2.982   2.345   0.319   2.976   2.882   1.745   2.483   3.558  -0.763   3.204   3.391  -2.068 0.0780
68        1.885   1.302   0.795   2.773   2.456   0.902   4.093   2.072   1.561   2.023   3.702   1.782   1.271   4.596   0.841 0.1096
1303      1.976   1.235   0.681   2.792   2.428   0.889   3.511   2.831  -0.393   3.921   2.165   2.133   3.319   2.567   3.447 0.0638
966       1.923   1.268   0.770   2.706   2.480   0.993   3.825   2.608  -0.034   3.354   2.488   2.565   2.390   3.155   3.500 0.0643
203       2.120   1.140  -0.317   3.029   2.276  -0.448   3.354   2.879   0.914   2.355   3.460  -1.465   2.769   3.196  -2.882 0.0853
613       2.049   1.224   0.491   2.849   2.426   0.706   3.121   3.148  -0.608   4.317   2.032   1.469   4.141   2.100   2.957 0.0749
449       2.149   1.131  -0.154   3.063   2.269  -0.199   3.859   2.282  -1.499   4.121   2.233   1.132   3.515   2.996   2.272 0.0828
358       2.127   1.153  -0.262   3.031   2.297  -0.196   3.018   3.084  -1.502   4.613   1.784   0.159   4.812   1.770   1.645 0.0799
53        2.099   1.164   0.386   2.976   2.332   0.363   3.681   2.516   1.701   2.091   3.730  -0.027   2.091   3.924  -1.514 0.0998
149       1.886   1.289   0.818   2.779   2.440   0.919   4.112   2.163   0.234   3.035   2.850   2.549   1.998   3.843   2.984 0.0758
69        2.063   1.163   0.487   2.959   2.313   0.568   3.326   2.622   2.015   2.244   3.675  -0.156   2.610   3.719  -1.610 0.0901
469       2.114   1.189   0.244   2.948   2.362   0.486   2.970   3.280  -0.730   4.531   1.891   0.890   4.641   1.729   2.377 0.0730
247       2.152   1.126  -0.126   3.039   2.277  -0.267   3.628   2.684   1.078   2.204   3.587  -0.959   2.334   3.531  -2.452 0.0771
51        2.040   1.201   0.607   3.089   2.191   0.383   3.707   2.033  -1.001   4.293   2.060   1.577   3.948   2.950   2.734 0.1054
85        1.910   1.263   0.779   2.942   2.296   0.749   2.427   3.603   1.339   3.484   2.547  -0.843   4.641   1.636  -1.127 0.0933
310       2.033   1.206   0.534   2.879   2.385   0.696   2.421   3.231   1.878   2.877   3.317  -0.725   3.990   2.864  -1.623 0.0675
215       2.118   1.166   0.306   3.051   2.287   0.231   4.207   1.977  -0.712   3.646   2.668   1.778   2.753   3.687   2.420 0.0803
535       2.142   1.149   0.241   2.994   2.316   0.449   3.868   2.582  -0.771   3.966   2.103   1.828   3.249   2.636   3.032 0.0772
584       1.974   1.236   0.718   2.907   2.359   0.727   3.816   2.327  -0.496   3.840   2.343   2.148   3.147   3.143   3.210 0.0583
1047      2.090   1.174   0.449   2.997   2.318   0.463   3.930   2.293  -0.742   3.902   2.341   1.902   3.169   3.138   2.941 0.0629
14        2.192   1.136   0.081   3.073   2.283   0.284   3.646   2.292   1.696   2.238   3.733  -0.017   2.384   4.104  -1.463 0.0875
574       2.127   1.171   0.319   2.936   2.366   0.540   4.119   2.415  -0.420   3.488   2.419   2.148   2.493   3.155   2.994 0.0716
133       2.057   1.189   0.511   2.954   2.341   0.503   3.086   2.944   1.896   2.400   3.517  -0.592   3.001   3.266  -1.943 0.0819
171       2.108   1.169   0.292   3.056   2.278   0.239   2.530   3.487   1.004   3.380   2.705  -1.375   4.552   1.916  -1.875 0.0775
26        2.162   1.131  -0.077   3.002   2.321  -0.187   4.233   2.207   0.705   2.115   3.713   0.219   1.473   4.273  -1.015 0.1208
97        2.024   1.217   0.569   2.825   2.410   0.828   2.180   3.283   1.898   3.038   3.304  -0.603   4.281   2.840  -1.301 0.0836
663       2.153   1.155   0.183   3.035   2.311   0.052   3.145   2.755  -1.402   4.577   1.954   0.672   4.625   2.309   2.128 0.0730
955       2.124   1.156   0.323   3.054   2.280   0.252   3.654   2.409  -1.143   4.292   2.099   1.404   3.879   2.755   2.688 0.0668
395       2.139   1.140  -0.230   3.050   2.280  -0.238   3.562   2.564  -1.646   4.358   2.003   0.812   4.017   2.514   2.180 0.0821
220       2.092   1.193   0.351   3.012   2.326   0.357   4.385   1.921  -0.167   3.153   2.968   1.926   2.120   4.037   2.123 0.0835
127       1.706   1.412   0.990   2.505   2.623   1.152   3.720   2.607   0.232   3.001   2.794   2.770   1.976   3.585   3.526 0.0839
273       2.077   1.185   0.413   2.920   2.363   0.599   2.627   3.044   1.931   2.694   3.461  -0.680   3.670   3.158  -1.777 0.0692
194       2.143   1.149   0.074   3.043   2.280  -0.132   3.240   3.067   1.158   2.443   3.301  -1.352   2.981   2.862  -2.681 0.0780
164       2.149   1.149  -0.134   3.025   2.316  -0.095   4.184   2.166  -1.074   3.620   2.560   1.480   2.686   3.459   2.233 0.0857
4         1.950   1.236   0.820   2.870   2.337   1.089   2.216   3.682   0.793   4.289   2.164   0.169   5.296   1.371   0.948 0.1275
90        2.044   1.193  -0.546   2.956   2.331  -0.609   3.093   2.846  -2.037   4.483   1.903   0.005   4.525   2.182   1.479 0.0919
3         2.080   1.144   0.447   3.096   2.048  -0.084   4.226   1.271  -0.751   3.718   3.034   1.153   2.906   4.292   1.245 0.1715
249       2.169   1.133  -0.066   3.051   2.283   0.112   3.998   2.437  -1.072   3.940   2.131   1.554   3.180   2.767   2.679 0.0747
12        1.903   1.239  -0.771   2.779   2.378  -1.028   3.653   2.682   0.183   1.864   3.748  -1.446   1.674   3.789  -2.933 0.1078
404       2.163   1.131  -0.081   3.088   2.261  -0.066   2.819   3.174   1.125   2.972   3.143  -1.514   3.944   2.592  -2.514 0.0725
520       2.128   1.161   0.267   2.980   2.330   0.464   3.526   2.842  -0.864   4.262   1.959   1.518   3.847   2.247   2.930 0.0736
156       2.039   1.229   0.586   2.710   2.472   0.956   4.028   2.629   0.206   2.984   2.522   2.633   1.811   3.164   3.312 0.0802
8         1.627   1.483   1.046   2.091   2.828   1.375   3.479   3.086   0.801   2.105   3.054   3.060   0.779   3.598   3.502 0.1339
12        1.561   1.421   1.073   2.437   2.541   1.409   3.258   2.977   0.201   3.468   2.123   2.695   2.813   2.478   3.996 0.1240
237       1.969   1.243   0.695   2.838   2.406   0.850   4.304   2.021   0.682   2.596   3.129   2.369   1.523   4.172   2.261 0.0704
9         2.084   1.174   0.532   3.199   2.061   0.215   2.816   3.522   0.425   3.716   1.818  -1.386   4.781   0.763  -1.413 0.1501
32        1.851   1.340   0.870   2.809   2.439   0.792   3.950   2.105  -0.161   3.424   2.800   2.335   2.559   3.838   2.988 0.0895
23        2.091   1.187  -0.465   2.864   2.388  -0.768   3.975   2.598   0.254   1.849   3.751  -0.815   1.337   3.946  -2.211 0.0794
5         1.656   1.407   1.048   2.537   2.565   1.176   2.934   2.794   2.630   1.785   3.955   0.550   2.117   4.090  -0.906 0.1280
24        1.968   1.257   0.669   2.996   2.293   0.621   4.376   1.686   0.391   2.991   3.201   2.058   2.062   4.369   1.908 0.1037
220       2.093   1.202  -0.391   2.924   2.397  -0.506   2.576   3.189  -1.761   4.571   1.976  -0.520   5.096   1.965   0.885 0.0853
1         1.422   1.612  -1.090   1.736   2.989  -1.460   1.003   3.396  -2.733   3.413   3.180  -1.666   4.035   3.579  -0.361 0.0003
TOTRMS: 0.0632
BEFORE: 86 0.06319602395813685
AFTER: 86 0.06319602395813685
