10000     3.841   1.622  -1.145   4.533   1.741  -2.425   3.591   2.242  -3.513   5.204   0.246  -2.878   6.600   0.141  -2.339 0.0757
249       2.250   2.642   2.579   2.023   3.357   3.832   3.095   3.014   4.860   0.483   2.993   4.452  -0.516   3.977   3.919 0.1483
1917      3.870   1.475  -1.282   4.736   1.461  -2.457   6.178   1.148  -2.073   4.660   2.953  -3.269   3.567   2.907  -4.296 0.0991
219       2.785   2.344   2.393   2.814   2.940   3.726   4.216   2.882   4.322   1.711   2.152   4.752   0.379   2.836   4.673 0.1517
1327      3.851   1.572  -1.498   4.741   1.616  -2.654   4.364   2.755  -3.594   4.703   0.135  -3.489   5.759  -0.776  -2.937 0.1109
4090      3.867   1.692  -1.069   4.686   1.833  -2.269   3.817   1.986  -3.512   5.721   0.495  -2.442   7.018   0.772  -1.742 0.0863
139       2.014   2.741   2.591   1.670   3.480   3.802   1.819   2.605   5.040   0.082   4.080   3.700   0.104   5.449   3.086 0.1462
150       2.909   4.247  -1.304   3.016   5.001  -2.550   3.909   6.225  -2.375   1.476   5.475  -3.091   0.914   4.415  -3.991 0.1502
2592      3.531   1.795  -1.563   4.058   2.053  -2.900   3.140   2.985  -3.682   4.267   0.594  -3.747   5.648   0.065  -3.501 0.0989
111       2.353   2.620   2.540   2.063   3.378   3.753   3.334   3.974   4.346   1.292   2.388   4.901  -0.193   2.466   4.712 0.1514
154       3.160   1.875  -2.059   3.335   2.156  -3.481   4.768   2.579  -3.784   2.251   3.365  -3.985   0.975   2.730  -4.452 0.1506
412       4.396   1.585  -0.774   5.567   1.666  -1.642   5.267   2.481  -2.894   6.094   0.108  -2.073   7.096  -0.377  -1.068 0.1389
558       4.546   1.534  -0.093   5.856   1.552  -0.738   5.739   1.256  -2.228   6.896   0.428   0.000   7.638   1.094   1.121 0.1190
149       1.688   2.733   2.631   1.125   3.477   3.755   1.541   2.860   5.085  -0.571   3.530   3.641  -0.982   4.745   2.864 0.1439
151       2.861   2.968  -1.880   2.916   3.884  -3.016   1.517   4.205  -3.530   3.859   3.223  -4.267   5.288   3.642  -4.090 0.1470
660       3.777   1.589  -1.692   4.706   1.526  -2.817   4.851   2.888  -3.485   4.186   0.372  -3.952   4.784  -0.963  -3.617 0.1242
189       2.206   3.066  -2.262   1.898   4.061  -3.286   0.598   4.790  -2.968   1.796   3.326  -4.816   3.146   3.337  -5.467 0.1211
83        1.845   2.817   2.649   1.523   3.522   3.886   1.048   2.553   4.962   0.337   4.707   3.602   1.001   6.004   3.247 0.1313
251       4.481   1.757  -1.076   5.731   1.233  -1.619   6.857   2.251  -1.485   5.532   0.795  -3.249   5.103  -0.640  -3.333 0.1323
218       3.812   1.622  -1.334   4.348   1.713  -2.689   5.707   2.404  -2.698   3.264   2.545  -3.701   2.319   1.568  -4.333 0.1491
29        2.084   3.633  -1.920   1.879   4.128  -3.278   2.146   5.627  -3.361   0.298   3.788  -3.802   0.274   2.450  -4.479 0.1992
34        1.677   2.905   2.575   0.926   3.763   3.487   1.856   4.477   4.461  -0.228   2.853   4.343  -1.519   2.838   3.580 0.1971
124       1.730   2.718   2.648   1.256   3.464   3.810   2.272   3.416   4.945  -0.239   2.851   4.339  -1.352   3.578   3.644 0.1471
27        2.167   3.123   2.334   2.121   3.817   3.618   0.997   3.278   4.494   1.925   5.490   3.381   3.272   6.142   3.280 0.2083
783       3.698   1.516  -1.541   4.363   1.648  -2.834   5.546   0.693  -2.943   4.882   3.249  -3.073   3.798   4.030  -3.753 0.1136
3363      3.608   1.718  -1.425   4.216   1.900  -2.740   3.152   2.022  -3.824   5.264   0.609  -3.093   6.645   0.939  -2.608 0.0888
951       3.128   1.903  -2.050   3.395   2.243  -3.444   2.387   3.261  -3.963   3.365   0.846  -4.412   4.741   0.255  -4.481 0.1182
125       2.562   4.435  -1.200   2.300   5.267  -2.371   3.565   5.464  -3.199   1.671   6.774  -1.899   0.175   6.697  -1.843 0.1349
152       4.620   1.327  -0.188   6.016   1.138  -0.573   6.330   1.868  -1.874   6.367  -0.518  -0.735   6.844  -1.059   0.580 0.1516
226       2.160   2.684   2.566   1.865   3.417   3.793   2.582   2.799   4.988   0.189   3.454   4.074  -0.402   4.667   3.420 0.1455
351       2.994   2.750  -1.969   3.088   3.576  -3.170   1.773   4.297  -3.444   3.522   2.626  -4.511   5.016   2.591  -4.636 0.1364
3767      3.538   1.688  -1.554   4.013   1.870  -2.923   2.880   2.308  -3.843   4.715   0.435  -3.503   6.181   0.431  -3.186 0.0857
592       3.588   1.544  -1.642   4.191   1.603  -2.971   5.707   1.477  -2.891   3.765   3.052  -3.752   2.500   2.847  -4.531 0.1185
85        3.486   2.019   1.865   4.029   2.431   3.156   5.535   2.649   3.073   3.672   1.272   4.347   2.361   1.608   4.994 0.1549
6         2.645   4.357   1.868   2.098   5.274   2.864   2.794   5.101   4.209   0.424   5.031   3.038  -0.312   5.920   2.079 0.2128
43        2.825   2.231  -2.403   2.889   2.764  -3.760   4.269   2.549  -4.370   2.499   4.419  -3.767   1.022   4.584  -3.965 0.1758
61        1.999   3.242   2.371   1.590   4.323   3.263   2.764   4.821   4.097   0.329   3.807   4.280  -0.990   4.090   3.625 0.1731
825       4.182   1.640  -0.769   5.252   1.734  -1.758   4.741   1.395  -3.153   6.538   0.704  -1.341   7.514   1.447  -0.478 0.1208
74        2.757   3.332  -1.917   3.045   3.683  -3.305   3.603   5.097  -3.409   1.644   3.536  -4.257   1.561   2.146  -4.814 0.1909
166       4.765   1.377   0.503   6.216   1.321   0.349   6.604   1.033  -1.097   6.877   0.139   1.377   7.222   0.761   2.697 0.1419
60        2.638   2.688   2.561   2.668   3.500   3.775   4.097   3.881   4.144   1.935   2.668   5.063   0.471   2.992   5.099 0.1473
48        2.500   2.393   2.350   2.342   2.965   3.684   1.129   3.886   3.746   3.744   3.816   4.135   4.686   2.887   4.841 0.1676
1165      4.172   1.375  -0.867   5.276   1.246  -1.813   6.621   1.293  -1.098   5.197   2.472  -2.988   4.380   1.997  -4.153 0.1008
136       3.635   1.842   1.798   4.315   2.112   3.061   5.682   1.439   3.103   3.366   1.585   4.370   2.472   2.701   4.821 0.1513
49        2.319   2.855  -2.275   2.152   3.697  -3.456   1.249   4.888  -3.158   1.514   2.790  -4.745   2.638   2.201  -5.545 0.1546
93        3.000   2.291   2.140   3.050   2.895   3.468   4.439   3.447   3.767   2.606   1.760   4.653   1.124   1.825   4.877 0.1462
20        3.675   3.800   2.298   3.592   4.601   3.517   4.215   5.977   3.313   4.357   3.799   4.806   3.360   2.935   5.520 0.1922
1038      3.351   1.754  -2.053   3.879   1.960  -3.398   3.333   3.244  -4.011   3.505   0.633  -4.393   4.607  -0.381  -4.310 0.1286
103       3.410   2.340  -1.814   4.153   2.347  -3.071   4.375   3.770  -3.570   3.334   1.436  -4.250   3.797   0.011  -4.192 0.1820
93        1.714   3.501   2.335   0.969   4.624   2.895   1.901   5.773   3.261   0.089   4.129   4.263  -1.275   3.669   3.840 0.1508
66        4.087   1.712   1.581   5.125   1.864   2.597   6.488   1.449   2.056   4.742   0.948   3.977   3.940   1.787   4.928 0.2157
1201      3.649   1.516  -1.562   4.306   1.594  -2.864   5.693   0.963  -2.817   4.418   3.212  -3.376   3.199   3.570  -4.171 0.1081
62        2.369   4.622  -0.952   1.822   5.678  -1.799   2.689   5.895  -3.034   1.679   7.128  -0.924   0.326   7.192  -0.279 0.1713
6275      3.866   1.613  -1.083   4.602   1.719  -2.340   3.779   2.445  -3.397   5.042   0.176  -2.901   6.389  -0.190  -2.352 0.0822
192       2.828   4.326  -1.260   2.797   5.138  -2.472   4.096   5.917  -2.644   1.476   6.208  -2.437   0.283   5.551  -3.063 0.1428
17        2.670   2.834  -2.069   2.819   2.743  -3.519   3.425   4.020  -4.089   1.317   2.432  -4.252   1.111   0.951  -4.361 0.2332
108       2.727   4.519  -1.122   2.490   5.511  -2.167   3.803   6.080  -2.692   1.503   6.765  -1.581   0.063   6.425  -1.828 0.1538
100       2.805   2.599   2.537   2.893   3.328   3.799   4.068   2.836   4.636   1.446   3.170   4.677   0.512   4.284   4.307 0.1657
186       2.854   4.185  -1.350   2.942   4.825  -2.660   4.385   5.176  -3.004   1.976   6.223  -2.703   0.597   5.864  -3.171 0.1402
95        2.455   4.461  -0.948   2.224   5.424  -2.021   0.746   5.491  -2.390   3.149   5.021  -3.390   4.483   5.702  -3.310 0.1173
51        1.445   3.165   2.421   0.743   4.162   3.224   1.402   4.332   4.588  -0.890   3.728   3.416  -1.699   4.319   2.300 0.1599
39        3.304   2.095   1.779   3.667   2.504   3.132   2.743   3.604   3.640   5.283   3.032   3.179   6.181   1.870   3.482 0.1512
6         3.976   3.792   2.020   3.967   4.760   3.113   4.231   4.079   4.451   2.482   5.586   3.162   2.567   6.818   2.311 0.1740
820       3.375   1.887  -1.818   3.850   2.207  -3.161   2.760   1.969  -4.200   5.227   1.284  -3.539   6.459   2.030  -3.121 0.1309
20        3.669   1.948   1.942   4.514   2.109   3.122   4.161   3.383   3.880   6.155   2.131   2.677   6.698   0.734   2.701 0.1898
968       3.113   1.875  -2.045   3.327   2.180  -3.457   2.075   2.779  -4.086   3.792   0.780  -4.302   5.287   0.659  -4.286 0.1187
16        3.501   1.937   1.704   4.109   2.211   3.003   3.047   2.506   4.055   5.194   3.515   2.886   6.563   2.999   2.555 0.2012
40        2.333   2.553   2.599   2.326   3.110   3.948   2.114   2.019   4.991   1.118   4.298   4.094   1.689   5.638   3.737 0.1183
6         3.714   3.258   2.769   3.690   4.031   4.007   5.036   4.696   4.266   3.268   3.037   5.320   1.779   3.045   5.496 0.2045
47        3.366   2.164   2.071   3.815   2.652   3.372   4.799   1.680   4.012   2.486   2.901   4.403   1.990   4.307   4.248 0.1502
81        2.599   3.436  -1.986   2.651   3.710  -3.419   3.785   4.672  -3.754   1.168   4.347  -3.955   0.268   3.227  -4.384 0.1821
578       4.460   1.382  -0.249   5.737   1.269  -0.947   6.905   1.356   0.028   5.875   2.481  -2.131   5.325   1.975  -3.431 0.1178
5         3.690   2.457  -1.828   4.181   1.084  -1.908   5.663   1.010  -1.558   3.916   0.449  -3.462   2.574  -0.219  -3.507 0.1299
1100      3.990   1.493  -1.224   4.949   1.464  -2.324   4.291   1.870  -3.637   5.637  -0.084  -2.470   6.875  -0.163  -1.627 0.1211
1         1.623   3.766   2.172   1.403   4.854   3.121   1.532   6.211   2.440   2.502   4.744   4.414   1.905   3.910   5.508 0.0006
46        2.423   4.547  -0.940   1.964   5.592  -1.851   0.492   5.913  -1.621   2.213   5.124  -3.466   3.570   5.579  -3.915 0.1380
15        3.429   3.659  -1.595   3.960   4.186  -2.849   3.140   5.375  -3.335   3.987   2.971  -4.038   5.303   2.254  -3.990 0.2742
9         2.360   4.308   1.697   2.172   5.005   2.967   1.002   4.418   3.747   1.921   6.666   2.700   3.240   7.379   2.710 0.1524
233       3.140   4.171  -1.244   3.463   4.855  -2.493   4.724   5.699  -2.346   2.162   5.832  -2.988   1.247   5.036  -3.870 0.1514
99        3.233   2.240   2.335   3.674   2.742   3.634   5.157   2.468   3.854   2.760   2.039   4.883   1.558   2.891   5.163 0.1600
55        2.427   4.405  -1.202   2.102   5.318  -2.295   2.745   6.683  -2.079   0.417   5.484  -2.448  -0.103   4.448  -3.399 0.1828
150       2.619   2.364   2.392   2.445   2.969   3.710   3.659   2.713   4.595   1.041   2.370   4.458  -0.126   3.243   4.102 0.1390
8         4.011   1.624   1.117   5.005   1.695   2.184   4.355   2.048   3.517   6.207   2.834   1.801   7.319   2.156   1.056 0.1899
58        2.030   3.587   2.252   1.503   4.806   2.858   2.563   5.900   2.902   0.928   4.488   4.427  -0.521   4.109   4.361 0.1657
4         4.453   1.325   1.024   5.622   1.109   1.871   6.816   1.916   1.374   6.017  -0.544   1.927   5.294  -1.192   3.070 0.2239
13        3.127   2.736   2.424   3.102   3.601   3.600   4.190   4.666   3.521   3.290   2.680   5.017   1.943   2.259   5.522 0.1566
70        1.777   3.417   2.334   1.378   4.547   3.168   2.082   4.508   4.519  -0.308   4.557   3.388  -0.949   5.365   2.299 0.1675
777       3.115   1.873  -2.036   3.366   2.171  -3.444   2.062   2.247  -4.229   4.389   0.996  -4.125   5.818   1.425  -3.966 0.1218
45        4.765   1.300   0.413   6.216   1.139   0.446   6.820   1.314  -0.942   6.630  -0.386   1.074   6.787  -0.288   2.563 0.1817
717       4.209   1.635  -0.805   5.232   1.746  -1.841   4.606   2.020  -3.204   6.169   0.329  -1.904   7.344   0.465  -0.981 0.1272
725       3.725   2.001  -1.436   4.315   2.385  -2.715   3.245   2.846  -3.698   5.194   1.089  -3.376   6.616   1.157  -2.904 0.1248
199       4.581   1.585  -0.300   5.955   1.588  -0.792   6.191   2.744  -1.756   6.315   0.111  -1.553   6.869  -0.850  -0.543 0.1556
98        4.012   1.550  -1.505   5.065   1.143  -2.432   5.950   2.325  -2.810   4.389   0.450  -3.830   4.240  -1.030  -3.632 0.1533
28        2.293   3.059   2.188   2.072   3.963   3.313   0.596   4.319   3.449   2.998   5.376   3.129   4.337   5.185   3.779 0.2259
83        2.233   2.932  -2.309   1.909   3.842  -3.404   0.405   3.904  -3.640   2.704   3.363  -4.829   4.042   4.035  -4.905 0.1319
56        2.244   4.626   0.909   1.669   5.750   1.642   0.213   5.974   1.250   2.571   7.164   1.364   3.654   7.277   2.396 0.1712
49        2.508   4.527  -1.129   2.050   5.507  -2.110   3.163   6.484  -2.470   0.700   6.353  -1.518  -0.555   5.635  -1.917 0.1470
131       3.495   2.059  -2.201   4.239   2.305  -3.433   4.103   3.758  -3.875   3.702   1.267  -4.668   4.510   0.004  -4.645 0.1589
31        2.642   2.832   2.442   2.740   3.685   3.623   3.345   2.927   4.799   1.209   4.292   4.045   0.978   5.597   3.344 0.1914
3         4.756   1.166   1.447   6.186   0.967   1.663   6.802   2.156   2.391   6.980   0.716   0.181   7.006  -0.751  -0.131 0.0918
17        2.333   3.248  -2.003   2.352   3.564  -3.428   1.803   4.962  -3.688   1.456   2.414  -4.303   2.358   1.292  -4.723 0.1933
41        2.034   2.911   2.538   1.847   3.622   3.800   1.034   2.789   4.784   1.082   5.117   3.530   2.120   6.174   3.296 0.1716
26        2.496   3.494  -1.817   2.676   4.089  -3.139   2.053   5.479  -3.205   2.000   3.089  -4.336   3.038   2.125  -4.827 0.1481
20        3.188   4.081   2.242   2.978   4.813   3.488   2.357   6.180   3.223   4.445   4.992   4.327   4.636   3.828   5.254 0.1599
1133      3.520   1.629  -1.899   4.183   1.700  -3.198   3.229   2.205  -4.274   4.800   0.177  -3.633   6.205   0.043  -3.125 0.1144
8         2.460   2.599  -2.336   2.201   3.286  -3.598   1.837   2.296  -4.697   3.556   4.202  -4.064   3.445   5.585  -3.495 0.2102
88        2.445   2.559   2.410   1.989   3.270   3.601   2.826   2.897   4.818   0.348   2.938   3.898  -0.503   3.947   3.187 0.1397
12        3.218   4.341   1.599   3.089   5.212   2.764   4.277   5.049   3.705   1.640   4.887   3.591   0.547   5.756   3.045 0.2144
131       3.191   2.053   2.095   3.473   2.482   3.462   4.700   1.769   4.018   2.128   2.195   4.463   1.237   3.401   4.460 0.1424
6         4.889   1.762   1.081   6.148   1.318   1.671   6.994   2.505   2.116   7.018   0.364   0.565   6.637  -1.076   0.738 0.1437
22        2.925   4.301   2.120   2.578   5.133   3.268   2.381   6.587   2.854   3.781   5.026   4.465   3.452   3.905   5.405 0.1787
218       4.613   1.358  -0.101   5.996   1.307  -0.568   6.096   0.594  -1.911   6.981   0.530   0.579   7.531   1.545   1.536 0.1206
1129      3.947   1.412  -1.123   4.871   1.326  -2.251   6.317   1.439  -1.785   4.529   2.539  -3.392   3.541   2.019  -4.394 0.1049
7         3.412   1.873   2.143   4.010   2.040   3.465   3.937   3.493   3.921   5.627   1.512   3.456   5.679   0.057   3.814 0.1801
11        2.979   4.570   1.495   2.595   5.707   2.327   2.932   5.453   3.792   0.935   6.032   2.158   0.728   7.010   1.041 0.1551
755       4.094   1.487  -1.084   5.166   1.436  -2.074   4.856   2.337  -3.264   5.411  -0.162  -2.600   6.433  -0.825  -1.725 0.1197
738       4.130   1.455  -1.118   5.283   1.301  -2.000   5.430   2.501  -2.927   5.146  -0.128  -2.912   5.789  -1.260  -2.168 0.1241
105       3.425   3.875  -1.496   3.966   4.363  -2.761   4.788   5.630  -2.554   2.711   4.656  -3.870   2.449   3.414  -4.668 0.1644
97        3.879   2.207  -1.934   4.901   1.999  -2.956   5.845   3.193  -3.040   4.179   1.720  -4.469   3.953   0.248  -4.652 0.1800
38        2.503   2.743   2.553   2.579   3.452   3.827   2.303   2.513   4.995   1.482   4.751   3.850   2.156   5.985   3.329 0.1394
85        2.928   4.220  -1.140   3.164   4.991  -2.357   3.528   6.435  -2.030   1.794   4.948  -3.362   1.897   3.780  -4.297 0.1579
4         3.960   2.361   1.824   4.809   2.276   3.009   5.522   3.598   3.269   5.946   1.024   2.835   5.372  -0.251   3.377 0.2448
1         3.687   2.520   2.283   2.832   1.502   2.886   1.644   2.135   3.601   3.724   0.545   3.972   4.305  -0.630   3.243 0.0003
254       4.644   1.528  -0.182   5.983   1.558  -0.764   5.931   1.936  -2.240   6.746   0.051  -0.575   7.504   0.033   0.719 0.1403
14        1.937   3.874  -1.711   1.588   4.752  -2.824   1.339   6.176  -2.343   0.216   4.162  -3.637   0.645   3.237  -4.736 0.2435
5         3.882   4.015   1.913   4.055   4.786   3.141   5.196   4.227   3.984   2.614   4.795   4.043   1.777   5.971   3.636 0.2301
4         2.367   4.756   0.730   1.580   5.910   1.154   0.541   6.283   0.102   2.595   7.237   1.467   3.012   7.219   2.908 0.1697
85        3.077   3.463  -1.978   3.390   3.628  -3.394   4.859   3.984  -3.593   2.400   4.825  -4.085   1.150   4.193  -4.620 0.1643
35        2.544   3.179  -1.876   2.725   3.587  -3.267   1.744   4.689  -3.648   2.535   2.253  -4.305   3.864   1.590  -4.515 0.1755
65        2.363   4.590   0.967   1.975   5.700   1.833   0.482   5.666   2.133   2.393   7.184   1.117   3.778   7.572   1.542 0.1804
3         4.496   2.472   2.267   4.831   2.827   3.644   5.216   4.298   3.753   6.098   1.849   4.217   5.529   0.620   4.862 0.1885
5899      3.710   1.595  -1.355   4.256   1.726  -2.703   3.256   2.393  -3.639   4.700   0.202  -3.313   6.128  -0.083  -2.955 0.0768
7         3.197   3.821   2.492   3.056   4.221   3.889   1.888   5.184   4.068   4.493   4.937   4.450   5.384   3.879   5.031 0.1454
32        2.976   1.999  -2.129   3.100   2.399  -3.528   2.158   1.594  -4.415   4.704   2.211  -4.058   5.464   3.480  -3.815 0.1678
64        3.359   3.222  -1.826   3.979   3.313  -3.144   5.257   4.142  -3.093   2.893   3.985  -4.266   2.100   2.888  -4.914 0.1907
76        2.839   1.965  -2.374   3.132   2.117  -3.796   3.029   3.576  -4.224   2.076   1.161  -4.724   2.681  -0.196  -4.929 0.1786
11        1.652   4.015   1.500   1.263   5.242   2.189  -0.201   5.196   2.608   1.543   6.594   1.196   2.930   7.112   1.436 0.2068
9         1.882   3.030  -2.407   1.070   3.824  -3.324  -0.361   3.302  -3.384   1.758   3.820  -4.879   2.709   4.972  -5.008 0.1750
118       2.570   2.066  -2.455   2.363   2.496  -3.835   0.890   2.777  -4.107   2.941   1.319  -4.917   4.380   1.597  -5.236 0.1513
55        2.859   4.243  -1.210   2.870   4.952  -2.486   1.453   5.265  -2.953   3.684   4.037  -3.666   5.140   4.395  -3.660 0.1588
12        1.318   3.707   2.019   0.814   4.980   2.528   0.290   4.833   3.951  -0.411   5.581   1.514   0.198   6.451   0.455 0.2211
149       4.194   1.676  -1.371   5.368   1.632  -2.238   5.677   3.008  -2.814   5.134   0.512  -3.496   5.626  -0.837  -3.063 0.1492
70        2.275   2.783   2.495   2.136   3.536   3.738   2.162   2.610   4.947   0.695   4.439   3.726   0.960   5.796   3.143 0.1390
117       3.181   2.539  -2.005   3.605   3.038  -3.310   2.497   3.845  -3.976   4.072   1.748  -4.314   5.538   1.483  -4.139 0.1708
705       4.176   1.465  -0.854   5.255   1.437  -1.837   6.583   1.072  -1.185   5.383   2.941  -2.620   4.512   2.945  -3.841 0.1205
64        3.421   2.104  -2.000   3.951   2.494  -3.303   5.458   2.274  -3.371   3.584   4.122  -3.630   2.267   4.204  -4.342 0.1599
131       4.300   1.341  -0.290   5.532   1.169  -1.053   5.270   1.278  -2.551   6.248  -0.331  -0.694   7.196  -0.169   0.457 0.1652
68        2.719   4.289  -0.978   2.852   5.028  -2.231   1.560   4.977  -3.038   4.140   4.407  -3.152   5.403   5.134  -2.798 0.1399
21        1.581   3.592   2.127   1.105   4.799   2.796   1.204   4.663   4.311  -0.500   5.134   2.345  -0.504   6.019   1.134 0.1679
253       3.769   1.408  -1.314   4.432   1.346  -2.614   5.947   1.402  -2.460   3.900   2.614  -3.613   2.707   2.162  -4.402 0.1286
452       4.049   1.488  -1.029   4.957   1.497  -2.172   4.350   0.763  -3.362   6.447   0.793  -1.751   7.373   1.854  -1.235 0.1135
81        1.707   3.208  -2.285   1.206   4.255  -3.171   0.149   5.103  -2.475   0.566   3.574  -4.592   1.647   3.466  -5.626 0.1381
30        3.501   3.738  -1.359   4.149   4.115  -2.611   4.255   5.631  -2.739   3.297   3.477  -3.937   3.841   2.120  -4.273 0.1974
108       2.743   2.430  -2.215   2.710   3.081  -3.522   1.538   4.050  -3.622   2.615   1.920  -4.761   3.999   1.533  -5.189 0.1298
160       3.566   1.923  -1.766   4.115   2.200  -3.090   5.575   2.629  -3.000   3.201   3.403  -3.871   2.100   2.761  -4.660 0.1344
388       4.289   1.346  -0.997   5.454   1.262  -1.874   5.035   1.060  -3.325   6.477  -0.002  -1.381   7.481   0.521  -0.397 0.1374
22        2.090   2.951  -2.389   1.516   3.758  -3.462   0.292   3.079  -4.064   2.676   4.049  -4.670   3.417   5.316  -4.358 0.2103
230       4.451   1.476  -0.380   5.652   1.384  -1.204   6.850   2.012  -0.502   5.398   2.136  -2.708   4.868   1.130  -3.686 0.1387
4871      3.725   1.586  -1.242   4.390   1.670  -2.539   3.390   1.973  -3.649   5.216   0.223  -2.877   6.618   0.314  -2.355 0.0737
7         1.096   3.726  -1.973   0.399   4.947  -2.367  -0.345   5.560  -1.186  -0.684   4.629  -3.637   0.015   4.818  -4.950 0.2173
215       4.148   1.562  -0.910   5.043   1.569  -2.065   6.313   2.358  -1.769   4.254   2.221  -3.422   3.575   1.120  -4.182 0.1458
3         2.174   3.190   2.818   2.272   3.433   4.254   0.913   3.286   4.929   2.906   4.982   4.553   4.401   4.900   4.647 0.1937
639       3.169   1.717  -2.159   3.617   1.842  -3.542   2.444   2.109  -4.478   4.443   0.437  -4.028   5.905   0.588  -3.730 0.1144
146       2.116   3.133  -2.224   1.794   4.161  -3.209   0.320   4.545  -3.139   2.183   3.625  -4.775   3.596   4.012  -5.099 0.1254
22        2.375   4.652   0.664   2.145   5.843   1.477   0.837   5.734   2.253   2.129   7.234   0.499   3.518   7.791   0.399 0.1573
966       3.764   1.561  -1.619   4.620   1.611  -2.801   3.792   1.569  -4.080   5.732   0.324  -2.783   6.984   0.755  -2.080 0.1203
4         4.038   3.171  -1.156   4.690   3.064  -2.459   3.662   2.972  -3.580   5.719   1.711  -2.498   7.091   2.113  -2.046 0.1741
12        2.827   2.560   2.311   3.113   3.192   3.596   2.254   2.596   4.705   2.859   4.871   3.500   4.133   5.546   3.087 0.1567
3         2.661   4.404   2.133   2.831   5.165   3.367   1.847   4.703   4.436   2.633   6.828   3.072   3.960   7.435   2.726 0.1444
87        2.892   2.412  -2.139   2.908   3.052  -3.451   1.629   2.753  -4.224   4.262   2.541  -4.344   5.413   3.464  -4.079 0.1525
15        3.740   1.736   1.546   4.539   1.880   2.759   3.819   2.738   3.792   6.055   2.558   2.393   7.034   1.462   2.093 0.1886
59        1.753   2.798   2.553   1.183   3.570   3.653   0.898   2.681   4.858  -0.244   4.349   3.154   0.092   5.707   2.613 0.1534
9         3.186   4.242   2.210   2.877   5.335   3.128   2.405   4.804   4.476   1.694   6.356   2.457   2.361   7.445   1.670 0.2047
1         3.219   2.804  -3.154   2.123   3.760  -3.288   0.790   3.122  -2.914   2.055   4.366  -4.875   2.904   5.598  -4.976 0.0004
42        2.377   4.575  -0.875   1.932   5.690  -1.706   0.412   5.797  -1.714   2.513   5.514  -3.294   3.847   6.189  -3.416 0.1222
12        1.349   3.599   2.037   0.698   4.786   2.583  -0.263   5.401   1.572   1.858   5.935   3.057   2.236   5.703   4.490 0.1939
2         2.847   1.775   2.285   3.085   1.689   3.723   1.827   2.036   4.510   4.359   2.720   4.177   5.658   1.974   4.099 0.1429
2         4.573   1.106   0.699   5.965   0.832   1.045   6.060  -0.048   2.286   6.811   2.286   1.295   7.411   2.745  -0.001 0.1644
11        3.110   2.722   2.170   3.645   3.321   3.389   3.414   2.416   4.593   2.939   4.844   3.660   3.764   5.904   2.992 0.1961
7         1.838   3.642   2.143   1.337   4.894   2.704   0.048   5.327   2.015   2.511   6.116   2.567   3.373   6.121   3.794 0.1574
1         2.521   4.202  -0.500   2.719   5.093  -1.640   1.867   4.663  -2.828   4.360   5.132  -2.084   5.055   6.230  -1.335 0.0004
69        2.389   4.352  -1.308   1.968   5.114  -2.481   3.170   5.669  -3.235   0.930   6.381  -2.024  -0.490   5.898  -2.051 0.1608
30        1.701   3.655   2.274   1.155   4.915   2.771   2.262   5.827   3.286   0.020   4.624   4.003  -1.346   4.478   3.401 0.1370
14        2.200   4.525  -1.073   1.537   5.575  -1.842   0.215   5.974  -1.199   1.277   5.063  -3.442   2.457   5.440  -4.286 0.1122
7         4.109   1.916   1.504   4.858   2.374   2.671   6.149   3.070   2.256   5.205   1.068   3.703   4.096   0.911   4.700 0.1527
2         2.647   4.273   2.001   2.268   4.983   3.219   3.392   5.896   3.695   1.855   3.880   4.445   0.387   3.583   4.376 0.2189
69        3.040   3.624  -1.914   3.282   3.856  -3.336   4.356   4.916  -3.544   1.844   4.322  -4.114   1.131   3.102  -4.618 0.1596
14        2.165   2.808  -2.582   1.765   3.672  -3.689   2.979   4.170  -4.463   0.858   4.991  -3.115  -0.598   4.631  -3.107 0.1732
156       3.606   1.560  -1.637   4.190   1.780  -2.957   5.052   0.597  -3.380   5.114   3.208  -2.966   4.243   4.364  -3.357 0.1314
111       4.597   1.330   0.398   5.987   1.173  -0.021   6.940   1.366   1.153   6.361   2.273  -1.262   6.077   1.641  -2.592 0.1243
2349      3.828   1.743  -1.164   4.613   1.938  -2.380   3.741   1.810  -3.623   5.891   0.818  -2.446   7.103   1.403  -1.785 0.1021
31        2.778   2.922   2.232   2.553   3.865   3.324   3.699   4.864   3.430   2.365   3.035   4.795   0.914   2.719   5.009 0.1539
1550      3.661   1.593  -1.817   4.392   1.676  -3.078   3.687   2.603  -4.062   4.575   0.130  -3.762   5.850  -0.487  -3.270 0.1143
60        3.616   1.652  -1.553   3.830   1.702  -2.996   5.097   2.477  -3.337   2.490   2.405  -3.771   1.505   1.335  -4.135 0.1792
93        4.702   1.651  -0.492   6.065   1.161  -0.682   7.074   2.299  -0.590   6.209   0.374  -2.182   5.901  -1.084  -2.012 0.1491
9         4.730   2.834   1.814   5.377   3.188   3.075   6.397   4.302   2.874   6.128   1.825   3.760   5.159   1.121   4.662 0.1784
1111      3.692   1.570  -1.277   4.327   1.634  -2.590   3.523   2.507  -3.547   4.509   0.072  -3.238   5.836  -0.490  -2.823 0.1054
7         3.827   2.335   1.935   4.010   2.965   3.239   5.162   3.962   3.210   4.289   1.787   4.433   2.980   1.357   5.026 0.1489
40        2.420   2.792   2.423   1.867   3.580   3.522   2.803   4.720   3.905   1.572   2.589   4.872   0.176   2.045   4.797 0.1642
31        4.844   1.477   0.720   6.302   1.455   0.788   6.895   0.703  -0.398   6.817   0.746   2.245   6.965   1.808   3.293 0.1576
1         3.654   4.112  -1.855   4.497   4.715  -0.826   5.773   3.907  -0.620   3.645   4.843   0.640   2.943   6.167   0.695 0.0009
5         4.770   1.170   0.618   6.211   0.934   0.619   6.548  -0.411  -0.013   6.822   1.003   2.204   7.234   2.410   2.521 0.1372
11        2.475   4.526  -0.907   1.890   5.469  -1.856   2.752   6.719  -1.989   0.316   5.894  -1.375  -0.668   4.943  -1.989 0.1396
21        2.039   3.371  -2.189   1.596   4.216  -3.294   2.703   5.166  -3.737   0.214   5.100  -2.849  -1.015   4.313  -3.195 0.2065
128       2.647   2.012  -2.407   2.591   2.401  -3.813   1.188   2.217  -4.378   3.709   1.500  -4.723   5.022   2.224  -4.762 0.1265
370       4.389   1.439  -0.479   5.591   1.410  -1.308   5.311   0.757  -2.657   6.843   0.583  -0.509   7.645   1.556   0.303 0.1177
1         3.595   4.120  -0.585   3.020   4.590  -1.843   4.097   5.158  -2.760   1.826   5.763  -1.548   0.493   5.093  -1.398 0.0004
1         1.891   4.641  -1.329   2.362   5.450  -0.208   1.328   5.490   0.912   2.722   7.029  -0.726   4.159   7.101  -1.148 0.0009
1         3.061   4.755  -0.795   2.191   5.478   0.127   0.759   5.526  -0.394   2.773   7.055   0.379   3.713   7.060   1.547 0.0004
10        2.459   3.176   1.955   2.260   4.221   2.955   1.139   5.167   2.544   3.700   5.092   3.197   4.497   4.447   4.292 0.1589
1         4.769   2.141  -0.081   4.760   2.157  -1.541   3.481   2.791  -2.075   4.929   0.579  -2.153   6.384   0.270  -2.344 0.0003
1         3.090   4.474  -0.162   2.134   5.438   0.375   1.230   5.985  -0.724   2.948   6.714   1.149   3.146   6.375   2.597 0.0004
123       2.574   1.907  -2.477   2.472   2.253  -3.891   1.143   2.936  -4.194   2.648   0.865  -4.857   4.096   0.671  -5.194 0.1340
1         2.651   4.448  -0.673   2.485   5.327   0.481   1.039   5.792   0.613   3.520   6.669   0.359   4.831   6.351   1.016 0.0005
61        1.639   3.259  -2.263   1.134   4.323  -3.127  -0.221   4.827  -2.643   1.013   3.776  -4.732   2.300   4.049  -5.452 0.1127
80        3.857   1.525  -1.294   4.532   1.587  -2.588   3.854   0.675  -3.603   6.170   1.162  -2.424   6.980   2.393  -2.145 0.1264
1         3.334   2.606  -2.607   1.914   2.887  -2.799   1.154   1.626  -3.192   1.702   4.089  -3.983   1.695   5.439  -3.329 0.0004
11        3.428   2.146   1.975   3.903   2.638   3.265   4.364   1.490   4.154   2.684   3.528   4.046   2.792   4.973   3.658 0.2052
297       4.178   1.449  -1.052   5.388   1.167  -1.820   5.960   2.441  -2.431   5.064   0.028  -3.040   5.296  -1.355  -2.507 0.1277
6         3.175   2.113   2.315   3.148   2.618   3.685   4.211   3.690   3.895   3.374   1.347   4.791   2.042   0.771   5.169 0.1814
22        1.298   3.544   2.169   0.654   4.725   2.736   1.553   5.399   3.766  -0.834   4.307   3.444  -1.925   4.424   2.421 0.1787
17        3.321   2.870  -1.408   4.137   2.978  -2.614   3.723   4.182  -3.452   4.019   1.556  -3.539   5.090   0.594  -3.117 0.2017
6         3.142   1.662  -1.701   3.772   1.411  -2.994   3.854   2.687  -3.823   2.916   0.215  -3.848   3.477  -1.135  -3.515 0.2188
10        3.903   2.207   1.823   4.644   2.716   2.974   5.737   1.743   3.397   3.590   3.012   4.275   3.088   4.423   4.201 0.2138
5         1.720   2.634   2.555   1.307   3.249   3.813   0.505   4.521   3.566   2.664   3.594   4.778   2.964   2.417   5.658 0.2209
1         4.610   2.841  -0.841   4.582   1.647  -1.680   3.637   1.828  -2.862   4.120   0.290  -0.766   5.340  -0.363  -0.188 0.0003
124       4.735   1.581   0.190   6.149   1.678  -0.159   6.346   2.482  -1.438   6.825   0.127  -0.334   7.366  -0.335   0.986 0.1327
32        2.414   3.624  -2.269   2.160   3.885  -3.683   3.417   4.388  -4.383   0.901   5.013  -3.862  -0.410   4.290  -3.945 0.1773
2         3.952   1.635  -0.990   4.228   1.510  -2.419   5.102   2.657  -2.912   2.776   1.461  -3.301   2.326   0.038  -3.446 0.1322
868       3.727   1.536  -1.830   4.561   1.541  -3.029   4.327   2.800  -3.855   4.252   0.160  -3.971   5.174  -0.947  -3.553 0.1148
1         3.477   3.844  -1.278   3.041   4.946  -0.424   4.126   5.325   0.578   1.610   4.532   0.395   0.426   4.941  -0.430 0.0007
1         3.218   2.059  -1.890   4.580   1.696  -2.270   5.309   1.016  -1.117   5.442   3.072  -2.774   5.271   3.255  -4.253 0.0006
54        2.860   2.398  -2.445   3.205   2.921  -3.764   2.927   4.417  -3.850   2.342   2.097  -4.975   3.137   0.911  -5.436 0.1867
26        2.201   4.515  -0.799   1.799   5.588  -1.704   0.383   5.367  -2.223   2.886   5.704  -3.006   3.989   6.658  -2.654 0.1355
44        3.282   2.919  -1.731   4.008   2.945  -2.997   4.954   4.139  -3.063   2.921   2.990  -4.304   2.593   1.589  -4.728 0.1852
77        4.671   1.357   0.151   6.015   1.214  -0.399   7.016   2.070   0.368   6.030   1.634  -2.047   5.756   0.415  -2.876 0.1482
104       2.843   2.810  -2.157   2.907   3.637  -3.359   1.767   4.648  -3.391   2.864   2.664  -4.752   4.262   2.296  -5.149 0.1407
10        1.584   3.814   1.734   1.155   4.943   2.555   0.611   4.469   3.898  -0.023   5.857   1.738   0.648   6.930   0.932 0.1631
2         2.055   4.517   0.153   1.832   5.815   0.784   0.847   5.700   1.942   1.262   6.939  -0.357   2.425   7.646  -0.986 0.1533
31        1.697   3.385  -2.201   1.120   4.503  -2.942  -0.388   4.581  -2.732   1.472   4.361  -4.599   2.763   5.064  -4.898 0.1279
1         4.386   2.793  -0.745   3.469   2.497  -1.842   3.449   1.005  -2.153   3.902   3.376  -3.231   3.190   4.696  -3.230 0.0008
17        1.929   4.791   0.951   1.156   5.948   1.393  -0.105   6.120   0.554   2.103   7.358   1.318   2.810   7.556   2.626 0.1146
84        3.738   1.703   1.627   4.517   1.872   2.850   5.980   1.511   2.622   3.870   0.922   4.102   2.848   1.719   4.858 0.1532
5         1.714   3.053  -2.713   1.197   3.989  -3.708   1.954   3.863  -5.025   1.295   5.584  -3.129   0.027   5.932  -2.406 0.2053
22        2.465   4.301  -1.473   2.030   4.949  -2.706   3.060   4.767  -3.815   1.747   6.605  -2.439   0.316   6.809  -2.039 0.1245
149       2.784   4.346  -1.241   2.686   5.174  -2.439   3.797   6.217  -2.478   1.168   5.937  -2.509   0.203   5.063  -3.253 0.1356
1         4.041   0.449   0.020   4.956  -0.207  -0.910   4.500  -0.020  -2.352   5.081  -1.864  -0.549   6.202  -2.080   0.425 0.0003
400       4.142   1.547  -1.383   5.202   1.584  -2.386   4.990   2.732  -3.367   5.278   0.107  -3.225   6.224  -0.819  -2.520 0.1289
34        2.606   2.349   2.337   2.159   2.980   3.576   3.227   2.883   4.658   0.714   2.266   4.117  -0.456   3.000   3.532 0.1550
93        3.081   1.838  -2.146   3.207   2.131  -3.571   4.659   2.037  -4.025   2.587   3.677  -3.915   1.129   3.568  -4.250 0.1452
47        3.677   2.178  -1.600   4.472   1.897  -2.792   5.418   3.049  -3.106   3.458   1.596  -4.123   3.154   0.129  -4.199 0.2196
68        4.458   1.576  -1.239   5.606   0.853  -1.779   6.806   1.777  -1.950   5.207   0.134  -3.267   4.676  -1.248  -3.029 0.1520
16        1.349   3.645   2.103   0.559   4.829   2.428   0.939   5.384   3.796  -1.101   4.464   2.388  -1.634   4.708   1.008 0.1597
55        3.166   2.259  -2.139   3.430   2.789  -3.473   4.920   3.030  -3.684   2.565   4.232  -3.720   1.222   3.916  -4.307 0.1476
30        4.372   2.279  -1.187   5.625   2.130  -1.923   6.315   3.477  -2.109   5.343   1.405  -3.434   5.453  -0.085  -3.302 0.1627
11        3.031   2.479   2.171   3.321   3.101   3.460   2.115   3.876   3.979   4.666   4.133   3.331   5.918   3.362   3.625 0.1828
3         2.296   4.795   1.492   1.572   5.978   1.950   1.081   6.810   0.771   2.560   6.924   2.960   2.383   6.486   4.384 0.1665
4         3.939   3.945   1.417   4.806   4.433   2.486   6.262   4.066   2.222   4.310   3.806   3.986   3.315   4.737   4.613 0.2369
1         5.212   2.255   1.568   6.216   2.457   0.527   6.045   3.816  -0.143   6.126   1.219  -0.634   7.030   0.091  -0.233 0.0003
9         2.678   4.420   2.010   2.187   5.294   3.072   0.939   6.049   2.629   3.396   6.392   3.543   4.207   5.796   4.655 0.1799
47        3.077   2.134   2.077   3.226   2.663   3.429   4.068   1.732   4.293   1.702   2.903   4.144   1.224   4.293   3.846 0.1533
3         3.659   3.636   2.130   3.674   4.177   3.486   5.080   4.145   4.073   2.605   3.310   4.483   1.249   3.948   4.437 0.1973
1         3.028   3.891  -1.775   3.955   5.019  -1.799   5.398   4.545  -1.669   3.587   6.116  -0.554   2.614   7.139  -1.060 0.0003
27        2.858   3.315  -1.760   3.173   3.576  -3.161   2.977   5.048  -3.503   2.210   2.609  -4.176   2.914   1.312  -4.445 0.1660
18        3.685   2.782  -2.222   4.399   2.671  -3.491   4.770   4.046  -4.033   3.457   1.830  -4.630   3.756   0.363  -4.540 0.1863
10        3.240   2.550  -2.042   3.263   3.234  -3.331   4.362   4.290  -3.373   1.755   3.951  -3.650   0.884   2.976  -4.386 0.1690
5         3.705   2.429  -1.684   4.026   3.012  -2.983   4.933   4.228  -2.830   2.604   3.446  -3.807   2.138   2.290  -4.643 0.1617
1         3.734   2.936  -2.309   2.490   3.643  -2.602   1.395   2.672  -3.028   2.741   4.808  -3.815   3.124   6.113  -3.182 0.0005
332       3.393   1.574  -1.837   3.805   1.741  -3.227   5.119   1.017  -3.500   3.958   3.391  -3.608   2.648   3.909  -4.123 0.1178
570       3.941   1.376  -1.633   4.917   1.248  -2.712   4.419   1.923  -3.985   5.255  -0.390  -3.014   6.409  -0.828  -2.162 0.1249
706       4.052   1.732  -1.154   4.943   1.940  -2.292   4.229   2.674  -3.421   5.548   0.453  -2.852   6.827   0.133  -2.139 0.1237
23        2.520   2.265   2.416   2.139   2.804   3.718   3.341   3.407   4.436   1.433   1.592   4.679  -0.049   1.574   4.453 0.1703
12        3.260   4.233   1.854   3.106   5.178   2.956   3.878   6.465   2.687   3.628   4.479   4.415   2.474   3.792   5.082 0.1740
125       4.215   1.489  -0.628   5.322   1.466  -1.580   5.042   0.496  -2.722   6.770   1.042  -0.797   7.455   2.283  -0.307 0.1114
33        3.353   4.053  -1.153   3.970   4.717  -2.298   4.394   6.138  -1.946   2.900   4.738  -3.620   3.107   3.506  -4.450 0.1726
3         5.209   1.885   0.283   6.564   1.399   0.532   7.520   1.853  -0.565   6.573  -0.297   0.649   6.359  -0.701   2.077 0.1438
1         4.601   2.002  -1.169   3.729   2.458  -2.248   3.868   1.569  -3.479   4.078   4.072  -2.652   3.231   4.989  -1.822 0.0003
1         0.884   0.765  -4.034   0.742   0.415  -5.444  -0.494  -0.447  -5.674   2.130  -0.397  -5.997   3.114   0.602  -6.529 0.0005
2         5.209   3.029  -0.120   6.593   2.806   0.290   7.511   2.682  -0.921   6.709   1.411   1.255   6.531   1.784   2.696 0.1785
2         5.178   2.286   1.498   6.316   1.936   2.343   7.387   3.020   2.296   6.975   0.444   1.864   6.304  -0.664   2.620 0.1229
53        3.633   1.890   1.824   4.348   2.136   3.073   5.495   1.148   3.253   3.283   2.041   4.395   2.703   3.397   4.668 0.1477
3         2.199   4.194   2.647   1.485   4.945   3.676   1.868   6.420   3.645   1.803   4.293   5.214   0.784   3.239   5.530 0.2512
89        2.514   2.021  -2.517   2.422   2.431  -3.916   1.498   3.632  -4.076   1.875   1.141  -4.878   3.050   0.352  -5.373 0.1612
1         0.797   3.327  -2.291  -0.152   4.347  -2.729  -0.427   5.354  -1.618  -1.605   3.627  -3.237  -1.528   3.325  -4.704 0.0006
65        3.100   2.112   1.985   3.223   2.584   3.361   4.686   2.744   3.757   2.444   1.512   4.427   1.015   1.931   4.602 0.1494
1         3.765   3.279   1.013   4.911   4.106   0.646   5.089   4.157  -0.867   6.327   3.516   1.380   6.509   4.173   2.716 0.0003
5         3.587   2.394   2.627   3.585   2.867   4.009   5.007   3.043   4.530   2.729   1.786   5.004   1.285   2.190   5.054 0.1657
7         2.655   4.489  -1.043   2.514   5.475  -2.110   1.810   6.731  -1.608   1.660   4.813  -3.422   2.625   4.180  -4.379 0.2178
43        2.602   3.942  -1.945   2.508   4.333  -3.349   3.873   4.288  -4.024   1.839   5.890  -3.487   0.347   5.785  -3.602 0.1447
2         4.039   1.155   0.391   4.801   0.999   1.627   6.152   0.345   1.360   3.921   0.080   2.755   3.083   0.993   3.599 0.2378
2         5.169   2.422   0.870   6.491   2.242   0.277   6.721   3.231  -0.860   6.677   0.650  -0.288   7.249  -0.205   0.805 0.1435
27        2.892   1.921  -2.312   3.029   2.249  -3.727   3.887   1.218  -4.450   3.701   3.800  -3.914   2.601   4.818  -3.969 0.1760
1         4.055   0.237  -0.686   5.027  -0.581  -1.406   5.689  -1.592  -0.477   6.207   0.402  -2.134   5.765   0.774  -3.517 0.0007
134       4.270   1.623  -0.997   5.275   1.700  -2.052   6.630   2.114  -1.490   4.786   2.793  -3.259   4.001   2.062  -4.308 0.1423
1         4.028   2.317  -1.443   2.804   2.981  -1.885   2.583   2.784  -3.380   2.863   4.640  -1.517   2.281   4.870  -0.154 0.0005
14        2.071   2.182  -2.723   1.548   2.755  -3.960   0.031   2.629  -4.025   2.255   1.999  -5.309   3.498   2.739  -5.703 0.1630
6         3.990   1.797   1.113   4.705   1.996   2.370   6.114   2.523   2.123   4.771   0.544   3.251   3.577   0.451   4.154 0.1315
168       4.136   1.060  -1.321   5.211   0.719  -2.249   6.575   0.859  -1.584   5.134   1.704  -3.633   4.273   1.044  -4.669 0.1268
1        -0.061   2.547  -2.998  -0.931   2.773  -4.149  -0.287   2.262  -5.432  -1.298   4.426  -4.299  -2.545   4.734  -3.524 0.0004
1         4.260   1.560   0.596   5.482   1.451   1.388   6.094   0.061   1.266   5.165   1.808   3.020   5.355   3.277   3.257 0.0003
TOTRMS: 0.1087
BEFORE: 300 0.1087225389284251
AFTER: 300 0.1087225389284251
