1009      2.104   2.284  -3.530   1.132   2.509  -4.596   1.371   3.850  -5.281  -0.451   2.443  -3.979  -0.960   1.035  -4.059 0.1420
11509     2.375   1.881  -3.397   1.382   2.370  -4.348   1.139   3.864  -4.169  -0.078   1.516  -4.173  -0.068   0.318  -5.074 0.0985
8414      2.432   1.970  -3.378   1.466   2.399  -4.385   0.904   3.776  -4.055   0.202   1.268  -4.513   0.554   0.241  -5.547 0.1099
808       2.786   1.432  -3.685   1.992   1.512  -4.909   0.761   2.388  -4.708   1.527  -0.042  -5.417   2.567  -0.598  -6.342 0.1587
886       1.158   2.789  -3.430  -0.037   3.269  -4.118  -0.042   4.790  -4.213  -1.438   2.730  -3.320  -1.861   1.409  -3.889 0.1550
2745      2.204   2.327  -3.436   1.255   2.815  -4.433   1.333   4.331  -4.569  -0.328   2.347  -4.023  -0.633   1.017  -4.646 0.1341
1504      1.913   2.230  -3.330   0.870   2.732  -4.221   0.009   1.594  -4.756   1.560   3.598  -5.511   1.683   5.044  -5.134 0.1120
5830      2.076   1.929  -3.424   0.985   2.318  -4.313   0.527   3.744  -4.029  -0.323   1.243  -4.154  -0.166   0.117  -5.132 0.1030
23        1.525   2.512   6.058   1.122   1.593   7.120  -0.061   2.146   7.905   2.426   1.289   8.167   3.196   0.099   7.676 0.2805
734       1.351   3.101  -3.373   0.263   3.798  -4.052   0.575   5.282  -4.210  -1.195   3.596  -3.200  -1.903   2.374  -3.704 0.1419
39        2.036   3.063  -4.169   0.986   3.403  -5.125   1.561   4.118  -6.342  -0.198   4.374  -4.385  -1.265   3.499  -3.797 0.2166
1051      1.841   2.068  -3.385   0.705   2.290  -4.275   0.468   1.082  -5.174   0.954   3.681  -5.220   0.397   4.876  -4.506 0.1100
134       3.158   3.080  -3.660   2.713   4.095  -4.610   2.749   5.485  -3.985   1.144   3.744  -5.163   1.226   2.889  -6.392 0.1738
2021      2.123   2.138  -3.332   1.095   2.507  -4.301   0.663   1.301  -5.127   1.660   3.742  -5.324   1.323   5.077  -4.729 0.1186
2271      2.885   1.743  -3.443   2.087   2.071  -4.620   2.018   3.579  -4.834   0.518   1.431  -4.472   0.485   0.050  -5.056 0.1413
3241      2.551   1.975  -3.418   1.661   2.377  -4.503   0.871   3.626  -4.131   0.598   1.110  -4.899   1.216   0.253  -5.964 0.1118
1856      2.088   2.876  -3.318   1.158   3.626  -4.156   1.270   5.124  -3.897  -0.438   3.105  -3.885  -0.767   1.989  -4.830 0.1398
1042      3.896   0.764  -3.296   3.431   0.511  -4.657   2.178   1.322  -4.968   3.124  -1.146  -4.881   4.369  -1.823  -5.373 0.1390
1738      1.445   3.009  -3.281   0.310   3.703  -3.884   0.096   5.068  -3.240  -1.101   2.765  -3.744  -1.234   1.879  -4.947 0.1445
833       3.196   1.436  -3.541   2.505   1.602  -4.816   1.976   3.023  -4.973   1.228   0.487  -4.948   1.729  -0.773  -5.589 0.1482
5         1.509   2.363   5.092   1.675   1.808   6.433   3.130   1.438   6.697   0.679   0.446   6.639  -0.653   0.877   7.178 0.2843
534       4.639   0.306  -2.974   4.409  -0.124  -4.351   3.347   0.737  -5.024   3.946  -1.760  -4.392   5.167  -2.621  -4.517 0.1613
42        4.785   1.727   0.588   5.435   1.912   1.883   6.234   0.676   2.277   4.281   2.266   3.080   4.090   3.751   3.167 0.1861
591       0.836   3.240  -3.239  -0.455   3.622  -3.804  -0.805   5.063  -3.448  -1.676   2.573  -3.257  -1.805   1.419  -4.206 0.1630
105      -0.382   4.037  -2.246  -1.739   4.541  -2.055  -1.726   5.933  -1.435  -2.635   3.476  -1.078  -3.325   2.464  -1.944 0.2121
1883      2.362   1.896  -3.358   1.376   2.060  -4.423   1.413   0.884  -5.391   1.645   3.515  -5.261   0.862   4.617  -4.612 0.1139
183       3.917   0.820  -3.724   3.411  -0.103  -4.735   4.453  -0.357  -5.818   1.983   0.504  -5.431   0.799   0.015  -4.651 0.1619
17        2.624   4.262  -3.678   1.650   4.978  -4.496   1.607   6.457  -4.130   0.106   4.289  -4.321  -0.084   3.218  -5.353 0.2665
99        0.075   4.371  -2.251  -1.325   4.353  -2.665  -2.184   5.196  -1.730  -1.909   2.757  -2.712  -1.685   2.183  -4.079 0.1876
169       2.775   3.368  -3.859   2.324   4.495  -4.671   2.916   5.806  -4.167   0.626   4.585  -4.671   0.083   3.777  -5.812 0.1864
210       1.738   1.518  -3.822   0.584   1.714  -4.695  -0.715   1.715  -3.897   0.533   0.506  -5.891   1.298   0.965  -7.097 0.1491
3819      1.847   1.919  -3.473   0.705   2.390  -4.252   0.491   3.887  -4.062  -0.701   1.539  -3.818  -0.839   0.324  -4.687 0.1087
29        5.587  -0.617  -1.685   6.508  -1.739  -1.530   6.205  -2.841  -2.539   6.428  -2.358   0.051   7.429  -1.651   0.916 0.2113
860       1.916   3.001  -3.295   0.943   3.712  -4.120   0.271   4.832  -3.335  -0.229   2.634  -4.717   0.222   2.085  -6.038 0.1354
741       1.974   1.674  -3.670   0.951   1.762  -4.708  -0.254   2.562  -4.225   0.462   0.208  -5.193   1.322  -0.254  -6.332 0.1604
293       0.752   2.863  -3.402  -0.546   3.161  -4.001  -0.524   4.505  -4.719  -1.763   3.155  -2.813  -2.336   1.774  -2.692 0.1589
56        0.269   4.549  -2.360  -1.122   4.799  -2.726  -1.513   6.244  -2.442  -2.156   3.740  -1.889  -2.356   2.492  -2.697 0.2059
10        4.064   1.963   4.727   4.816   1.273   5.771   5.875   2.185   6.379   5.544  -0.131   5.147   4.608  -1.292   5.305 0.2549
4377      2.595   2.147  -3.367   1.718   2.705  -4.392   1.456   4.186  -4.142   0.248   1.854  -4.443   0.362   0.717  -5.415 0.1226
72        4.708   1.047  -0.064   5.429   0.482  -1.200   6.523   1.428  -1.682   4.356   0.135  -2.472   3.846  -1.268  -2.328 0.1708
1008      3.145   1.598  -3.495   2.437   1.870  -4.742   1.543   3.097  -4.609   1.510   0.521  -5.205   2.335  -0.376  -6.079 0.1397
460       1.104   3.615  -3.083   0.067   4.595  -3.395   0.389   5.951  -2.777  -1.448   4.050  -2.848  -2.118   3.262  -3.934 0.1664
18        0.467   3.871   2.924  -0.874   4.343   3.256  -1.226   4.023   4.704  -2.022   3.651   2.210  -2.203   4.534   1.011 0.2687
6         1.305   3.984   4.750   1.097   3.868   6.190   2.284   4.431   6.963   0.837   2.244   6.622  -0.631   1.941   6.568 0.2330
11        1.796   4.771   4.871   0.547   5.435   5.232   0.738   6.943   5.342  -0.053   4.815   6.697  -0.960   3.654   6.416 0.2754
195       3.095   1.355  -4.014   2.208   0.783  -5.024   2.975   0.442  -6.297   0.940   1.859  -5.378  -0.218   1.584  -4.465 0.1724
380       2.002   2.911  -3.327   1.014   3.691  -4.068   0.978   3.279  -5.535   1.350   5.352  -3.937   0.634   5.914  -2.745 0.1755
591       2.709   2.949  -3.265   1.989   3.785  -4.222   2.156   5.264  -3.894   0.340   3.374  -4.245   0.104   2.308  -5.272 0.1646
7         2.442   3.379   5.860   2.492   2.871   7.227   3.871   2.311   7.555   1.306   1.674   7.459   0.036   2.314   7.934 0.2502
64        2.347   2.276   3.383   1.454   2.563   4.502   1.245   1.327   5.369  -0.042   3.138   3.935   0.007   4.633   3.824 0.1998
50        1.323   3.267   3.240   0.223   4.029   3.826  -0.599   3.165   4.775  -0.775   4.664   2.605  -0.279   6.025   2.212 0.1959
3505      2.265   1.912  -3.442   1.247   2.251  -4.432   1.093   3.762  -4.565  -0.243   1.547  -4.015  -0.347   0.188  -4.640 0.1255
28        4.740   1.352  -0.060   5.443   1.033  -1.299   5.215   2.111  -2.353   4.941  -0.479  -1.894   5.821  -1.555  -1.329 0.2117
96        0.669   4.059  -2.878  -0.477   3.791  -3.741  -1.518   4.899  -3.632  -1.178   2.292  -3.348  -0.537   1.211  -4.167 0.2091
35       -0.173   5.196   0.009  -1.608   5.395  -0.178  -2.321   5.540   1.161  -2.276   4.102  -1.057  -2.224   4.414  -2.523 0.2387
40        2.545   3.696  -3.919   1.407   4.356  -4.552   1.726   4.739  -5.992   0.953   5.735  -3.668  -0.070   5.355  -2.638 0.2059
13        0.598   4.987   1.506  -0.530   5.026   2.433  -0.157   4.411   3.776  -1.870   4.215   1.771  -2.707   5.186   0.993 0.1861
27        0.377   3.693   2.909  -0.890   4.399   3.077  -1.957   3.480   3.661  -1.417   5.034   1.591  -0.874   6.421   1.419 0.2009
890       2.411   2.548  -3.437   1.581   3.130  -4.488   1.997   4.567  -4.783  -0.060   3.076  -4.046  -0.665   1.792  -4.528 0.1433
280       0.271   3.699  -2.809  -1.032   4.358  -2.831  -1.076   5.521  -1.847  -2.266   3.245  -2.474  -2.761   2.622  -3.745 0.1769
20        6.062   0.676   2.669   6.643   0.574   4.005   7.460  -0.704   4.152   5.422   0.626   5.187   5.182   2.049   5.596 0.2145
533       2.528   1.376  -3.751   1.617   1.484  -4.887   0.227   1.919  -4.437   1.524   0.002  -5.715   2.571  -0.038  -6.788 0.1648
47       -0.372   4.781   1.321  -1.820   4.706   1.493  -2.184   3.944   2.762  -2.541   3.966   0.142  -2.896   5.012  -0.872 0.2054
21        0.479   3.690  -3.461  -0.957   3.925  -3.580  -1.402   3.880  -5.037  -1.373   5.422  -2.889  -1.706   5.228  -1.440 0.2640
33        1.810   2.959   6.066   1.256   2.289   7.239   0.719   3.300   8.246   2.433   1.305   7.971   2.372  -0.072   7.379 0.2547
53       -0.244   4.351  -2.087  -1.672   4.291  -2.386  -2.410   5.480  -1.782  -2.338   2.837  -1.810  -2.253   1.789  -2.880 0.2393
20        0.236   4.346  -2.505  -0.843   5.268  -2.161  -1.874   5.347  -3.281  -0.219   6.815  -1.832   0.098   6.925  -0.371 0.2421
31        4.084   2.653  -3.704   3.595   2.948  -5.048   4.368   4.105  -5.671   1.934   3.309  -5.010   1.144   2.048  -5.194 0.2467
4         0.982   5.391   2.236  -0.451   5.573   2.445  -0.774   7.019   2.803  -1.009   4.531   3.667  -1.446   3.233   3.056 0.3012
652       3.006   1.275  -3.408   2.221   1.095  -4.626   2.814  -0.000  -5.504   2.131   2.554  -5.494   0.926   3.328  -5.047 0.1360
7         1.118   5.500   3.687  -0.186   6.145   3.807  -0.538   6.406   5.267  -1.390   5.191   3.078  -1.531   5.578   1.636 0.2668
18        0.942   4.288  -3.845  -0.387   4.296  -4.449  -0.563   5.495  -5.373  -1.586   4.309  -3.243  -1.953   2.899  -2.888 0.2657
1104      1.745   1.983  -3.556   0.641   2.120  -4.503  -0.298   3.248  -4.091  -0.220   0.660  -4.626   0.373  -0.180  -5.717 0.1521
30        4.597   0.864  -0.350   5.133   0.433  -1.638   5.450   1.628  -2.529   4.036  -0.603  -2.421   4.321  -2.022  -2.029 0.2100
169       2.199   3.346  -3.355   1.407   4.291  -4.137   0.522   5.143  -3.235   0.454   3.466  -5.278   1.220   3.323  -6.559 0.1797
1200      2.150   1.943  -3.537   1.158   1.919  -4.608   1.085   3.265  -5.318  -0.371   1.501  -3.991  -0.542   0.012  -4.044 0.1431
9         0.721   4.414   4.871  -0.644   4.341   5.385  -1.161   5.722   5.768  -0.718   3.298   6.725  -1.011   1.903   6.258 0.2714
79        0.830   3.202  -3.252  -0.432   3.841  -3.614  -0.947   3.321  -4.951  -0.247   5.529  -3.677  -0.544   6.116  -2.329 0.1940
4         0.355   4.911   1.502  -0.971   5.493   1.314  -0.881   6.865   0.657  -1.784   5.612   2.803  -2.567   4.356   3.047 0.1695
396       1.785   2.525  -3.568   0.711   2.768  -4.528   1.056   3.927  -5.456  -0.749   3.084  -3.717  -1.485   1.797  -3.492 0.1562
222       3.961   0.608  -3.495   3.664   0.180  -4.859   3.570   1.374  -5.801   2.217  -0.711  -4.900   2.520  -2.167  -4.701 0.1730
262       2.755   1.769  -3.511   1.921   1.528  -4.685   2.354   2.404  -5.855   0.285   1.811  -4.319  -0.346   0.541  -3.834 0.1663
621       3.547   0.836  -3.516   3.069   0.496  -4.853   1.635   0.968  -5.060   3.174  -1.181  -5.111   4.513  -1.513  -5.701 0.1573
745       1.184   2.692  -3.390  -0.066   3.030  -4.066  -0.669   4.308  -3.497  -1.177   1.750  -3.931  -1.009   0.818  -5.094 0.1454
436       0.924   3.541  -3.059  -0.287   4.257  -3.450  -0.697   5.265  -2.383  -1.556   3.163  -3.738  -1.547   2.755  -5.181 0.1608
404       1.994   3.454  -3.239   1.150   4.466  -3.868   0.723   5.527  -2.860  -0.219   3.743  -4.570   0.085   3.373  -5.991 0.1655
67        3.582   2.167  -4.024   2.814   1.974  -5.251   3.718   2.023  -6.478   1.593   3.149  -5.379   0.340   2.642  -4.729 0.2062
8         4.140   2.306   4.466   5.244   2.005   5.373   6.305   3.099   5.329   5.940   0.503   4.983   5.248  -0.583   5.754 0.1921
28        1.606   2.997  -4.516   0.388   2.942  -5.318   0.714   2.867  -6.806  -0.592   4.295  -5.003  -1.533   3.980  -3.879 0.2235
93        2.778   3.299  -3.568   2.139   4.274  -4.448   2.803   5.640  -4.328   0.481   4.398  -4.092  -0.284   3.413  -4.925 0.2072
19        4.783   1.190   0.203   5.565   1.061   1.430   5.035  -0.071   2.302   5.550   2.522   2.299   6.706   3.374   1.864 0.2166
308       1.440   2.169  -3.606   0.280   2.029  -4.481   0.118   3.250  -5.379  -1.131   1.790  -3.562  -1.343   0.321  -3.344 0.1645
2         1.168   3.819   4.739   0.195   3.069   5.527   0.623   2.980   6.987  -0.013   1.509   4.884  -1.119   1.529   3.871 0.2032
11        1.813   2.188  -3.438   0.717   1.579  -4.187   0.628   2.156  -5.595  -0.757   1.804  -3.370  -0.993   0.652  -2.439 0.2072
1207      1.904   3.101  -3.242   0.917   3.900  -3.961   0.586   5.179  -3.200  -0.499   2.996  -4.226  -0.394   2.274  -5.536 0.1445
3         4.658   4.700   3.412   3.910   5.582   4.303   4.728   6.816   4.667   3.452   4.750   5.713   2.108   4.117   5.506 0.3060
98        4.035   0.503  -3.020   3.571  -0.006  -4.307   2.586   0.959  -4.956   2.850  -1.534  -4.116   3.892  -2.602  -4.272 0.2030
38        4.874   1.559  -0.132   5.705   1.416  -1.324   6.271   2.761  -1.763   4.811   0.718  -2.590   4.947  -0.774  -2.536 0.2080
457       1.665   1.465  -3.790   0.490   1.536  -4.654  -0.743   1.970  -3.869   0.208   0.034  -5.398   0.943  -0.023  -6.705 0.1561
5         5.025   0.903  -0.761   5.614   0.208   0.381   6.793   0.990   0.950   6.113  -1.354  -0.068   4.988  -2.321   0.154 0.3591
601       2.856   1.759  -3.577   2.115   1.730  -4.834   2.327   3.014  -5.627   0.457   1.494  -4.540   0.154   0.025  -4.536 0.1583
20        1.170   4.914  -3.285  -0.077   5.053  -4.030  -0.407   6.520  -4.280  -1.354   4.303  -3.196  -1.463   2.872  -3.631 0.2803
4         3.154   3.130  -5.155   2.193   3.282  -6.244   1.966   4.752  -6.575   0.717   2.540  -5.840   0.734   1.111  -6.295 0.2274
11        1.148   2.465   3.467  -0.129   2.855   4.057  -0.719   4.063   3.340   0.061   3.196   5.712  -0.158   1.944   6.509 0.3548
98        2.722   1.282  -4.146   1.864   0.494  -5.026   2.445   0.415  -6.432   0.299   1.157  -5.077  -0.542   0.538  -4.000 0.1837
91        1.850   1.873  -3.762   0.750   2.268  -4.636  -0.593   1.838  -4.058   0.957   1.603  -6.187   1.740   2.557  -7.040 0.1947
249       4.396   0.443  -3.280   4.214   0.021  -4.666   3.721   1.176  -5.531   3.122  -1.279  -4.752   3.874  -2.572  -4.646 0.1834
5         0.044   6.368   2.874  -1.377   6.660   2.708  -1.691   8.098   3.104  -2.316   5.583   3.629  -2.652   4.379   2.801 0.2001
598       1.415   2.222  -3.390   0.191   2.476  -4.145  -0.329   1.198  -4.792   0.461   3.663  -5.332   0.175   5.018  -4.758 0.1306
506       2.204   2.654  -3.409   1.323   3.270  -4.397   0.374   4.266  -3.741   0.437   2.078  -5.226   1.200   1.643  -6.441 0.1525
46        0.059   2.689  -3.188  -1.365   2.810  -3.488  -1.651   4.069  -4.297  -2.275   2.819  -2.052  -2.653   1.413  -1.690 0.2063
3        -0.456   3.492   2.537  -1.910   3.623   2.540  -2.570   2.391   3.149  -2.487   3.874   0.961  -2.536   5.345   0.674 0.1906
141       1.363   3.192  -3.255   0.273   4.017  -3.768  -0.363   3.384  -5.000   0.835   5.578  -4.139   0.696   6.460  -2.934 0.1732
58       -0.218   4.613  -1.732  -1.335   5.406  -1.225  -0.840   6.580  -0.389  -2.381   4.434  -0.302  -3.436   3.848  -1.194 0.2204
209       1.363   2.056  -3.432   0.123   2.030  -4.202   0.116   0.872  -5.193  -0.096   3.503  -5.024  -0.866   4.451  -4.154 0.1567
13        3.596   1.712  -4.596   3.017   1.128  -5.803   2.798   2.189  -6.875   1.547   0.354  -5.441   1.811  -1.080  -5.090 0.2569
12        1.966   2.607  -4.280   1.414   1.735  -5.313   1.072   2.523  -6.571   0.032   0.932  -4.734   0.436  -0.369  -4.105 0.2997
10       -0.451   3.372  -3.093  -1.903   3.518  -3.145  -2.584   2.580  -2.155  -2.474   3.220  -4.718  -2.497   4.504  -5.493 0.2206
25        0.711   5.041  -2.408  -0.623   5.241  -2.969  -1.300   6.459  -2.352  -1.580   3.857  -2.728  -1.424   2.931  -3.898 0.2165
12        2.019   3.280   3.514   1.151   4.171   4.278   1.197   3.839   5.765  -0.448   4.073   3.709  -0.657   5.092   2.628 0.2538
177       3.849   0.709  -3.427   3.479   0.156  -4.726   3.660   1.188  -5.833   1.870  -0.395  -4.701   1.841  -1.834  -4.282 0.2076
3        -1.318   4.776   2.807  -2.704   4.458   2.478  -3.509   5.724   2.209  -3.423   3.566   3.734  -3.217   2.101   3.488 0.2425
2        -1.056   4.468   3.998  -2.296   3.854   4.464  -3.110   4.831   5.304  -1.962   2.450   5.363  -1.932   1.264   4.445 0.2444
2         0.905   5.393   2.769  -0.525   5.259   3.031  -0.875   5.751   4.430  -1.014   3.642   2.841  -1.435   3.410   1.421 0.1959
1025      2.284   1.771  -3.372   1.240   1.850  -4.390   1.450   0.800  -5.475   1.203   3.403  -5.081   0.260   4.274  -4.304 0.1181
10        0.985   2.915   5.910   0.168   2.226   6.905  -0.245   3.173   8.026   1.011   0.895   7.546   0.718  -0.325   6.724 0.2461
425       3.495   1.464  -3.489   2.921   1.737  -4.804   2.790   3.236  -5.045   1.403   0.987  -4.955   1.580  -0.392  -5.517 0.1711
51       -0.302   4.135  -2.255  -1.740   4.391  -2.283  -2.030   5.884  -2.370  -2.486   3.731  -0.905  -2.913   2.322  -1.194 0.2246
13        2.833   3.163   5.140   3.716   3.039   6.296   5.176   3.199   5.891   3.484   1.539   7.062   2.423   1.672   8.113 0.2688
11        4.371   1.831  -3.719   3.623   1.392  -4.894   3.863   2.324  -6.076   1.962   1.311  -4.543   1.624  -0.061  -4.039 0.2636
24        4.659   1.330   0.581   5.258   1.363   1.912   5.025   0.050   2.651   4.627   2.659   2.815   5.476   3.877   2.600 0.1815
2         0.879   6.666   1.641   0.045   7.780   1.201   0.259   9.006   2.081  -1.595   7.334   1.211  -1.966   6.763  -0.126 0.1279
74        5.067   0.653  -2.855   4.888  -0.235  -3.999   6.175  -0.356  -4.808   3.626   0.324  -4.992   2.331  -0.286  -4.545 0.2073
3         3.610   3.586   4.047   3.264   4.723   4.895   4.140   4.765   6.141   1.624   4.655   5.337   0.801   5.392   4.322 0.2357
2         0.686   5.145   2.022  -0.457   6.040   1.857  -0.089   7.248   1.005  -1.035   6.549   3.373  -2.083   5.591   3.856 0.2088
9         5.823   0.883  -3.070   5.537   0.468  -4.440   6.125   1.450  -5.446   3.859   0.324  -4.678   3.426  -1.075  -4.354 0.2700
204       1.634   3.296  -3.347   0.612   4.037  -4.081   1.159   5.362  -4.598  -0.746   4.312  -3.095  -1.714   3.177  -3.249 0.1613
6         2.371   4.564   5.066   1.137   4.981   5.726   1.407   6.070   6.758   0.380   3.650   6.465  -0.566   3.010   5.494 0.2121
325       3.546   0.697  -3.782   3.073   0.377  -5.126   2.080   1.422  -5.622   2.358  -1.165  -5.152   3.402  -2.195  -5.468 0.1711
78        4.310   2.189  -3.275   4.063   2.785  -4.585   4.019   4.306  -4.496   2.608   2.196  -5.239   2.887   0.967  -6.052 0.2063
362       2.353   1.544  -3.419   1.354   1.373  -4.470   1.854   0.423  -5.552   0.949   2.876  -5.154  -0.204   3.472  -4.404 0.1382
277       1.257   2.333  -3.392   0.023   2.676  -4.091  -0.766   1.425  -4.459   0.365   3.581  -5.489   0.368   5.042  -5.151 0.1395
285       2.087   1.930  -3.542   1.058   1.720  -4.557   1.237   2.681  -5.727  -0.490   1.907  -3.880  -0.976   0.583  -3.372 0.1466
3         1.407   6.037   4.168   0.431   7.108   3.986   1.059   8.472   4.245  -0.904   6.875   5.014  -1.941   6.054   4.308 0.2161
3         0.280   5.356  -0.058  -1.105   5.455   0.392  -2.066   4.939  -0.673  -1.486   7.063   0.792  -1.187   7.302   2.242 0.2587
3         2.141   3.586   5.241   1.650   2.986   6.478   2.741   2.950   7.542   1.068   1.415   6.186  -0.392   1.478   5.848 0.2697
264       2.577   1.842  -3.516   1.604   2.288  -4.509   2.008   1.845  -5.911   1.435   3.979  -4.458   0.346   4.343  -3.492 0.1807
196       3.928   0.669  -3.613   3.328   0.016  -4.773   4.392  -0.643  -5.643   2.438   1.138  -5.690   1.021   1.171  -5.201 0.1911
34       -0.104   4.720  -1.608  -1.139   5.564  -1.017  -0.811   5.901   0.433  -2.654   4.798  -1.109  -3.330   5.178  -2.393 0.2015
101       2.762   2.244  -3.968   1.960   2.366  -5.182   2.616   3.310  -6.182   0.394   2.912  -4.806  -0.498   1.733  -4.550 0.2049
12        4.680   0.921   0.073   5.321   0.482  -1.163   6.232  -0.715  -0.914   6.209   1.755  -1.856   5.329   2.524  -2.797 0.1932
11       -0.124   4.973  -0.924  -1.444   5.001  -1.547  -2.528   4.599  -0.554  -1.483   3.973  -2.901  -1.087   4.744  -4.125 0.2108
3        -0.396   4.852  -1.355  -1.503   5.551  -0.710  -1.395   7.057  -0.915  -1.546   5.190   0.950  -2.410   3.985   1.178 0.2023
6         2.961   3.768   5.343   3.409   3.416   6.687   4.791   3.992   6.973   3.429   1.727   6.884   2.098   1.269   7.402 0.2682
361       1.907   3.388  -3.258   1.052   4.380  -3.904   1.551   5.795  -3.632  -0.554   4.216  -3.371  -1.285   3.265  -4.271 0.1527
42        0.852   2.447  -3.550  -0.475   2.794  -4.051  -1.512   1.764  -3.620  -0.453   2.926  -5.746  -0.134   4.339  -6.134 0.2257
22        2.830   3.942  -3.890   2.032   4.947  -4.586   2.888   6.139  -4.998   0.744   5.466  -3.604  -0.455   4.602  -3.854 0.2307
36        0.903   4.100  -2.786  -0.230   3.870  -3.678  -1.522   4.410  -3.076  -0.392   2.212  -4.016   0.408   1.870  -5.238 0.2236
594       1.334   2.232  -3.562   0.144   2.215  -4.408  -0.306   3.630  -4.750  -1.117   1.371  -3.641  -1.049  -0.079  -4.017 0.1634
6         0.893   4.101   5.310  -0.095   3.599   6.261  -1.510   3.956   5.821   0.207   4.221   7.814   1.125   3.294   8.554 0.2135
177       1.000   3.549  -3.162  -0.145   4.319  -3.640  -0.893   4.967  -2.481  -1.198   3.324  -4.531  -0.805   3.350  -5.978 0.1935
29        4.705   1.069   0.350   5.363   0.748   1.614   5.394  -0.758   1.849   4.577   1.524   2.906   5.197   2.870   3.133 0.1670
17        2.034   3.725  -4.787   0.883   3.993  -5.644   1.268   4.886  -6.817  -0.368   4.715  -4.748  -1.262   3.649  -4.187 0.2146
454       4.207   0.399  -3.291   4.010  -0.198  -4.609   2.723   0.306  -5.253   3.979  -1.894  -4.494   5.369  -2.432  -4.657 0.1558
54        5.008   0.178  -2.989   5.034  -0.974  -3.886   6.248  -0.925  -4.807   3.606  -1.042  -4.806   2.581  -1.859  -4.078 0.2061
41        4.948   1.496  -0.364   5.931   1.322   0.702   6.837   0.129   0.423   5.153   1.127   2.201   4.960   2.469   2.843 0.1712
8         2.926   2.672   5.084   3.776   2.393   6.238   4.998   1.577   5.834   2.896   1.572   7.438   2.269   2.568   8.368 0.2158
23        0.650   2.810   6.068  -0.076   2.009   7.049  -1.560   2.359   7.054   0.581   2.233   8.601   1.660   1.218   8.838 0.2160
4         0.111   1.767  -3.690  -0.948   0.807  -3.989  -0.937   0.419  -5.463  -2.465   1.447  -3.566  -2.783   1.083  -2.146 0.2613
8         0.358   5.304   1.287  -1.046   5.544   1.610  -1.585   4.470   2.547  -1.979   5.602   0.190  -2.039   7.014  -0.313 0.2509
64        1.994   2.606  -3.557   1.016   3.255  -4.426  -0.281   3.537  -3.677   0.705   2.293  -5.792   1.657   2.660  -6.890 0.1839
16        6.164   0.720   2.535   6.743   0.764   3.875   7.063  -0.638   4.380   5.686   1.545   4.953   5.986   3.014   4.971 0.2165
61        4.142   0.932  -3.363   3.784   0.153  -4.546   4.746   0.428  -5.695   2.190   0.500  -5.024   1.246  -0.442  -4.339 0.1990
2         1.054   5.734  -0.217  -0.272   5.804   0.390  -1.017   7.055  -0.060  -0.150   5.777   2.086  -0.201   4.358   2.569 0.2445
11        1.343   5.996   2.297   0.079   6.687   2.532  -0.765   5.951   3.567  -0.789   6.847   1.079  -0.415   8.138   0.413 0.2495
42        1.832   3.361  -3.620   0.948   4.256  -4.360  -0.213   4.724  -3.491   0.358   3.486  -5.757   1.288   3.749  -6.904 0.2146
84        1.704   1.936  -3.717   0.559   1.560  -4.541   0.727   2.058  -5.972  -0.879   2.173  -3.875  -1.460   1.167  -2.927 0.1874
6         3.038   4.059  -3.851   2.295   3.949  -5.103   2.414   5.226  -5.926   0.659   3.605  -4.792   0.459   2.119  -4.752 0.2166
110      -0.146   4.346  -2.038  -1.329   5.073  -1.584  -1.016   5.916  -0.353  -2.595   3.991  -1.244  -3.419   3.782  -2.480 0.1788
6         2.821   4.299   3.902   2.422   5.572   4.495   1.855   5.371   5.896   1.279   6.355   3.510   1.988   7.240   2.528 0.2650
51        5.010   0.543  -2.906   5.070  -0.039  -4.243   5.665   0.945  -5.244   3.521  -0.523  -4.751   3.282  -1.945  -4.338 0.2334
8         1.258   3.614  -3.286   0.515   2.850  -4.284   0.019   3.752  -5.408  -0.797   2.047  -3.559  -0.360   0.686  -3.105 0.2492
35       -0.270   4.449  -1.869  -1.700   4.734  -1.811  -2.160   4.945  -0.373  -2.587   3.472  -2.527  -2.772   3.758  -3.988 0.2326
8         2.442   5.207   4.809   1.305   5.896   5.413   1.766   6.885   6.477   0.223   4.772   6.090  -0.794   4.376   5.062 0.2514
3         3.798   5.682   0.770   3.688   6.605  -0.357   3.088   7.936   0.080   2.747   5.919  -1.595   3.634   5.160  -2.536 0.4935
28        1.681   2.280  -3.801   0.443   2.392  -4.566   0.724   2.775  -6.014  -0.594   3.535  -3.852  -1.482   2.851  -2.856 0.2334
7         2.396   4.803   5.138   1.247   5.115   5.984   1.206   6.599   6.327   1.290   4.188   7.408   0.551   2.901   7.190 0.2767
8         4.846   0.725   3.623   5.842  -0.127   4.265   7.256   0.304   3.893   5.597  -1.754   3.837   4.671  -2.397   4.826 0.3587
260       0.509   3.500  -3.103  -0.721   4.227  -3.407  -0.478   5.731  -3.427  -1.930   3.846  -2.274  -2.719   2.668  -2.761 0.1632
5        -0.230   4.944  -3.370  -1.689   5.013  -3.354  -2.195   6.133  -4.256  -2.254   5.241  -1.767  -2.490   3.907  -1.123 0.2737
4         1.027   5.363   2.801  -0.091   5.551   3.721   0.049   4.655   4.946  -1.565   5.237   2.934  -2.087   6.504   2.325 0.2181
34       -0.351   5.101   0.623  -1.613   5.435  -0.032  -2.788   5.271   0.925  -1.842   4.464  -1.409  -1.248   5.146  -2.606 0.2275
4         1.479   3.144   3.200   0.306   3.774   3.799   0.463   5.289   3.850   0.039   3.163   5.363  -0.866   1.969   5.286 0.2819
10        1.911   3.453  -3.445   1.109   2.809  -4.481  -0.159   3.605  -4.768   0.709   1.222  -4.021   1.769   0.278  -4.507 0.3457
6         0.016   4.706  -2.003  -1.410   4.466  -1.795  -2.110   4.149  -3.111  -2.137   5.814  -1.057  -2.078   5.660   0.433 0.3523
62       -0.571   4.010  -2.078  -1.965   4.332  -1.787  -2.075   5.246  -0.572  -2.861   2.910  -1.530  -3.430   2.435  -2.834 0.2043
2        -0.008   2.913   4.458  -1.298   3.474   4.851  -1.345   3.744   6.351  -2.561   2.425   4.408  -3.035   2.769   3.027 0.2208
53        0.122   4.542  -2.058  -1.218   4.395  -2.618  -2.281   4.842  -1.621  -1.494   2.782  -3.079  -1.073   2.591  -4.506 0.1816
3         1.630   3.558   3.955   0.744   4.510   4.620  -0.577   4.646   3.872   1.498   6.028   4.753   2.252   6.101   6.047 0.1921
5         0.526   4.500   2.387  -0.349   5.632   2.095  -1.783   5.342   2.523  -0.300   6.008   0.437   0.785   7.012   0.184 0.2216
102       5.429   0.256  -2.507   5.520  -0.250  -3.873   5.249   0.855  -4.887   4.430  -1.534  -4.104   5.106  -2.830  -3.770 0.1954
7         1.273   5.994   2.250   0.049   6.789   2.235  -1.174   5.910   2.002   0.139   7.993   1.037   0.729   9.240   1.624 0.2034
16        0.420   3.228   5.859  -0.231   2.468   6.922  -1.631   2.032   6.506  -0.307   3.390   8.349   0.923   3.141   9.170 0.2421
8         2.123   5.492   3.514   1.053   6.123   4.280   0.153   5.079   4.931   0.132   7.146   3.282   0.717   8.527   3.304 0.1889
3         0.886   6.214   2.622  -0.137   7.235   2.410  -0.734   7.696   3.734  -1.363   6.644   1.391  -1.018   6.951  -0.036 0.2528
56       -0.211   5.079  -1.138  -1.656   5.276  -1.076  -2.042   6.135   0.123  -2.456   3.778  -1.002  -2.762   3.305  -2.392 0.2065
120       3.039   2.574  -3.612   2.423   3.248  -4.752   1.648   4.483  -4.306   1.394   2.183  -5.587   2.170   1.473  -6.655 0.1884
161       0.894   1.629  -3.761  -0.399   1.499  -4.426  -1.516   2.092  -3.575  -0.729  -0.134  -4.767  -0.198  -0.478  -6.126 0.2065
16        1.556   3.592   3.381   0.626   4.526   4.008  -0.716   3.860   4.287   0.404   5.894   3.022   1.416   6.940   3.383 0.2463
1038      2.226   2.015  -3.582   1.264   2.087  -4.678   0.715   3.500  -4.835  -0.011   0.992  -4.422   0.330  -0.328  -5.047 0.1582
12        4.874   1.916  -0.614   5.483   1.837  -1.940   4.668   2.617  -2.965   5.636   0.216  -2.427   6.965  -0.317  -1.982 0.2314
3         0.331   2.807   3.947  -0.904   2.547   4.682  -0.765   1.316   5.570  -2.204   2.346   3.605  -2.850   3.674   3.347 0.2741
5         0.747   5.815   3.249  -0.633   6.291   3.224  -0.688   7.814   3.208  -1.492   5.690   4.562  -2.127   4.380   4.202 0.2405
264       3.634   0.711  -3.321   3.002   0.373  -4.593   3.866  -0.592  -5.396   2.704   1.781  -5.499   1.339   2.309  -5.168 0.1611
125       2.362   1.686  -3.515   1.255   2.111  -4.366   1.602   1.946  -5.841   0.845   3.729  -4.042  -0.201   3.774  -2.968 0.1838
1356      2.432   1.876  -3.491   1.543   2.027  -4.640   0.496   3.105  -4.385   0.783   0.549  -5.000   1.621  -0.219  -5.978 0.1276
130       1.923   3.764  -3.390   1.183   4.929  -3.867   1.385   6.124  -2.943  -0.473   4.567  -4.000  -0.762   4.044  -5.375 0.2011
14        1.724   4.697  -3.390   0.674   4.646  -4.404  -0.197   5.895  -4.355  -0.285   3.258  -4.194   0.291   2.126  -4.993 0.2571
3         0.176   2.772   4.438  -0.897   1.991   5.048  -1.795   2.871   5.909  -0.253   0.725   5.981  -0.094  -0.497   5.126 0.2698
28        1.931   3.304   3.274   1.017   4.143   4.044   0.674   3.498   5.381  -0.403   4.441   3.158  -0.231   5.688   2.342 0.1752
50        2.310   2.990  -3.883   1.219   3.365  -4.777   1.134   4.879  -4.935  -0.259   2.756  -4.199  -0.497   1.391  -4.774 0.1980
17        1.050   2.987   3.415  -0.167   3.364   4.128  -0.574   2.288   5.126  -1.433   3.650   3.029  -1.433   5.096   2.632 0.1980
34        4.963   1.665   0.044   5.821   1.730   1.224   6.135   0.336   1.753   5.087   2.664   2.441   5.496   4.098   2.285 0.2011
319       1.803   2.162  -3.411   0.780   2.640  -4.336  -0.334   1.612  -4.500   1.468   3.000  -5.848   1.902   4.435  -5.871 0.1319
15       -0.479   4.898   0.573  -1.925   4.838   0.378  -2.578   3.907   1.393  -2.290   4.327  -1.202  -2.398   5.522  -2.102 0.2101
9         2.238   3.823   3.312   1.623   5.032   3.851   1.481   4.948   5.366   0.103   5.294   3.136   0.266   6.140   1.908 0.2257
25        0.047   5.172   1.461  -1.369   5.242   1.810  -1.682   4.363   3.015  -2.331   4.780   0.486  -2.659   5.988  -0.339 0.2151
537       1.378   2.068  -3.566   0.147   2.159  -4.346  -0.496   3.533  -4.198  -0.948   0.949  -3.868  -0.727  -0.281  -4.697 0.1552
2        -0.178   5.251  -0.214  -0.761   5.925  -1.370  -2.025   5.215  -1.839   0.367   6.008  -2.640   1.157   7.277  -2.524 0.1970
2        -1.072   4.845   0.037  -2.257   5.198   0.813  -2.796   3.992   1.572  -3.463   5.835  -0.203  -3.302   7.323  -0.299 0.2720
24        4.782   1.108   0.011   5.470   0.409  -1.071   6.871   0.970  -1.283   4.574   0.518  -2.512   3.631  -0.644  -2.604 0.1858
4         3.107   3.103  -3.847   1.812   2.441  -3.718   1.598   1.431  -4.839   0.557   3.587  -3.717   0.275   4.019  -2.309 0.3448
10        1.791   3.695  -3.365   0.950   4.853  -3.656   1.079   5.272  -5.115   1.355   6.152  -2.637   0.525   6.088  -1.390 0.2199
14        1.782   5.912   2.594   0.690   6.837   2.881  -0.479   6.117   3.544   0.170   7.602   1.454   0.949   8.867   1.253 0.2591
7         0.013   3.925   2.509  -1.244   4.657   2.396  -2.428   3.703   2.286  -1.207   5.697   1.051  -0.673   7.035   1.468 0.2424
32        0.887   3.296  -3.153  -0.288   4.079  -3.525  -1.442   3.174  -3.940   0.092   5.156  -4.785   0.555   6.460  -4.206 0.1693
6         0.453   5.811  -1.018  -0.840   6.106  -1.629  -1.968   5.387  -0.899  -0.834   5.666  -3.271  -0.380   6.831  -4.099 0.2719
4         4.984   1.634  -0.109   5.909   1.771   1.012   5.366   1.085   2.259   6.211   3.413   1.334   7.395   3.870   0.534 0.1827
816       2.749   1.632  -3.380   1.882   1.676  -4.554   2.179   0.518  -5.499   2.064   3.156  -5.371   1.080   4.150  -4.830 0.1193
5         2.328   3.569   4.971   2.977   3.468   6.275   3.703   2.136   6.426   1.837   3.656   7.522   1.730   5.106   7.887 0.3292
194       0.912   1.744  -3.672  -0.379   1.802  -4.352  -1.212   2.974  -3.848  -1.229   0.346  -4.135  -0.889  -0.602  -5.247 0.1713
6         1.009   5.190   4.025  -0.378   5.483   4.374  -0.462   6.620   5.385  -1.141   4.095   4.992  -1.773   3.330   3.868 0.2620
12       -0.727   3.782  -2.124  -2.156   3.957  -1.884  -2.874   2.613  -1.839  -2.843   4.944  -3.086  -2.778   6.378  -2.653 0.2733
2         1.045  -1.214  -4.995   0.379  -2.281  -5.736  -1.136  -2.114  -5.695   0.815  -3.800  -5.109   2.031  -4.307  -5.827 0.1674
118       0.867   3.106  -3.372  -0.414   3.508  -3.947  -0.256   4.735  -4.837  -1.544   3.822  -2.716  -2.290   2.563  -2.388 0.1594
2        -0.620   6.697   1.384  -1.987   7.007   0.976  -2.053   8.347   0.252  -3.021   7.021   2.325  -3.587   5.649   2.536 0.1285
133       0.387   2.674  -3.265  -1.004   2.969  -3.596  -1.411   4.344  -3.080  -2.033   1.778  -2.953  -2.215   0.679  -3.959 0.1931
5         4.438   0.713   0.292   4.899   0.212   1.584   5.561   1.317   2.397   5.983  -1.081   1.366   5.221  -2.372   1.339 0.2467
2         2.544   1.699   4.191   1.548   2.170   5.150   2.212   2.836   6.349   0.568   0.881   5.668  -0.622   0.763   4.762 0.1906
58        0.459   4.722  -2.255  -0.785   4.673  -3.018  -1.866   5.523  -2.359  -1.321   3.067  -3.175  -0.744   2.467  -4.423 0.1853
21        3.667   0.078  -3.998   3.178  -1.068  -4.761   4.332  -1.939  -5.243   2.248  -0.546  -6.085   0.810  -0.435  -5.673 0.1983
5         4.214   0.996  -3.862   4.895  -0.127  -4.500   4.535  -0.218  -5.978   4.503  -1.583  -3.714   5.492  -1.840  -2.616 0.3138
5         2.908   5.761   4.176   1.913   6.788   4.472   2.065   7.304   5.898   0.343   6.178   4.237  -0.083   6.429   2.821 0.3239
6         1.458   5.731  -1.061   0.025   5.812  -1.328  -0.242   6.289  -2.750  -0.729   6.851  -0.213  -1.178   6.062   0.981 0.2655
3        -0.787   5.507  -2.426  -2.014   5.859  -1.716  -3.211   5.868  -2.660  -1.851   7.376  -0.966  -1.314   7.192   0.423 0.2434
54        1.157   3.321  -3.147   0.031   4.142  -3.583  -0.908   3.350  -4.486   0.588   5.529  -4.394   0.783   6.640  -3.406 0.1718
2         3.940   1.350   2.219   5.121   0.701   1.656   5.739   1.550   0.551   4.722  -0.838   1.055   4.900  -1.860   2.138 0.1952
2         2.433   5.632   4.673   1.481   6.725   4.853   0.738   6.593   6.178   0.372   6.764   3.565   0.904   7.646   2.475 0.1967
7        -0.384   4.052  -2.161  -1.747   4.519  -1.928  -2.768   3.510  -2.441  -1.994   6.028  -2.672  -1.646   7.123  -1.709 0.2736
32        2.086   2.791  -3.478   1.145   3.564  -4.284  -0.256   3.520  -3.685   1.115   2.983  -5.881   2.138   3.715  -6.699 0.1953
6         0.843   3.564  -3.034  -0.198   2.984  -3.877  -1.505   2.832  -3.108   0.300   1.475  -4.482   1.001   1.669  -5.793 0.2228
8         1.256   5.445   2.610  -0.067   5.717   3.166  -0.631   4.486   3.865  -1.130   6.231   1.943  -1.071   7.725   1.825 0.2338
2        -0.400   4.987  -0.447  -1.502   4.823  -1.391  -1.459   5.892  -2.476  -2.994   4.877  -0.578  -3.385   3.492  -0.158 0.2709
5         2.637   2.035   3.141   1.705   2.476   4.175   1.061   3.806   3.801   2.500   2.613   5.671   2.415   1.308   6.405 0.1419
12        4.347   0.906  -1.274   4.511   0.226  -2.556   5.242   1.113  -3.558   2.999  -0.236  -3.181   2.658  -1.614  -2.698 0.1625
3         0.805   3.781   5.113  -0.134   3.066   5.972  -0.071   3.583   7.404   0.186   1.396   5.941  -0.610   0.755   4.842 0.1804
437       1.161   3.629  -3.088   0.108   4.596  -3.382   0.156   5.771  -2.413  -1.418   3.849  -3.319  -1.773   3.321  -4.677 0.1616
9        -0.558   3.949  -2.187  -1.898   4.404  -1.825  -2.181   4.154  -0.348  -3.067   3.626  -2.783  -3.322   4.438  -4.018 0.2316
38        2.502   2.922  -4.123   1.777   3.548  -5.226   2.554   4.732  -5.790   0.236   4.051  -4.713  -0.750   2.943  -4.932 0.2136
5         1.367   4.423  -4.328   0.480   4.007  -5.411   0.688   4.866  -6.652  -1.143   4.087  -4.911  -1.549   2.772  -4.315 0.2578
4         4.617   0.511  -0.975   5.063  -0.165  -2.190   3.998  -0.098  -3.278   5.456  -1.785  -1.857   6.906  -1.882  -1.486 0.3917
4         1.129   5.189   1.836   0.267   5.258   3.013  -0.281   3.882   3.373  -1.015   6.344   2.747  -0.606   7.717   3.190 0.3171
2         1.926   4.091   5.037   0.858   3.814   5.994   1.113   4.520   7.321   0.705   2.139   6.244  -0.275   1.575   5.259 0.1716
5         0.289   6.009   0.683  -0.798   6.501  -0.160  -1.899   7.137   0.681  -1.438   5.237  -1.100  -0.702   5.162  -2.404 0.2634
6         1.837   4.750   3.634   0.724   4.866   4.571   1.222   4.948   6.009  -0.339   3.550   4.396  -1.391   3.889   3.382 0.3199
77       -0.026   3.056  -3.093  -1.448   3.159  -3.408  -1.872   4.615  -3.561  -2.380   2.403  -2.204  -2.588   0.962  -2.563 0.2082
2        -0.796   3.604   4.918  -2.148   3.065   5.033  -3.163   4.175   5.275  -2.225   1.920   6.287  -1.922   0.557   5.740 0.1922
13        4.653   1.080   0.498   5.249   0.867   1.813   6.317  -0.219   1.762   4.052   0.455   2.948   3.521   1.702   3.589 0.2040
89       -0.051   3.490  -2.796  -1.482   3.749  -2.923  -1.989   4.605  -1.769  -2.346   2.286  -2.988  -2.482   1.848  -4.415 0.1991
97        1.946   1.723  -3.102   0.773   2.095  -3.887   0.534   3.600  -3.838  -0.603   1.268  -3.327  -0.742  -0.029  -4.066 0.1623
11       -0.384   4.916   0.544  -1.389   5.421  -0.388  -2.760   4.825  -0.092  -0.937   5.076  -1.991  -0.122   6.211  -2.536 0.2374
8         2.319   3.157   3.251   1.458   4.025   4.049   0.678   3.223   5.084   0.387   4.883   3.047   1.015   6.183   2.639 0.1650
1443      2.523   1.693  -3.641   1.639   1.866  -4.790   0.860   3.172  -4.692   0.565   0.554  -4.916   1.176  -0.513  -5.774 0.1262
72        1.081   1.522  -3.921  -0.232   1.745  -4.521  -1.345   1.509  -3.507  -0.448   0.733  -5.870   0.036   1.434  -7.104 0.1791
46        1.098   3.472  -3.351  -0.077   4.161  -3.878   0.326   5.331  -4.768  -1.064   4.708  -2.607  -2.065   3.647  -2.259 0.1688
4         0.428   3.814  -3.363  -0.621   4.830  -3.360  -1.817   4.382  -2.529  -1.113   5.180  -4.949  -0.279   6.300  -5.496 0.2097
26        0.782   5.064  -1.689  -0.253   6.034  -1.341  -0.435   6.123   0.170  -1.726   5.622  -2.083  -1.811   6.283  -3.426 0.2669
2        -0.233   5.128  -0.504  -1.004   5.358  -1.722  -0.388   4.625  -2.908  -1.107   7.022  -2.054  -2.325   7.590  -1.390 0.3626
7        -1.037   4.320   1.053  -2.445   4.300   0.664  -3.311   3.708   1.770  -2.650   3.417  -0.774  -2.525   4.340  -1.950 0.2044
3         1.897   5.368   3.338   0.791   5.711   4.227  -0.316   4.666   4.155   0.171   7.246   3.838   0.895   8.293   4.630 0.2787
140       3.092   2.568  -3.621   2.359   3.218  -4.703   2.017   4.660  -4.346   0.939   2.353  -5.061   1.231   1.328  -6.117 0.1827
113       2.152   1.199  -4.072   1.289   0.823  -5.188  -0.013   1.614  -5.166   0.959  -0.845  -5.147   1.999  -1.580  -5.938 0.1808
202       3.102   1.026  -3.692   2.355   0.951  -4.945   0.858   1.104  -4.702   2.670  -0.522  -5.735   3.844  -0.355  -6.653 0.1774
3         0.984   2.362  -4.604  -0.109   1.793  -5.386   0.419   0.870  -6.477  -1.052   3.030  -6.074  -2.158   3.399  -5.131 0.2536
3         2.570   6.119   1.245   1.482   7.042   1.553   2.018   8.358   2.105   0.405   6.339   2.665  -0.670   5.603   1.922 0.2524
15        3.482   2.768  -3.876   2.369   2.845  -4.817   2.791   3.526  -6.113   1.060   3.677  -4.120   0.164   2.701  -3.418 0.2402
41        1.321   1.981  -3.415   0.035   1.897  -4.100  -0.871   3.059  -3.712  -0.729   0.419  -3.749  -0.324  -0.608  -4.764 0.2038
22        1.146   4.106  -4.062  -0.199   4.626  -4.292  -0.498   4.731  -5.783  -0.382   6.146  -3.552  -0.887   5.962  -2.152 0.2529
5         1.618   4.677   4.796   0.364   5.005   5.468  -0.136   6.384   5.053   0.560   4.938   7.155   0.249   3.553   7.640 0.3264
28        4.737   1.114   0.121   5.480   0.740   1.321   6.152  -0.618   1.150   4.449   0.715   2.673   4.439   2.068   3.319 0.1881
9         3.020   1.911   6.021   2.838   0.995   7.143   3.361   1.605   8.439   3.622  -0.482   6.836   2.671  -1.419   6.152 0.2037
28        0.829   5.647  -1.909  -0.520   6.155  -2.142  -0.841   7.311  -1.202  -1.664   4.912  -1.949  -1.888   4.230  -3.266 0.2036
141       3.908   0.416  -3.342   3.591  -0.306  -4.572   3.122   0.650  -5.663   2.402  -1.485  -4.278   3.062  -2.778  -3.903 0.1868
2         1.346   2.511   5.252   0.602   1.488   5.982  -0.811   1.960   6.302   1.417   1.072   7.415   2.359  -0.063   7.143 0.2293
129       2.496   2.618  -3.880   1.630   2.892  -5.023   2.022   4.196  -5.708   0.003   2.958  -4.533  -0.604   1.590  -4.630 0.1987
78        2.279   3.663  -3.423   1.625   4.802  -4.062   1.255   5.868  -3.038   0.238   4.295  -4.903   0.608   3.945  -6.314 0.1792
6         0.367   4.573  -2.682  -0.816   4.025  -3.339  -1.418   5.031  -4.314  -1.976   3.566  -2.184  -1.753   2.136  -1.792 0.2061
2         1.949   4.395  -3.152   1.275   3.764  -4.283   1.630   4.460  -5.592  -0.410   3.779  -4.053  -0.828   2.528  -3.338 0.1365
31        4.895   1.747   0.346   5.604   2.004   1.597   6.784   1.055   1.764   4.546   1.857   2.919   3.920   3.189   3.209 0.1541
2        -0.213   3.879  -2.558  -1.663   3.886  -2.382  -2.290   5.106  -3.047  -2.060   3.854  -0.729  -2.193   2.431  -0.275 0.1912
3        -0.055   4.123   2.602  -1.119   5.122   2.546  -2.284   4.636   1.692  -0.522   6.592   1.935  -0.030   7.441   3.069 0.2139
2         0.334   4.703   1.785  -0.611   4.610   2.895   0.108   4.699   4.236  -1.495   3.161   2.802  -2.740   3.386   1.997 0.2513
158       3.228   1.012  -3.523   2.405   0.933  -4.726   3.209   0.403  -5.908   1.754   2.458  -5.100   0.427   2.617  -4.420 0.1644
8         0.003   4.316  -2.356  -1.240   5.039  -2.102  -2.047   4.370  -0.995  -2.170   5.140  -3.521  -1.807   6.389  -4.269 0.2363
3        -0.061   4.960   2.653  -0.509   6.313   2.336  -1.691   6.719   3.209  -0.931   6.429   0.693   0.273   6.834  -0.105 0.2439
4         0.690   5.569  -2.268  -0.570   6.094  -2.786  -1.382   6.762  -1.682  -1.479   4.852  -3.509  -1.128   4.757  -4.964 0.2473
8         2.293   2.338   3.423   1.390   2.527   4.555   0.564   1.273   4.814   0.364   3.855   4.280   1.005   5.101   4.814 0.2317
2         1.553   6.329   2.151   0.575   7.348   1.781  -0.847   6.861   2.034   0.760   7.783   0.148   1.725   8.927   0.042 0.1998
5         0.410   0.792  -4.078  -0.546  -0.029  -4.816  -1.835   0.738  -5.086  -0.887  -1.458  -3.959   0.078  -2.530  -4.371 0.2616
5         6.325   0.753   2.022   7.095   0.827   3.260   8.414   0.075   3.131   6.192   0.203   4.559   5.403   1.309   5.195 0.1591
2        -0.084   4.528   1.843  -1.422   4.267   2.365  -2.344   5.459   2.135  -1.350   3.897   4.023  -1.188   2.416   4.199 0.2505
4         3.115   5.964   2.052   1.944   6.243   2.878   1.731   7.743   3.040   2.104   5.509   4.403   1.520   4.128   4.357 0.3635
6         2.969   2.806  -4.008   2.125   1.617  -3.926   2.469   0.623  -5.029   0.483   2.047  -4.019  -0.047   2.299  -2.639 0.2791
428       1.194   2.851  -3.401  -0.012   3.293  -4.095  -0.768   4.331  -3.273  -1.022   1.968  -4.432  -0.674   1.403  -5.777 0.1570
36        4.521   0.586  -0.193   5.012  -0.277  -1.264   6.396   0.158  -1.729   3.928  -0.271  -2.573   2.921  -1.368  -2.394 0.1695
81        3.115   1.679  -4.175   2.468   1.155  -5.374   3.407   1.213  -6.574   1.042   2.019  -5.706  -0.114   1.362  -5.013 0.1854
15        2.593   3.911  -3.738   1.530   4.731  -4.313   1.972   6.183  -4.451   0.126   4.637  -3.359  -0.732   3.505  -3.843 0.2189
50        5.648   0.339  -1.928   5.755   0.038  -3.353   5.304   1.222  -4.200   4.836  -1.339  -3.738   5.689  -2.565  -3.598 0.1752
44        1.129   1.737  -4.136  -0.045   1.859  -4.996  -1.328   1.616  -4.211   0.058   0.770  -6.298   0.750   1.434  -7.451 0.2011
5        -1.370   2.792  -4.616  -2.801   2.506  -4.642  -3.097   1.266  -5.478  -3.662   3.839  -5.250  -4.047   4.745  -4.118 0.3628
150       1.222   1.321  -4.045   0.033   1.154  -4.876  -1.239   1.298  -4.049   0.058  -0.361  -5.649   0.747  -0.234  -6.975 0.1784
13        2.694   1.981   3.412   1.883   2.077   4.622   2.338   1.067   5.669   0.240   1.838   4.257  -0.399   3.158   3.940 0.2425
4         0.644   5.324   2.775  -0.718   5.799   2.996  -0.983   6.037   4.478  -1.843   4.686   2.375  -2.148   5.027   0.947 0.2316
5         0.294   3.464   5.728  -0.030   2.791   6.982  -1.533   2.793   7.234   0.780   3.534   8.280   2.113   2.876   8.480 0.1601
166       1.617   1.831  -3.450   0.443   1.671  -4.303   0.710   0.672  -5.423  -0.024   3.169  -4.958  -1.006   3.832  -4.038 0.1481
2         3.440   5.433   3.715   2.380   5.440   4.719   1.791   4.047   4.906   1.156   6.537   4.282   1.465   7.886   4.859 0.2213
31        1.324   2.786  -3.401   0.227   3.439  -4.110  -1.079   2.674  -3.925   0.591   3.580  -5.765   1.289   4.883  -6.014 0.1852
986       2.679   2.359  -3.400   1.872   2.994  -4.438   1.433   4.391  -4.013   0.511   2.040  -4.798   0.850   1.082  -5.901 0.1343
2        -0.178   2.926   5.919  -1.327   2.335   6.599  -2.392   1.900   5.599  -1.988   3.436   7.713  -1.330   3.251   9.049 0.1551
3        -1.350   4.788   2.973  -2.488   4.628   3.873  -2.197   3.586   4.947  -3.879   4.192   2.998  -4.615   5.429   2.579 0.2990
4         0.195   3.579   5.511  -1.119   3.473   6.140  -1.671   4.849   6.492  -1.032   2.506   7.535  -1.292   1.075   7.169 0.2581
111       3.429   0.944  -3.814   2.760   0.086  -4.788   3.613  -0.096  -6.037   1.244   0.733  -5.206   0.197   0.193  -4.278 0.1488
3         3.573   0.867   3.706   3.289   0.325   5.032   4.276  -0.777   5.397   1.698  -0.269   5.102   0.774   0.825   5.549 0.2569
2         0.235   2.755  -4.005  -1.203   2.654  -4.237  -1.921   2.117  -3.005  -1.518   1.656  -5.577  -1.558   2.490  -6.823 0.1033
29        3.794   1.896  -4.060   3.232   2.406  -5.307   2.604   3.780  -5.105   2.076   1.322  -5.923   2.749   0.341  -6.837 0.2075
2         2.474   0.157  -4.437   2.216  -1.140  -5.056   1.000  -1.078  -5.974   1.987  -2.331  -3.864   3.306  -2.958  -3.524 0.2460
9         2.126   4.251   4.919   2.627   4.437   6.278   3.520   5.669   6.370   3.480   3.058   6.790   2.536   2.106   7.461 0.2323
9         4.413   1.406   4.577   5.685   0.935   5.118   6.779   0.968   4.058   5.519  -0.640   5.737   5.134  -0.570   7.185 0.1902
6         4.028   0.144   4.048   4.645  -0.824   4.951   5.622  -1.725   4.205   3.454  -1.764   5.717   3.042  -1.103   6.998 0.2314
2         4.776   0.054  -3.177   4.993  -1.389  -3.198   5.740  -1.814  -4.457   3.510  -2.214  -3.094   3.178  -2.466  -1.653 0.1926
2         2.922   1.673  -5.415   2.078   1.167  -6.493   0.962   2.150  -6.824   1.419  -0.343  -6.071   2.342  -1.435  -6.523 0.2547
4         2.633   5.614   3.843   1.466   6.454   4.098   1.731   7.430   5.239   0.110   5.493   4.456  -0.623   5.171   3.188 0.2320
5         4.907   0.716   3.885   5.936  -0.054   4.578   6.787  -0.845   3.592   5.227  -1.105   5.712   5.111  -0.408   7.035 0.2224
8         4.002   0.044  -3.286   3.084  -0.080  -4.414   1.745   0.579  -4.107   2.850  -1.717  -4.812   3.871  -2.135  -5.829 0.1984
28        2.878   3.900  -4.004   1.888   4.721  -4.696   2.528   5.512  -5.831   1.128   5.780  -3.604  -0.089   5.117  -3.030 0.2210
20        1.529   1.515  -4.345   0.466   0.716  -4.948   0.766   0.419  -6.413  -1.029   1.514  -4.809  -1.696   1.108  -3.529 0.1937
10        2.486   1.512  -3.954   1.224   1.222  -4.629   1.364   1.365  -6.140  -0.004   2.251  -4.058  -0.690   1.609  -2.889 0.2234
9         2.377   1.524  -4.941   2.017   0.444  -5.855   2.509   0.735  -7.268   0.334   0.207  -5.861  -0.032  -0.801  -4.812 0.2692
8         0.342   2.495  -3.790  -1.033   2.061  -4.015  -1.390   2.114  -5.496  -2.113   3.021  -3.120  -2.330   2.405  -1.770 0.2436
336       2.089   1.868  -3.269   0.935   2.135  -4.123   0.758   1.037  -5.165   1.099   3.644  -4.888   0.483   4.709  -4.030 0.1223
4        -0.328   4.661  -1.057  -1.781   4.678  -0.913  -2.465   4.173  -2.177  -2.322   6.247  -0.544  -2.351   6.430   0.944 0.2591
2         3.053   5.687   3.686   2.471   6.762   4.485   2.589   6.464   5.975   0.840   6.997   4.065   0.749   8.011   2.963 0.2627
37        1.207   4.200  -3.212   0.559   5.506  -3.292   1.378   6.571  -2.573  -1.007   5.432  -2.634  -1.987   5.080  -3.713 0.2421
2         1.328   6.072  -2.280   0.281   6.210  -3.288  -0.338   7.602  -3.249  -0.922   5.030  -3.059  -0.575   3.803  -3.848 0.2208
2         5.916  -0.195  -1.748   7.187  -0.476  -1.087   7.973  -1.542  -1.841   6.925  -0.970   0.518   6.928   0.230   1.418 0.2391
6         4.405   0.654  -4.477   4.677  -0.617  -5.144   5.113  -0.396  -6.587   3.305  -1.619  -5.095   3.347  -2.465  -3.858 0.2673
9         3.911   2.588  -3.254   3.028   2.601  -4.417   2.701   4.027  -4.842   1.595   1.748  -4.083   1.772   0.307  -4.458 0.2466
2         2.091   6.820   3.379   0.964   7.664   3.765   1.438   9.042   4.212   0.067   6.925   5.006  -1.010   6.072   4.404 0.1643
31        4.232   0.297  -3.010   3.960  -0.570  -4.153   4.554   0.007  -5.433   2.285  -0.799  -4.339   1.855  -2.002  -3.554 0.1983
3        -0.898   4.623  -0.418  -1.456   5.336   0.727  -2.924   5.675   0.501  -0.570   6.754   1.032   0.544   6.452   1.991 0.2644
8         4.640   2.741  -3.601   3.752   2.876  -4.752   4.344   3.816  -5.796   2.224   3.438  -4.260   1.340   2.270  -3.942 0.2128
12        1.211   4.119  -4.115  -0.136   4.634  -4.344  -0.181   5.524  -5.580  -0.680   5.496  -2.983  -1.389   4.561  -2.049 0.2345
20        4.283   3.114  -3.646   3.562   3.533  -4.845   4.434   4.416  -5.729   2.137   4.359  -4.421   1.008   3.379  -4.303 0.2249
3        -0.082   5.619  -1.597  -1.207   6.265  -0.928  -1.398   7.691  -1.430  -0.976   6.266   0.756  -1.574   5.022   1.344 0.2964
2         1.256   2.141   3.736   0.389   1.737   4.839   1.207   1.326   6.058  -0.624   0.458   4.360  -1.899   1.014   3.799 0.3039
22        1.910   2.871  -3.993   0.640   2.973  -4.705   0.859   3.020  -6.213  -0.216   4.352  -4.197  -1.100   3.993  -3.040 0.2386
74        2.285   2.263  -3.800   1.232   2.205  -4.809   1.699   2.815  -6.125  -0.163   3.005  -4.258  -1.047   2.030  -3.538 0.2002
5         5.269  -0.611  -2.488   5.661  -1.917  -3.012   6.877  -1.801  -3.922   4.368  -2.630  -3.855   3.548  -3.456  -2.908 0.1296
3         0.773  -1.545  -4.980  -0.093  -2.535  -5.613  -1.307  -1.873  -6.254  -0.594  -3.698  -4.478   0.386  -4.832  -4.458 0.3161
20        4.096   1.516  -4.080   3.659   1.259  -5.449   3.389   2.561  -6.193   2.265   0.285  -5.454   2.665  -1.160  -5.501 0.2370
2         3.508   2.063   5.473   3.298   0.990   6.440   4.490   0.859   7.382   3.021  -0.485   5.641   1.550  -0.656   5.402 0.1258
122       1.571   3.552  -3.298   0.677   4.542  -3.892   1.340   5.912  -3.955  -0.774   4.636  -3.010  -1.767   3.665  -3.575 0.1607
3         3.709   0.656  -2.394   3.107   0.209  -3.647   1.733   0.837  -3.851   2.983  -1.487  -3.674   4.228  -2.070  -4.273 0.2031
23        2.814   3.739  -4.088   1.717   4.455  -4.733   2.217   5.724  -5.414   0.510   4.838  -3.599  -0.492   3.724  -3.540 0.1941
113       4.244   0.475  -2.764   3.777   0.119  -4.101   4.704  -0.900  -4.753   3.658   1.507  -5.077   2.283   2.092  -4.948 0.1654
41        0.819   3.800  -2.915  -0.201   4.820  -3.144   0.433   6.175  -3.436  -1.234   4.938  -1.799  -2.390   3.998  -1.974 0.1779
6         1.836   4.931  -4.192   0.884   6.024  -4.369   0.963   7.014  -3.213  -0.698   5.416  -4.508  -1.007   5.152  -5.952 0.2958
20        4.375   0.043  -2.495   3.756  -0.554  -3.674   4.772  -1.347  -4.487   3.046   0.649  -4.644   1.621   0.855  -4.222 0.2057
2         3.792   1.475  -4.150   4.393   0.387  -4.916   3.451  -0.098  -6.012   4.807  -0.904  -3.890   6.210  -0.718  -3.394 0.2110
205       2.244   1.298  -4.153   1.433   1.065  -5.344   0.755   2.350  -5.806   0.266  -0.134  -5.043   0.833  -1.480  -5.385 0.1829
1         0.086   6.061  -3.456  -0.938   6.882  -2.817  -1.207   8.149  -3.621  -0.472   7.285  -1.232  -0.973   6.238  -0.282 0.0007
2         5.029   1.998  -0.671   6.249   2.005   0.130   7.142   0.820  -0.219   5.871   1.982   1.787   5.746   3.389   2.291 0.1447
3         4.643   1.729  -0.958   5.015   1.848  -2.365   6.369   1.199  -2.631   5.050   3.481  -2.834   3.698   3.884  -3.344 0.2368
5         0.109   2.975  -2.927  -1.351   2.990  -2.961  -1.880   4.402  -3.182  -1.985   2.349  -1.520  -2.176   0.869  -1.673 0.2650
1         1.944   2.886  -5.279   0.707   2.827  -6.053   0.684   3.902  -7.133  -0.641   2.997  -5.031  -1.084   1.644  -4.558 0.0004
3         5.518   1.846   4.593   6.262   0.934   5.457   7.611   0.576   4.844   5.360  -0.477   5.748   4.518  -0.289   6.974 0.2700
29        3.304   3.665  -3.630   2.784   4.846  -4.314   3.634   6.074  -4.012   1.169   5.129  -3.863   0.253   4.403  -4.802 0.2266
11        1.053   1.644  -3.620  -0.277   1.431  -4.183  -0.199   0.683  -5.509  -1.075   2.917  -4.398  -1.851   3.252  -3.159 0.2563
28        2.723   0.786  -4.361   2.298  -0.291  -5.250   3.347  -0.564  -6.322   0.809   0.091  -5.975  -0.311  -0.418  -5.117 0.1854
1         0.731   1.449  -2.782  -0.697   1.178  -2.925  -0.960  -0.316  -3.068  -1.328   2.013  -4.265  -1.811   3.364  -3.831 0.0004
TOTRMS: 0.1380
BEFORE: 453 0.13750267658501814
AFTER: 400 0.1379914177161116
