23        2.043   2.687   2.554   1.595   3.437   3.724   2.088   2.790   5.013  -0.101   3.553   3.742  -0.525   4.792   3.009 0.1590
33        3.339   2.097   2.186   3.785   2.527   3.508   5.177   1.989   3.819   2.684   2.021   4.700   1.645   3.082   4.904 0.1602
91        3.178   4.138  -1.468   3.482   4.834  -2.715   4.514   5.933  -2.493   2.066   5.491  -3.388   1.439   4.489  -4.311 0.1435
16        3.114   2.419   2.182   3.370   3.094   3.451   3.965   2.133   4.474   1.938   3.779   4.058   1.798   5.181   3.546 0.1602
42        1.996   2.656   2.597   1.726   3.346   3.855   2.861   3.138   4.850   0.258   2.809   4.524  -0.864   3.666   4.020 0.1314
47        2.983   4.257  -1.164   3.050   4.986  -2.427   2.399   6.358  -2.304   2.304   4.095  -3.668   3.320   3.213  -4.330 0.1445
245       3.700   1.507  -1.820   4.505   1.472  -3.037   3.755   2.092  -4.210   4.949  -0.127  -3.409   6.257  -0.448  -2.749 0.1115
46        2.598   2.588   2.531   2.515   3.306   3.799   3.853   3.289   4.529   1.305   2.632   4.785  -0.000   3.321   4.515 0.1572
59        2.544   2.585   2.380   2.228   3.323   3.599   3.191   2.961   4.724   0.627   3.017   4.081  -0.287   4.025   3.449 0.1259
23        2.761   3.329  -2.366   2.796   3.484  -3.818   3.641   4.687  -4.221   1.220   3.644  -4.436   0.675   2.289  -4.774 0.1841
50        3.591   3.488  -1.873   4.200   3.684  -3.186   5.041   4.954  -3.217   3.003   3.747  -4.391   2.747   2.365  -4.915 0.1617
8         1.598   3.485   2.127   1.192   4.356   3.227  -0.192   3.980   3.743   1.207   5.982   2.732   2.559   6.574   3.000 0.1773
26        2.811   4.311  -1.212   2.765   5.085  -2.450   3.239   6.515  -2.220   1.190   5.088  -3.090   1.028   3.925  -4.023 0.1540
23        2.640   2.171  -2.465   2.516   2.654  -3.838   1.153   2.302  -4.422   3.752   2.006  -4.809   4.939   2.922  -4.785 0.1821
11        4.356   1.785  -1.360   5.559   1.414  -2.100   6.458   2.624  -2.326   5.145   0.709  -3.590   5.010  -0.775  -3.421 0.2279
38        1.753   2.651   2.708   1.340   3.337   3.928   2.175   2.887   5.121  -0.310   3.063   4.234  -1.126   4.132   3.570 0.1419
96        3.414   1.714  -2.059   3.974   1.895  -3.396   3.448   3.170  -4.044   3.616   0.552  -4.375   4.711  -0.465  -4.250 0.1130
9         3.356   3.258  -1.928   3.933   3.431  -3.258   4.049   4.907  -3.619   2.998   2.617  -4.421   3.506   1.215  -4.579 0.2224
77        3.257   3.560  -2.214   3.588   3.842  -3.608   4.670   4.910  -3.710   2.200   4.334  -4.459   1.525   3.133  -5.051 0.1458
138       3.594   1.697  -1.890   4.316   1.796  -3.155   3.352   1.927  -4.329   5.319   0.441  -3.374   6.671   0.720  -2.788 0.1196
31        2.976   2.108   2.216   3.006   2.583   3.597   4.301   2.176   4.289   1.669   1.984   4.460   0.526   2.948   4.343 0.1344
22        2.544   3.987  -1.541   2.393   4.627  -2.845   2.132   6.122  -2.696   1.130   3.900  -3.720   1.677   2.769  -4.540 0.1888
22        2.646   2.591   2.298   2.463   3.348   3.533   3.760   4.025   3.959   1.900   2.332   4.774   0.400   2.321   4.770 0.1919
29        2.864   2.597   2.351   2.895   3.337   3.610   4.005   2.825   4.520   1.394   3.223   4.401   0.512   4.355   3.965 0.1587
73        2.960   4.234  -1.437   3.031   4.978  -2.692   4.368   5.698  -2.828   1.754   6.095  -2.794   0.574   5.446  -3.454 0.1570
202       3.360   1.681  -2.077   3.924   1.783  -3.420   2.868   2.221  -4.427   4.601   0.296  -3.894   6.043   0.251  -3.486 0.1115
8         2.156   2.354   2.565   1.623   2.963   3.780   2.743   3.513   4.656   0.700   1.834   4.654  -0.730   1.904   4.207 0.1602
32        2.631   4.488  -1.153   2.384   5.448  -2.224   3.679   5.825  -2.934   1.629   6.842  -1.609   0.140   6.670  -1.663 0.1804
9         3.525   4.020   2.104   3.446   4.760   3.360   4.704   4.558   4.196   2.074   4.282   4.245   0.910   5.149   3.869 0.2644
24        2.317   2.715   2.578   2.271   3.405   3.863   1.981   2.431   4.999   1.096   4.634   3.836   1.724   5.916   3.374 0.1597
21        2.084   2.504   2.601   1.754   3.156   3.865   2.975   3.246   4.773   0.501   2.320   4.654  -0.822   2.880   4.226 0.1467
6         4.639   1.279   0.377   6.077   1.085   0.223   6.593   1.774  -1.035   6.451  -0.573   0.174   6.715  -1.068   1.565 0.1457
11        3.400   1.694  -1.970   3.891   1.904  -3.328   5.172   1.116  -3.577   4.159   3.559  -3.613   2.909   4.181  -4.161 0.1307
10        4.521   1.275  -0.229   5.720   1.139  -1.051   6.960   1.599  -0.294   5.554   2.024  -2.493   4.948   1.150  -3.550 0.1688
12        2.138   2.696   2.682   2.078   3.214   4.046   1.196   2.337   4.927   1.500   4.813   4.048   2.654   5.762   3.931 0.1758
15        4.664   1.229  -0.252   6.024   1.075  -0.760   6.020   0.589  -2.204   6.902  -0.006   0.216   7.589   0.754   1.312 0.1387
11        1.407   2.983   2.603   0.802   3.809   3.644   0.332   2.956   4.817  -0.500   4.701   3.012  -0.001   6.022   2.505 0.1856
45        2.605   4.499  -1.111   2.345   5.488  -2.153   3.585   6.328  -2.434   1.049   6.494  -1.706  -0.237   5.901  -2.200 0.1592
71        3.938   1.501  -1.553   4.913   1.459  -2.639   4.739   2.647  -3.579   4.772   0.004  -3.507   5.673  -1.030  -2.900 0.1357
7         4.503   1.913  -1.824   5.624   1.298  -2.530   6.157   2.219  -3.621   5.156  -0.192  -3.202   5.412  -1.289  -2.212 0.1990
7         2.129   4.424  -1.445   1.397   5.458  -2.171   2.176   5.926  -3.394   1.065   6.777  -1.150  -0.258   6.567  -0.475 0.2217
12        4.402   1.454  -0.152   5.667   1.387  -0.877   6.826   1.090   0.067   5.951   2.842  -1.710   5.364   2.752  -3.087 0.1417
74        3.018   1.789  -2.321   3.268   2.042  -3.737   2.121   2.824  -4.366   3.501   0.578  -4.570   4.958   0.224  -4.561 0.1402
9         2.871   2.371   3.116   3.126   2.893   4.455   4.467   2.403   4.989   1.876   2.442   5.516   0.807   3.494   5.505 0.1945
4         2.368   4.652   1.974   1.761   5.703   2.787   0.975   6.681   1.921   2.953   6.533   3.670   3.145   5.866   4.999 0.3067
37        4.489   1.453  -0.729   5.762   1.406  -1.441   5.653   2.076  -2.806   6.282  -0.203  -1.622   7.131  -0.589  -0.447 0.1607
28        2.756   2.579   2.260   2.565   3.340   3.491   3.260   2.664   4.667   0.908   3.526   3.822   0.408   4.785   3.179 0.1439
68        2.802   4.345  -1.311   2.681   5.192  -2.495   3.556   6.434  -2.373   1.060   5.642  -2.739   0.387   4.629  -3.616 0.1603
14        3.617   1.753  -1.747   4.350   1.942  -2.995   3.529   1.475  -4.191   5.832   1.110  -2.944   6.894   2.014  -2.392 0.1463
16        3.757   3.898   2.011   3.828   4.641   3.266   4.271   6.080   3.028   4.892   3.875   4.349   4.132   2.889   5.185 0.2310
7         1.713   3.224  -2.413   1.031   4.222  -3.232  -0.413   3.818  -3.502   1.857   4.450  -4.700   2.875   5.540  -4.538 0.2118
99        4.007   1.513  -1.412   5.013   1.465  -2.469   4.384   1.705  -3.836   5.819  -0.032  -2.453   7.021   0.057  -1.561 0.1385
30        3.509   4.029  -1.183   4.121   4.610  -2.375   4.764   5.956  -2.061   2.965   4.789  -3.609   2.935   3.547  -4.449 0.1523
20        3.246   4.227  -1.055   3.550   4.942  -2.291   2.575   6.092  -2.514   3.512   3.879  -3.617   4.877   3.296  -3.829 0.2066
6         3.246   4.037   2.466   2.915   4.888   3.606   2.793   6.348   3.184   4.089   4.730   4.825   3.692   3.628   5.762 0.2068
4         2.907   3.687   1.724   2.868   4.401   2.997   1.543   4.171   3.715   3.118   6.065   2.752   4.584   6.367   2.832 0.3045
6         3.035   2.015  -2.086   3.278   2.416  -3.469   2.511   1.527  -4.441   4.941   2.364  -3.819   5.558   3.697  -3.514 0.1748
12        4.424   1.206  -0.776   5.638   1.029  -1.567   5.346   0.272  -2.857   6.821   0.207  -0.664   7.665   1.202   0.077 0.1174
8         3.844   3.581   2.455   3.852   4.168   3.792   4.834   5.330   3.875   4.241   2.991   4.955   2.983   2.337   5.445 0.2311
5         2.104   3.338   2.205   2.059   4.336   3.271   1.236   3.838   4.453   1.417   5.798   2.688   2.530   6.662   2.172 0.2227
13        3.189   2.190   2.116   3.601   2.672   3.431   5.117   2.815   3.514   3.047   1.623   4.649   1.690   2.065   5.110 0.1548
5         4.211   2.565  -0.824   5.250   1.989  -1.674   6.209   3.064  -2.172   4.552   1.173  -2.992   4.312  -0.261  -2.622 0.1542
11        3.431   2.430   2.312   3.985   3.024   3.525   5.135   2.186   4.071   2.776   3.195   4.708   2.123   4.538   4.565 0.1910
4         1.329   3.802   1.951   0.679   4.714   2.887  -0.839   4.607   2.794   1.170   6.315   2.594   2.385   6.624   3.417 0.1949
12        1.971   3.062  -2.558   1.820   3.993  -3.672   0.411   4.575  -3.713   2.175   3.220  -5.144   3.635   3.373  -5.450 0.2323
6         3.766   2.358   2.141   4.440   2.830   3.348   4.869   1.662   4.228   3.427   3.879   4.222   3.652   5.288   3.762 0.2927
29        3.202   3.865  -2.133   3.447   4.313  -3.501   4.163   5.659  -3.517   1.984   4.421  -4.361   1.702   3.110  -5.032 0.1416
34        3.206   4.263  -1.009   3.720   5.074  -2.109   4.804   6.030  -1.627   2.458   5.945  -2.843   1.869   5.130  -3.956 0.1399
21        4.055   1.390  -1.348   5.173   1.170  -2.262   5.462   2.419  -3.086   4.848  -0.145  -3.290   5.350  -1.409  -2.658 0.1951
10        3.116   2.336   2.179   3.157   2.985   3.486   4.397   3.860   3.626   3.120   1.824   4.727   1.697   1.546   5.110 0.2008
9         3.491   1.812  -1.856   3.912   2.060  -3.232   5.415   2.296  -3.312   3.077   3.393  -3.876   1.816   2.922  -4.537 0.2298
4         4.534   2.937  -1.581   5.244   3.081  -2.849   5.095   4.492  -3.405   4.676   1.945  -3.979   5.486   0.687  -3.874 0.2063
5         4.030   1.833   1.736   5.034   2.052   2.773   6.403   1.552   2.326   4.574   1.282   4.217   3.765   2.228   5.053 0.1339
36        2.601   3.846  -2.139   2.511   4.221  -3.547   3.663   5.136  -3.946   1.025   4.983  -3.864   0.009   3.953  -4.259 0.1637
77        2.980   1.962  -2.280   3.271   2.269  -3.677   1.992   2.334  -4.504   4.329   1.109  -4.331   5.747   1.553  -4.125 0.1472
8         2.273   3.229   2.282   1.887   4.361   3.120   3.056   5.317   3.325   1.309   3.816   4.623  -0.173   3.602   4.541 0.1557
17        2.116   2.777   2.477   1.709   3.609   3.606   1.847   2.853   4.922   0.106   4.140   3.404   0.101   5.448   2.670 0.1649
24        3.312   3.462  -2.118   3.672   3.587  -3.528   4.300   4.946  -3.816   2.305   3.356  -4.512   2.178   1.902  -4.859 0.1485
20        3.210   3.315  -1.996   3.624   3.419  -3.392   4.769   4.412  -3.552   2.310   3.883  -4.367   1.595   2.659  -4.858 0.1584
7         2.337   3.350   2.288   2.137   4.404   3.280   2.290   3.861   4.696   0.605   5.115   3.090   0.706   6.274   2.143 0.3104
9         1.844   3.368   2.362   1.149   4.424   3.093   2.132   5.300   3.860   0.009   3.754   4.162  -1.311   3.616   3.463 0.1986
16        3.742   1.802   1.615   4.590   2.017   2.784   6.049   1.707   2.467   4.060   1.061   4.085   3.058   1.830   4.895 0.1692
5         2.067   4.011  -1.433   1.827   5.036  -2.444   0.925   6.139  -1.905   1.135   4.345  -3.836   2.223   3.924  -4.779 0.2954
82        4.105   1.374  -1.360   5.171   1.249  -2.351   4.807   1.972  -3.643   5.495  -0.389  -2.670   6.556  -0.881  -1.730 0.1262
24        4.472   1.561  -0.510   5.766   1.579  -1.186   5.595   1.690  -2.696   6.656   0.183  -0.800   7.491   0.442   0.418 0.1564
11        3.283   2.120   1.871   3.517   2.625   3.221   5.000   2.590   3.572   2.628   1.720   4.354   1.279   2.347   4.547 0.1740
9         2.283   2.105  -2.617   1.952   2.551  -3.968   0.498   2.997  -4.058   2.253   1.311  -5.091   3.662   1.422  -5.594 0.1597
21        4.282   1.526  -1.033   5.417   1.516  -1.952   4.974   1.167  -3.368   6.600   0.415  -1.423   7.568   1.118  -0.518 0.1457
47        3.488   1.751  -1.997   4.166   1.872  -3.285   4.097   3.301  -3.810   3.485   0.801  -4.416   4.209  -0.511  -4.361 0.1357
155       3.587   1.653  -1.905   4.254   1.791  -3.196   3.545   2.817  -4.073   4.320   0.290  -3.993   5.587  -0.419  -3.617 0.1168
5         4.097   1.626  -0.816   5.054   1.700  -1.916   6.305   0.884  -1.610   5.475   3.317  -2.229   4.535   3.890  -3.248 0.1220
20        3.288   2.116   2.174   3.548   2.621   3.519   4.551   1.739   4.253   2.100   2.720   4.405   1.486   4.074   4.210 0.1506
7         2.345   4.487  -1.204   1.774   5.413  -2.179   2.603   6.689  -2.274   0.168   5.790  -1.769  -0.759   4.811  -2.426 0.1683
15        2.406   2.474   2.438   1.875   3.213   3.580   2.734   2.996   4.821   0.270   2.748   3.893  -0.666   3.628   3.119 0.1259
39        2.889   4.283  -1.421   2.909   5.065  -2.653   4.321   5.539  -2.979   1.861   6.398  -2.527   0.496   6.008  -3.009 0.1458
31        3.953   1.439  -1.315   5.001   1.238  -2.312   4.733   2.063  -3.564   5.129  -0.409  -2.714   6.118  -1.072  -1.803 0.1287
5         3.140   3.616   1.876   3.520   4.089   3.205   2.669   5.281   3.627   5.167   4.509   3.237   5.981   3.311   3.627 0.3346
43        2.876   1.927  -2.341   3.023   2.302  -3.744   2.263   3.587  -4.052   2.478   1.046  -4.753   3.619   0.125  -5.066 0.1378
40        3.316   1.333  -2.555   3.827   1.220  -3.918   2.803   1.717  -4.931   4.253  -0.390  -4.260   5.690  -0.615  -3.895 0.1156
8         3.059   2.111  -2.112   3.394   2.507  -3.477   4.429   1.567  -4.083   3.971   4.107  -3.506   2.821   5.049  -3.705 0.2901
TOTRMS: 0.1489
BEFORE: 142 0.1406392146242801
AFTER: 100 0.14889976595163873
