11        0.580   4.530  -2.695   0.007   5.796  -2.246   0.970   6.538  -1.327  -1.471   5.530  -1.450  -2.592   5.583  -2.445 0.1650
15        0.117   3.057  -3.557  -1.056   3.917  -3.428  -0.677   5.282  -2.865  -2.225   3.181  -2.436  -3.147   2.353  -3.280 0.2126
63        0.343   0.060  -4.415  -0.103  -1.196  -5.012  -1.079  -1.924  -4.095   1.230  -2.195  -5.355   1.719  -1.917  -6.745 0.1288
21        0.768   5.605  -1.676   0.524   6.639  -0.674   1.274   7.921  -1.015   0.979   6.089   0.869  -0.193   5.426   1.529 0.1946
13        0.066   2.865  -3.462  -1.011   3.805  -3.165  -2.283   3.071  -2.758  -1.316   4.801  -4.510  -0.463   6.031  -4.425 0.2087
8         0.411   2.092  -3.705  -0.962   2.580  -3.606  -1.059   4.037  -4.044  -1.538   2.411  -2.015  -2.194   1.071  -1.862 0.2157
168       0.360   0.363  -4.479  -0.301  -0.802  -5.061  -1.610  -1.106  -4.341   0.724  -2.156  -5.004   1.541  -2.218  -6.261 0.1235
6        -1.187   3.626   3.432  -1.354   3.051   4.764  -0.740   3.950   5.830  -0.655   1.502   4.833  -1.680   0.474   4.458 0.2124
5         7.613   0.683   0.388   7.586  -0.444   1.316   8.978  -1.039   1.498   6.508  -1.639   0.767   5.142  -1.376   1.329 0.2250
135       0.012   0.449  -4.240  -0.923  -0.606  -4.620  -2.240  -0.470  -3.866  -0.240  -2.136  -4.329   0.496  -2.596  -5.552 0.1139
6         1.348   3.288   5.242   0.299   2.349   5.629   0.797   1.381   6.697  -0.255   1.486   4.273  -1.399   2.225   3.644 0.3703
27        1.098   4.351  -2.984   0.535   5.649  -2.621   1.162   6.769  -3.443   0.755   5.948  -0.962  -0.424   5.423  -0.199 0.1581
103       0.634   0.026  -4.591   0.268  -1.240  -5.219  -0.921  -1.881  -4.512   1.591  -2.308  -5.219   2.386  -2.120  -6.476 0.1312
9         0.542  -0.198  -4.631   0.597  -1.399  -5.460  -0.007  -2.595  -4.733   2.201  -1.737  -5.909   2.515  -1.048  -7.203 0.1866
100       0.181   0.236  -4.338  -0.427  -0.983  -4.862  -1.490  -1.520  -3.910   0.760  -2.168  -5.137   1.279  -2.040  -6.538 0.1214
17        0.955   1.373   8.423  -0.046   0.417   8.888   0.034   0.231  10.399   0.153  -1.078   8.105  -0.671  -1.099   6.852 0.1817
25       -0.303   4.919  -1.627  -1.071   5.775  -0.728  -0.216   6.252   0.440  -2.441   4.949  -0.149  -3.597   5.189  -1.075 0.1968
91        1.615  -0.400  -4.843   1.609  -1.665  -5.572   0.288  -2.400  -5.385   2.901  -2.648  -5.066   4.104  -2.370  -5.916 0.1439
6         0.990   1.138  -4.583  -0.378   1.472  -4.969  -0.452   2.869  -5.573  -1.417   1.361  -3.627  -1.972  -0.030  -3.539 0.2048
7        -0.075   1.154   7.923  -1.226   0.268   8.067  -1.541   0.011   9.536  -0.947  -1.204   7.264  -1.430  -1.101   5.848 0.2118
4        -0.298   0.193   7.567  -1.670  -0.308   7.570  -2.052  -0.853   8.942  -1.864  -1.515   6.389  -2.288  -0.885   5.095 0.2116
23        1.991   5.408  -2.695   1.901   6.792  -2.236   3.233   7.514  -2.406   1.412   6.846  -0.609  -0.085   6.915  -0.539 0.1745
33        1.258   5.078  -2.719   0.988   6.447  -2.289   1.961   7.427  -2.934   1.078   6.565  -0.595  -0.274   6.303  -0.003 0.1877
8        -1.897   6.063  -0.474  -2.664   6.947   0.398  -2.285   8.406   0.172  -2.424   6.528   2.028  -3.454   5.520   2.442 0.2957
4        -0.144   5.121  -1.005  -0.545   6.104  -0.002  -0.297   5.582   1.408  -2.185   6.511  -0.194  -2.304   7.680  -1.126 0.2339
14       -0.050   5.348  -1.349  -0.396   6.224  -0.234   0.125   7.638  -0.465   0.225   5.605   1.223  -0.790   4.699   1.854 0.2665
40        1.422  -0.089  -4.900   1.280  -1.267  -5.751  -0.174  -1.718  -5.823   2.256  -2.535  -5.177   3.608  -2.455  -5.822 0.1599
32        0.546   4.643  -2.340  -0.274   5.671  -1.706   0.469   6.330  -0.549  -1.738   5.006  -1.155  -2.771   5.105  -2.238 0.1498
10        0.431   5.497  -1.727   0.297   6.698  -0.908   0.714   6.429   0.533  -1.303   7.272  -0.954  -1.453   8.245  -2.086 0.2452
5         6.516   1.511  -3.910   6.679   0.183  -3.325   7.673  -0.650  -4.125   5.181  -0.617  -3.242   4.525  -0.316  -1.928 0.4576
17        0.764   4.285  -2.833  -0.006   5.475  -2.480   0.481   6.073  -1.166  -1.661   5.100  -2.373  -2.307   5.299  -3.711 0.1892
9        -2.187   2.059  -4.788  -3.556   2.133  -4.285  -4.373   0.930  -4.741  -4.299   3.573  -4.800  -4.059   4.650  -3.784 0.2006
13       -1.085   4.799  -0.806  -1.915   5.142   0.345  -1.062   5.379   1.586  -3.051   3.913   0.644  -4.309   4.198  -0.121 0.2717
7        -0.724   2.374  -3.315  -2.041   2.929  -3.016  -1.976   4.445  -2.868  -2.671   2.231  -1.599  -3.466   1.010  -1.954 0.1424
8         1.441   0.042   4.827   1.289  -1.217   5.550   2.565  -2.048   5.479  -0.021  -2.104   4.926  -1.272  -1.736   5.667 0.1962
16        0.944   5.989  -1.887   1.134   7.276  -1.224   2.270   8.063  -1.867   1.444   7.051   0.432   0.149   7.055   1.189 0.1921
34        1.106   4.970  -2.491   0.648   6.180  -1.815   1.649   7.317  -1.987   0.389   5.875  -0.163  -1.029   5.437   0.049 0.1964
9         0.833   5.236  -3.384   0.556   6.660  -3.216   1.847   7.454  -3.050  -0.460   6.913  -1.877  -1.892   6.871  -2.321 0.2534
22        0.426   4.208  -2.893  -0.462   5.282  -2.456   0.054   6.641  -2.914  -0.630   5.262  -0.765  -1.793   4.392  -0.388 0.2036
25        0.548   4.391  -2.878  -0.116   5.604  -2.409   0.824   6.803  -2.469  -0.690   5.391  -0.823  -2.090   4.856  -0.866 0.1963
10        1.147   0.665   8.234   0.037  -0.145   8.730   0.354  -0.729  10.101  -0.323  -1.393   7.633  -1.349  -0.913   6.649 0.2029
12        0.038   5.198  -1.600  -0.436   6.244  -0.698   0.421   6.315   0.559  -2.062   5.975  -0.281  -2.953   6.670  -1.267 0.1671
21        1.448   4.654  -2.975   1.068   6.019  -2.624   2.261   6.963  -2.724   0.415   6.070  -1.056  -1.070   5.868  -1.126 0.1862
31       -0.368   0.830  -3.985  -1.421  -0.147  -4.245  -2.671   0.163  -3.430  -0.872  -1.718  -3.898  -0.260  -2.317  -5.129 0.1706
6        -2.004   5.563   0.569  -2.832   5.813   1.744  -2.702   7.258   2.210  -2.409   4.753   3.005  -3.237   3.507   2.909 0.1976
6        -1.800   3.726   3.021  -2.288   3.334   4.340  -1.345   3.811   5.438  -2.477   1.647   4.425  -3.867   1.277   4.000 0.3971
13        0.331   5.780  -1.527   0.200   6.932  -0.640   0.204   8.236  -1.430   1.453   6.943   0.509   1.020   6.184   1.728 0.3831
7        -0.502   1.945  -3.349  -1.865   2.134  -2.861  -2.291   3.592  -2.975  -1.995   1.612  -1.248  -2.378   0.162  -1.221 0.2394
6         0.545   5.343  -3.480  -0.637   5.995  -2.923  -1.052   7.193  -3.769  -0.345   6.486  -1.322  -0.733   5.383  -0.382 0.3501
6        -3.091   4.206   0.924  -4.309   4.018   1.706  -3.984   3.700   3.161  -5.259   2.777   1.036  -6.209   3.361   0.032 0.3518
13       -2.479   1.588  -4.622  -3.748   1.310  -3.957  -4.181  -0.134  -4.182  -4.954   2.373  -4.510  -4.975   3.598  -3.645 0.2519
6         2.527   0.968  -4.389   1.478   1.432  -5.293   1.974   2.578  -6.167   0.109   1.921  -4.411  -0.814   0.753  -4.230 0.5423
13        0.177   1.851  -3.681  -1.259   2.063  -3.523  -2.031   0.764  -3.721  -1.809   3.241  -4.619  -1.721   4.596  -3.982 0.2957
54        0.686   0.447  -4.843   0.066  -0.637  -5.600  -1.402  -0.798  -5.224   0.898  -2.096  -5.340   1.983  -2.242  -6.366 0.1574
10       -0.132   2.226  -3.810  -1.486   2.763  -3.701  -1.464   4.226  -3.273  -2.401   1.847  -2.600  -3.094   0.734  -3.329 0.2494
20       -0.462   4.775  -1.608  -1.210   5.526  -0.604  -0.273   6.313   0.304  -2.177   4.478   0.323  -3.525   4.342  -0.319 0.1938
18        0.643   3.807  -3.306  -0.322   4.872  -3.046   0.374   6.218  -2.890  -1.231   4.521  -1.653  -2.458   3.748  -2.038 0.1978
12       -0.434   2.787  -3.352  -1.565   3.667  -3.070  -1.101   5.101  -2.841  -2.427   3.109  -1.715  -3.504   2.166  -2.161 0.2173
7        -2.653   4.654   3.015  -3.353   3.861   4.021  -4.759   3.502   3.556  -3.425   4.704   5.496  -2.222   4.364   6.325 0.4644
8        -1.773   2.413  -4.723  -2.563   1.567  -5.613  -2.746   2.225  -6.976  -4.078   1.228  -4.921  -3.985  -0.027  -4.105 0.4807
6        -1.038   4.773   3.653  -2.206   3.968   3.999  -2.424   3.938   5.507  -2.033   2.385   3.403  -2.612   2.305   2.021 0.3865
152       0.319   0.442  -4.481  -0.503  -0.640  -5.016  -1.892  -0.636  -4.388   0.251  -2.141  -4.755   1.128  -2.471  -5.925 0.1093
13        0.686   4.145  -3.507  -0.026   5.408  -3.328   0.948   6.564  -3.133  -1.086   5.309  -2.003  -2.427   4.826  -2.471 0.2183
5         5.665   3.299   4.845   4.828   3.379   6.039   5.428   2.573   7.185   3.256   2.828   5.699   2.409   3.981   5.247 0.2602
6         1.320   0.968   8.211   0.024   0.719   8.837   0.116   0.835  10.354  -0.559  -0.818   8.403  -1.385  -0.706   7.156 0.2332
8        -1.275   2.367  -4.466  -2.651   2.364  -3.977  -3.583   3.066  -4.957  -2.739   3.110  -2.451  -2.546   2.080  -1.379 0.4159
5        -1.755   4.652   3.046  -2.439   4.386   4.308  -1.442   4.211   5.447  -3.418   3.002   4.172  -4.790   3.403   3.719 0.3409
6         0.214   0.445  -4.373  -0.591  -0.689  -4.819  -2.037  -0.275  -5.062  -0.529  -1.946  -3.675   0.615  -2.861  -3.999 0.3341
9         1.960   2.519   8.629   0.859   2.061   9.472   1.353   1.683  10.863   0.072   0.736   8.752  -1.041   1.231   7.877 0.2954
10        0.311   4.609  -2.922  -0.372   5.851  -2.574   0.017   6.320  -1.177  -2.058   5.649  -2.673  -2.522   5.992  -4.057 0.3125
20        1.310   6.025  -2.123   1.423   7.277  -1.380   2.244   8.302  -2.155   2.123   7.002   0.144   1.044   6.715   1.146 0.2130
9         0.167   2.988  -3.417  -0.887   3.953  -3.121  -2.247   3.440  -3.583  -0.548   5.447  -3.858   0.249   6.300  -2.916 0.2432
10       -0.317   4.803  -1.976  -0.756   5.971  -1.218   0.435   6.752  -0.675  -1.777   5.502   0.058  -3.200   5.498  -0.416 0.1835
5         1.133   5.528  -1.716   0.618   6.610  -0.882   1.482   6.804   0.359  -0.990   6.297  -0.429  -1.920   6.884  -1.449 0.2062
14       -1.643   1.745  -5.470  -3.069   1.881  -5.186  -3.911   1.284  -6.307  -3.476   3.515  -4.957  -3.337   3.867  -3.506 0.2275
10        0.599   4.447  -3.643  -0.320   5.356  -2.963  -1.239   6.054  -3.959   0.545   6.508  -2.061   0.772   5.988  -0.672 0.2654
13        1.392   1.011   8.411   0.570  -0.035   9.012   0.608   0.042  10.534   1.088  -1.569   8.494   0.347  -1.953   7.247 0.2250
10        0.302   5.484  -1.947  -0.166   6.518  -1.029  -0.036   7.904  -1.651   0.701   6.451   0.432  -0.002   5.536   1.389 0.1996
9         1.169   2.166  -4.373  -0.065   2.879  -4.687   0.143   4.388  -4.630  -1.305   2.421  -3.617  -2.049   1.250  -4.186 0.2126
15        1.072   4.492  -3.037   0.393   5.725  -2.648   0.594   6.816  -3.693   0.953   6.259  -1.134   0.107   5.662  -0.049 0.1645
9        -0.438   4.754  -5.942  -1.821   4.337  -6.153  -2.469   5.133  -7.279  -2.720   4.514  -4.720  -2.647   3.245  -3.924 0.4704
14       -0.392   3.220  -3.274  -1.583   4.040  -3.073  -1.354   5.468  -3.555  -2.033   4.042  -1.434  -2.986   2.913  -1.175 0.2254
4        -0.584   1.985  -5.104  -0.982   1.465  -6.409  -2.418   1.854  -6.741  -0.811  -0.226  -6.451   0.565  -0.579  -6.931 0.2471
7        -0.131   5.064  -1.845  -0.926   5.797  -0.864  -0.121   6.934  -0.244  -1.483   4.747   0.352  -2.817   4.188  -0.044 0.1669
17        0.531   5.389  -2.493   0.113   6.677  -1.949   1.304   7.612  -1.775  -0.682   6.463  -0.461  -2.153   6.289  -0.700 0.1857
117      -0.084   0.461  -4.259  -0.917  -0.655  -4.698  -2.146  -0.805  -3.809  -0.021  -2.099  -4.702   0.621  -2.285  -6.044 0.1215
12        0.080   2.408  -3.468  -1.180   3.083  -3.171  -2.297   2.076  -2.920  -1.610   4.124  -4.445  -1.030   5.485  -4.195 0.1587
7        -1.610   3.037  -2.188  -2.707   3.307  -1.264  -3.629   2.099  -1.140  -3.592   4.666  -1.774  -3.009   5.902  -1.158 0.4528
8        -0.258   2.614  -3.323  -1.509   3.263  -2.942  -1.536   4.715  -3.404  -1.730   3.183  -1.258  -2.482   1.933  -0.911 0.2164
4        -2.451   2.313  -3.841  -3.593   1.457  -3.530  -4.903   2.117  -3.942  -3.623   1.088  -1.870  -2.842  -0.169  -1.623 0.3670
8         1.300   1.179   8.887   0.165   0.566   9.570   0.503   0.251  11.022  -0.319  -0.851   8.763  -1.353  -0.511   7.732 0.2077
4         0.073   3.925   4.211  -0.300   2.896   5.177   0.733   2.789   6.293  -0.480   1.392   4.403  -1.901   1.229   3.951 0.1478
17        1.771  -0.187  -5.030   1.917  -1.302  -5.962   0.672  -1.463  -6.825   2.231  -2.744  -5.117   3.712  -2.918  -4.957 0.1892
9         0.311   2.099   8.311  -1.000   1.713   8.826  -0.909   1.270  10.281  -1.666   0.469   7.878  -2.478   1.066   6.768 0.2461
7        -0.843   5.078   5.818  -2.040   4.245   5.742  -2.989   4.542   6.897  -1.616   2.598   5.745  -1.420   2.130   4.333 0.5269
65        0.824   0.093  -4.657   0.401  -1.132  -5.330  -0.977  -1.573  -4.851   1.534  -2.373  -5.069   2.566  -2.345  -6.157 0.1355
9        -1.908   4.564   2.685  -2.604   4.347   3.950  -1.766   4.831   5.128  -2.984   2.701   4.143  -4.338   2.428   3.558 0.2876
5         1.104   1.033  -4.074  -0.233   1.621  -4.071  -1.251   0.673  -4.693  -0.231   3.103  -4.904   0.065   4.216  -3.943 0.2522
15        0.692   5.906  -1.061   0.559   6.922  -0.021   1.504   8.091  -0.272   0.859   6.248   1.510  -0.426   5.740   2.093 0.1684
27        0.428   3.907  -3.144  -0.463   5.014  -2.811   0.269   6.088  -2.014  -1.807   4.451  -1.934  -2.908   4.087  -2.886 0.1593
16        0.814   4.417  -2.715   0.090   5.515  -2.082   0.448   6.851  -2.722   0.420   5.560  -0.414  -0.581   4.716   0.317 0.1956
5         0.331   4.267   3.458   0.717   3.796   4.784   1.444   4.885   5.564   1.700   2.414   4.660   0.840   1.186   4.671 0.3198
20        0.016   4.720  -2.023  -0.465   5.809  -1.178   0.637   6.315  -0.254  -1.806   5.303  -0.263  -3.066   5.580  -1.027 0.1774
11       -0.411   3.646  -3.273  -1.586   4.388  -2.825  -1.704   5.720  -3.556  -1.519   4.648  -1.147  -2.191   3.509  -0.438 0.2210
4         1.593   2.751   7.435   0.336   2.444   8.113   0.585   1.700   9.419  -0.674   1.524   7.101  -1.542   2.442   6.293 0.3937
9         2.038   0.029   5.030   2.234  -1.138   5.885   3.522  -1.870   5.529   0.908  -2.195   5.760  -0.119  -1.834   6.792 0.3686
10        0.485   6.216  -0.184   0.985   7.056   0.900   1.890   8.160   0.367   1.822   6.116   2.042   0.867   5.637   3.094 0.2592
28       -0.242   0.136  -4.131  -0.898  -1.092  -4.573  -1.723  -1.708  -3.449   0.254  -2.211  -5.132   0.471  -2.012  -6.603 0.1299
6        -1.836   4.961   3.094  -2.572   4.382   4.215  -2.367   5.198   5.486  -2.090   2.772   4.472  -2.958   1.855   3.663 0.4278
8        -0.986   5.362   3.071  -2.064   4.688   3.788  -1.641   4.332   5.209  -2.545   3.286   2.955  -3.642   3.628   1.992 0.2922
10        4.529   6.049  -2.379   3.941   7.083  -1.532   4.950   7.598  -0.513   2.562   6.486  -0.737   1.349   6.739  -1.581 0.3254
5        -0.357   0.903  -5.289  -1.203  -0.136  -5.868  -1.777   0.307  -7.209  -2.463  -0.540  -4.800  -2.018  -1.655  -3.901 0.3215
8         0.686   2.203   8.700  -0.590   2.414   9.378  -0.488   2.066  10.859  -1.812   1.487   8.644  -2.463   2.290   7.557 0.3216
31        0.748  -0.172  -4.665   0.717  -1.450  -5.371  -0.398  -2.343  -4.841   2.215  -2.242  -5.229   3.103  -1.839  -6.368 0.1204
6        -0.208   6.372   0.494  -0.085   7.398   1.525   1.367   7.822   1.707  -0.719   6.837   3.000  -2.175   7.183   3.082 0.3267
8         0.714   4.726  -3.492   0.009   5.960  -3.158  -0.255   6.796  -4.405   0.900   6.865  -2.027   0.494   6.469  -0.639 0.2555
6        -0.855   4.489   5.389  -2.185   4.295   5.961  -2.988   5.590   5.934  -2.066   3.715   7.555  -2.050   2.215   7.541 0.4847
34        0.450   0.382  -4.389  -0.330  -0.726  -4.933  -1.806  -0.583  -4.582   0.266  -2.211  -4.357   1.317  -2.725  -5.295 0.1177
5        -2.090   2.285  -4.312  -3.213   2.885  -3.598  -3.867   1.877  -2.659  -4.362   3.488  -4.697  -4.040   4.916  -5.022 0.3097
5        -0.557   4.741   3.870  -1.746   3.900   3.773  -1.638   2.687   4.689  -1.987   3.397   2.166  -2.854   4.394   1.455 0.4044
9        -0.317   0.397  -4.254  -1.158  -0.674  -4.781  -1.536  -1.665  -3.687  -0.364  -1.480  -6.050  -0.702  -0.817  -7.353 0.2121
6         0.691   0.034  -6.210   0.530  -1.171  -7.019  -0.677  -1.054  -7.943   0.369  -2.538  -6.021   1.724  -3.120  -5.748 0.3961
6        -2.247   2.407  -4.314  -3.362   2.840  -3.476  -4.699   2.537  -4.142  -3.241   4.502  -3.141  -2.452   4.702  -1.881 0.2267
7        -1.227   4.346   4.974  -1.251   3.750   6.307  -2.493   2.889   6.502  -1.189   4.961   7.499   0.242   5.246   7.849 0.5079
6        -2.355   3.774   4.956  -3.423   2.973   5.547  -4.708   3.089   4.735  -3.704   3.452   7.154  -2.837   2.646   8.074 0.3459
9        -1.761   2.248  -5.102  -3.134   2.572  -4.727  -4.130   1.700  -5.483  -3.457   4.215  -5.022  -3.125   5.017  -3.799 0.2082
13        0.796   5.006  -2.277   0.065   6.028  -1.534   1.021   6.980  -0.825  -0.983   5.306  -0.406  -2.319   5.071  -1.045 0.2205
4        -0.735   0.107  -6.424  -0.751  -1.333  -6.663  -2.142  -1.807  -7.067  -0.229  -2.170  -5.279   1.258  -2.358  -5.339 0.3389
5        -1.145   3.201  -4.215  -2.561   2.931  -3.985  -3.435   4.009  -4.615  -2.881   2.821  -2.319  -2.722   1.399  -1.872 0.3476
5         2.249   2.518  -5.011   1.127   3.424  -5.236   1.061   3.865  -6.694   1.248   4.783  -4.221   0.534   4.508  -2.931 0.3346
6        -3.260   4.153  -1.633  -4.404   3.251  -1.537  -5.653   3.882  -2.140  -4.690   2.828   0.085  -3.914   1.589   0.422 0.4384
4        -0.558   1.890  -4.539  -1.870   1.249  -4.531  -2.744   1.772  -5.665  -2.643   1.497  -3.037  -2.291   0.381  -2.100 0.2907
7         0.136   3.405  -3.512  -0.727   4.550  -3.237  -1.808   4.192  -2.223  -1.440   5.115  -4.673  -0.557   6.158  -5.292 0.2490
14        2.761   1.838   8.315   2.072   0.780   9.049   2.694   0.572  10.425   2.105  -0.673   8.167   0.898  -0.748   7.281 0.1890
6        -2.404   4.420  -0.152  -3.464   4.428   0.852  -3.489   5.748   1.614  -3.265   3.133   1.935  -4.006   1.934   1.423 0.2525
5         0.829   1.808  -3.982  -0.618   1.840  -4.177  -1.171   3.241  -3.949  -1.382   0.734  -3.135  -1.500  -0.596  -3.818 0.4118
4        -1.324   5.490   0.121  -1.521   6.424   1.226  -0.221   6.655   1.988  -2.722   5.848   2.283  -4.061   6.362   1.846 0.2581
13        5.086   1.993  -4.329   5.077   0.603  -4.774   4.111   0.405  -5.937   4.660  -0.429  -3.489   5.903  -0.857  -2.768 0.3828
18        0.265   3.809  -3.206  -0.861   4.692  -2.916  -0.539   5.631  -1.759  -2.251   3.781  -2.558  -3.015   3.518  -3.821 0.2812
8         0.679   6.321  -2.073   0.305   7.253  -1.012   0.453   8.698  -1.474   1.252   6.984   0.374   0.569   5.983   1.259 0.2903
18        2.043  -0.530  -4.938   2.418  -1.688  -5.743   1.190  -2.353  -6.355   3.281  -2.811  -4.802   4.748  -2.507  -4.881 0.1633
6        -0.547   1.253   7.627  -1.953   0.886   7.776  -2.162  -0.002   8.997  -2.511   0.096   6.378  -3.062   1.108   5.418 0.3706
8        -0.121   2.053   7.728  -1.477   1.698   8.136  -1.828   2.327   9.479  -1.647   0.008   8.221  -2.103  -0.516   6.892 0.3872
4         0.961   3.234  -4.795   0.010   4.080  -4.079  -0.805   4.931  -5.046   0.824   5.077  -2.968   0.922   4.376  -1.645 0.0814
5         1.915   6.666  -2.237   1.030   6.996  -1.123   1.624   8.103  -0.260   0.730   5.616  -0.177  -0.486   4.908  -0.697 0.3846
5         0.789   2.606   8.272  -0.450   2.550   9.042  -0.170   2.637  10.538  -1.303   1.122   8.690  -2.238   1.368   7.544 0.2083
8        -0.871   1.768  -5.152  -1.387   0.850  -6.163  -2.629   1.419  -6.839  -1.741  -0.660  -5.467  -0.530  -1.542  -5.543 0.4458
47        1.099  -0.188  -4.786   0.906  -1.430  -5.530  -0.285  -2.213  -4.991   2.310  -2.386  -5.463   3.203  -2.044  -6.619 0.1565
7         3.104   6.737  -2.229   1.966   7.254  -1.476   1.895   8.774  -1.563   2.059   6.766   0.150   1.347   5.457   0.320 0.4456
23        1.184   4.792  -2.936   0.871   6.179  -2.606   1.487   7.136  -3.619   1.418   6.555  -1.041   0.332   6.264  -0.048 0.1693
6         5.450  -0.261   3.137   5.948  -1.422   3.869   7.345  -1.810   3.397   4.885  -2.737   3.689   3.865  -2.708   4.787 0.5414
8         0.854   0.013  -4.748   0.655  -1.201  -5.535  -0.683  -1.171  -6.264   0.745  -2.576  -4.538   2.164  -3.060  -4.482 0.1799
6        -0.064   2.905  -3.669  -1.216   3.599  -3.100  -2.334   3.738  -4.126  -0.760   5.132  -2.524  -0.344   5.022  -1.087 0.3734
5        -4.099   5.059   1.812  -5.092   4.536   2.746  -5.553   3.143   2.334  -6.425   5.587   2.845  -6.192   6.590   3.935 0.4728
4        -1.131   2.949  -3.002  -2.258   3.584  -2.325  -3.078   2.561  -1.547  -3.247   4.391  -3.448  -2.775   5.806  -3.604 0.2827
9        -1.249   4.838  -0.089  -1.623   5.345   1.228  -0.438   6.013   1.916  -2.228   4.088   2.199  -3.713   3.985   2.015 0.2772
5        -3.058   5.761   2.721  -4.016   5.304   3.724  -5.444   5.641   3.314  -3.665   5.995   5.237  -2.724   5.102   5.989 0.3995
5         1.711   3.304   7.862   0.556   2.491   8.230   0.333   2.504   9.738   0.757   0.893   7.684   0.184   0.761   6.304 0.3664
5        -1.942   5.001  -4.839  -3.288   4.622  -4.419  -4.297   5.712  -4.760  -3.320   4.299  -2.750  -3.032   2.846  -2.516 0.4198
14        1.626   5.805  -2.396   1.753   7.167  -1.886   3.056   7.808  -2.349   1.669   7.175  -0.188   0.242   7.339   0.242 0.1741
6         0.418   2.231  -7.127  -0.264   1.033  -7.610  -1.497   1.396  -8.429  -0.703   0.034  -6.306   0.408  -0.932  -6.020 0.4904
64        0.754   0.406  -4.640   0.096  -0.702  -5.326  -1.403  -0.706  -5.049   0.781  -2.184  -4.852   1.917  -2.527  -5.769 0.1350
4         0.130   2.825   3.688   0.363   1.860   4.759   0.704   2.563   6.067   1.612   0.788   4.331   1.031  -0.403   3.629 0.6523
5         7.635   1.627  -0.492   8.026   0.543   0.405   8.784  -0.545  -0.346   6.657  -0.119   1.166   6.398   0.610   2.451 0.4373
5         7.077   2.802   3.178   7.013   2.262   4.533   8.104   1.221   4.761   5.485   1.578   4.828   4.571   2.624   5.395 0.1471
4         3.611   0.209   3.076   3.186  -0.784   4.058   3.207  -2.188   3.464   1.629  -0.419   4.636   1.738   0.465   5.843 0.3722
6        -1.383   2.458   7.247  -2.704   1.886   7.003  -3.380   1.487   8.309  -2.587   0.539   5.972  -2.716   0.988   4.546 0.3587
7        -0.698   4.729   1.722  -1.777   3.751   1.823  -2.068   3.402   3.278  -1.387   2.344   0.952  -1.880   2.475  -0.458 0.4739
6         0.977   6.041  -1.141   1.317   7.210  -0.334   1.710   8.389  -1.216   2.579   6.841   0.743   2.003   6.341   2.035 0.2314
6         0.203   5.387  -2.994  -0.831   5.841  -2.068  -1.107   7.330  -2.241  -0.375   5.515  -0.463  -0.871   4.156  -0.069 0.3110
6         1.539   4.977  -3.385   1.423   6.427  -3.256   2.617   7.009  -2.509  -0.021   6.838  -2.459  -1.115   7.021  -3.468 0.2703
6        -0.645   4.019   5.285  -1.823   3.180   5.084  -2.709   3.173   6.324  -1.360   1.593   4.689  -1.236   1.464   3.200 0.4472
5         4.110   5.753  -2.228   4.063   6.841  -1.255   5.467   7.287  -0.863   3.195   6.365   0.127   1.745   6.704  -0.053 0.2325
5        -0.886   5.018  -1.704  -1.679   5.427  -0.549  -2.832   6.331  -0.967  -0.700   6.221   0.592  -0.142   5.217   1.557 0.4255
4         1.189   0.035   4.506   0.640  -1.302   4.712  -0.870  -1.251   4.911   1.380  -2.048   6.048   2.588  -2.810   5.590 0.4888
7        -2.055   2.750  -4.863  -3.423   2.278  -4.664  -3.770   1.168  -5.649  -4.523   3.564  -4.823  -4.740   4.205  -3.485 0.2477
43        0.077   0.290  -4.223  -0.675  -0.878  -4.674  -1.743  -1.268  -3.659   0.374  -2.188  -4.950   0.840  -2.163  -6.375 0.1211
15        1.549   5.778  -2.170   1.377   6.982  -1.362   2.544   7.943  -1.554   1.221   6.576   0.282  -0.228   6.367   0.610 0.1743
9         0.058   0.636  -4.487  -0.993  -0.260  -4.959  -2.026  -0.517  -3.868  -0.326  -1.732  -5.487   0.000  -1.637  -6.948 0.2870
15        0.747   0.076  -4.816   0.785  -1.080  -5.708  -0.622  -1.518  -6.098   1.614  -2.369  -4.973   3.072  -2.284  -5.314 0.1821
7         0.500   0.216  -4.334   0.076  -1.053  -4.918   1.231  -1.739  -5.638  -1.218  -0.808  -5.993  -2.515  -0.924  -5.249 0.3026
5         0.219   4.306  -2.571  -0.506   5.352  -1.856  -1.909   4.889  -1.480  -0.591   6.765  -2.798   0.595   7.635  -2.502 0.4799
5        -3.140   2.696  -4.160  -4.370   2.722  -3.373  -4.962   1.325  -3.233  -5.506   3.769  -4.083  -5.332   5.149  -3.524 0.3741
12        0.154   0.597  -4.108  -0.897  -0.399  -4.294  -2.233   0.107  -3.763  -0.476  -1.856  -3.525   0.274  -2.730  -4.485 0.1412
4         5.611   2.354   4.026   4.869   2.085   5.255   5.453   2.860   6.430   4.872   0.419   5.596   3.682  -0.226   4.949 0.4274
4        -2.711   2.619   5.897  -3.755   3.085   6.805  -4.304   1.938   7.645  -5.014   3.823   5.932  -4.732   5.289   5.792 0.5680
6         4.995   1.714  -4.504   4.970   0.292  -4.832   4.539   0.069  -6.277   3.930  -0.543  -3.778   4.703  -1.016  -2.583 0.2976
28        0.222   0.370  -4.300  -0.685  -0.709  -4.680  -2.106  -0.424  -4.210  -0.145  -2.189  -4.040   0.771  -2.855  -5.023 0.1193
4         2.321   0.311  -4.880   1.015   0.266  -5.532   0.679   1.604  -6.180  -0.192  -0.160  -4.413  -0.351  -1.651  -4.392 0.4571
6         7.321   0.323   4.534   6.716  -0.089   5.797   7.715  -0.846   6.663   5.344  -1.052   5.511   4.129  -0.178   5.422 0.3000
6        -1.059   2.506  -3.208  -1.979   1.580  -3.862  -3.053   1.099  -2.894  -1.130   0.251  -4.499  -0.715   0.551  -5.908 0.2689
6         0.861   0.052   4.584   0.608  -1.242   5.211   1.913  -1.964   5.526  -0.364  -2.208   4.205  -1.809  -1.971   4.529 0.2308
4        -2.426   3.073  -3.429  -3.709   2.897  -2.755  -4.864   2.959  -3.747  -3.912   4.077  -1.548  -3.363   3.565  -0.250 0.3557
19        0.577   0.014  -4.434   0.423  -1.294  -5.064  -0.427  -2.221  -4.204   1.944  -1.996  -5.353   2.429  -1.598  -6.715 0.1297
6         7.389   1.883   2.769   7.531   0.834   3.774   8.251  -0.381   3.201   6.007   0.378   4.374   5.666   1.223   5.566 0.3938
7         2.132   4.481  -3.199   1.809   5.895  -3.026   3.023   6.680  -2.545   0.523   6.079  -1.929  -0.778   6.059  -2.676 0.3304
7        -2.147   2.729  -4.795  -3.399   2.001  -4.615  -4.139   1.846  -5.938  -4.389   2.794  -3.482  -4.096   2.271  -2.108 0.3502
4        -0.405   5.052  -0.092  -0.479   5.807   1.155   0.631   5.394   2.114  -1.996   5.590   1.891  -2.944   6.646   1.405 0.2290
7        -1.430   1.629  -5.848  -2.231   0.409  -5.855  -3.403   0.526  -6.823  -2.800   0.064  -4.290  -1.808  -0.805  -3.577 0.6115
4         6.341  -1.405   1.104   6.899  -2.739   1.301   7.959  -3.051   0.250   5.668  -3.911   1.253   5.131  -4.128   2.636 0.3242
TOTRMS: 0.2223
BEFORE: 512 0.14665572295293366
AFTER: 200 0.22232630878835238
