53682     1.885   1.284   0.849   2.768   2.444   0.927   3.527   2.645  -0.379   3.862   2.272   2.217   3.268   2.866   3.460 0.0337
1867      2.138   1.165   0.260   3.021   2.325   0.181   3.006   2.933  -1.217   4.608   1.893   0.613   4.793   2.078   2.089 0.0593
67        2.087   1.183   0.315   2.988   2.332   0.308   2.655   3.297   1.440   2.910   3.138  -1.187   3.931   2.559  -2.121 0.1332
488       0.575   2.167   0.920   1.243   3.465   0.959   2.735   3.305   1.225   0.542   4.457   2.148  -0.575   5.253   1.541 0.0766
51785     1.958   1.250   0.762   2.875   2.386   0.766   3.458   2.625  -0.622   4.126   2.135   1.890   3.719   2.690   3.223 0.0347
3339      0.281   2.381  -0.362   1.008   3.647  -0.319   1.504   3.947   1.091   0.021   4.917  -0.872   0.194   5.075  -2.353 0.0540
79        0.274   2.357  -0.315   0.893   3.672  -0.176   2.163   3.772  -1.012   1.242   3.995   1.456   0.069   4.678   2.093 0.1000
4808      1.889   1.287   0.825   2.708   2.487   0.976   3.723   2.605  -0.154   3.505   2.476   2.478   2.646   3.150   3.505 0.0534
1148      1.979   1.258   0.713   2.693   2.503   0.981   4.067   2.501   0.321   2.851   2.748   2.656   1.672   3.525   3.161 0.0635
1152      2.126   1.179  -0.230   3.011   2.338  -0.155   2.584   3.419  -1.141   4.620   1.877  -0.454   5.284   1.512   0.840 0.0634
20999     2.024   1.223   0.648   2.942   2.357   0.597   3.379   2.644  -0.835   4.302   2.063   1.574   4.040   2.570   2.961 0.0469
678       1.077   1.839  -1.158   2.016   2.946  -1.313   1.576   4.157  -0.499   2.169   3.369  -2.952   3.281   2.576  -3.572 0.0574
715       0.688   2.113  -0.985   1.501   3.319  -1.109   1.291   4.247   0.082   1.136   4.134  -2.556   2.031   3.635  -3.650 0.0622
352       1.717   1.384  -0.995   2.718   2.447  -1.029   2.059   3.817  -1.130   3.785   2.215  -2.333   4.948   1.381  -1.884 0.0784
6064      2.097   1.187   0.434   2.986   2.345   0.397   3.198   2.829  -1.033   4.481   1.968   1.113   4.427   2.282   2.578 0.0581
27335     1.865   1.297   0.863   2.712   2.481   0.979   3.569   2.667  -0.267   3.702   2.368   2.357   2.997   2.978   3.531 0.0399
3354      2.083   1.174   0.476   2.960   2.337   0.584   3.887   2.440  -0.621   3.872   2.260   2.017   3.125   2.945   3.122 0.0619
1244      0.253   2.405  -0.152   0.988   3.664  -0.231   1.785   3.916   1.043  -0.080   4.956  -0.516  -0.234   5.161  -1.994 0.0636
67637     1.924   1.260   0.804   2.827   2.406   0.859   3.503   2.637  -0.488   3.999   2.181   2.069   3.495   2.744   3.364 0.0314
444       1.555   1.534   1.074   2.317   2.773   1.194   3.504   2.783   0.238   2.855   2.987   2.793   1.827   3.755   3.568 0.0842
197       0.611   2.148  -0.941   1.344   3.401  -1.100   2.830   3.143  -1.321   1.121   4.396   0.261  -0.074   5.277   0.046 0.0734
440       0.240   2.392   0.229   0.924   3.679   0.154   2.064   3.754   1.163  -0.173   4.951   0.418  -0.756   5.388  -0.893 0.0750
1041      2.139   1.179   0.050   2.994   2.352   0.212   2.807   3.332  -0.940   4.625   1.887   0.324   4.981   1.652   1.761 0.0613
237       2.044   1.193  -0.535   2.951   2.330  -0.652   3.408   2.811   0.720   2.202   3.602  -1.496   2.479   3.460  -2.963 0.0777
154       1.942   1.290   0.778   2.659   2.550   0.953   4.166   2.341   0.866   2.254   3.262   2.443   1.072   4.167   2.259 0.0986
595       2.027   1.213  -0.576   2.951   2.343  -0.564   2.328   3.568  -1.223   4.401   1.931  -1.351   5.367   1.362  -0.355 0.0685
112       2.013   1.212  -0.588   2.868   2.387  -0.734   3.895   2.461   0.389   1.929   3.804  -0.761   1.551   4.126  -2.176 0.1186
1609      0.330   2.335  -0.540   1.053   3.603  -0.536   1.319   4.079   0.887   0.182   4.785  -1.393   0.594   4.762  -2.836 0.0625
7596      2.046   1.207   0.545   2.915   2.378   0.624   3.292   2.877  -0.766   4.318   2.018   1.515   4.081   2.319   2.965 0.0523
604       1.383   1.603  -1.164   2.365   2.676  -1.286   1.763   4.019  -0.887   2.963   2.755  -2.875   4.173   1.878  -2.998 0.0716
4443      2.101   1.169   0.421   2.996   2.322   0.455   3.574   2.609  -0.925   4.252   2.065   1.572   3.836   2.575   2.919 0.0569
14566     1.925   1.280   0.768   2.760   2.472   0.881   3.371   2.844  -0.465   3.988   2.230   2.032   3.500   2.664   3.382 0.0465
447       2.161   1.165   0.065   3.016   2.326  -0.167   2.759   2.930  -1.543   4.654   1.896  -0.017   5.092   2.084   1.405 0.0692
1023      2.056   1.201   0.548   2.902   2.385   0.665   4.112   2.289  -0.256   3.409   2.596   2.274   2.417   3.453   3.002 0.0633
218       2.109   1.170  -0.321   3.038   2.296  -0.302   3.134   2.904   1.092   2.558   3.481  -1.423   3.202   3.205  -2.749 0.0900
1778      2.120   1.160   0.364   2.996   2.325   0.441   4.060   2.285  -0.650   3.733   2.413   1.971   2.873   3.223   2.895 0.0631
399       0.428   2.257   0.743   1.097   3.555   0.736   2.494   3.456   1.337   0.175   4.702   1.588  -0.769   5.385   0.645 0.0747
2163      1.933   1.269   0.765   2.694   2.493   0.999   3.873   2.598   0.039   3.244   2.552   2.606   2.220   3.240   3.460 0.0607
36        1.946   1.251   0.704   2.894   2.360   0.750   2.253   3.606   1.351   3.485   2.702  -0.807   4.721   1.892  -1.062 0.1708
165       1.893   1.263  -0.796   2.765   2.420  -0.983   3.525   2.747   0.297   1.861   3.769  -1.486   1.799   3.800  -2.984 0.0795
826       0.864   1.995  -1.084   1.747   3.150  -1.230   1.423   4.223  -0.197   1.626   3.794  -2.799   2.637   3.135  -3.689 0.0652
3551      2.139   1.148   0.271   3.037   2.299   0.296   3.771   2.452  -1.031   4.156   2.152   1.567   3.595   2.790   2.803 0.0628
739       0.610   2.184  -0.886   1.460   3.358  -1.063   1.513   4.194   0.210   0.901   4.304  -2.360   1.565   3.856  -3.628 0.0653
14        0.326   2.358   0.314   1.068   3.614   0.382   1.548   4.043  -1.000   2.392   3.464   1.438   1.970   3.847   2.825 0.1503
153       0.784   2.126   1.012   1.648   3.302   1.068   3.119   2.905   1.014   1.338   4.198   2.479   0.274   5.217   2.200 0.0913
100       0.887   1.984   1.105   1.598   3.257   1.193   3.078   3.082   0.876   1.409   3.935   2.741   0.196   4.817   2.756 0.1077
86        2.142   1.152  -0.119   3.051   2.290  -0.013   3.418   2.829  -1.391   4.457   1.848   0.834   4.259   2.101   2.299 0.1043
1005      2.113   1.188   0.276   2.939   2.375   0.479   3.006   3.220  -0.787   4.506   1.930   0.967   4.562   1.856   2.463 0.0649
649       1.997   1.253   0.705   2.673   2.512   1.002   4.139   2.459   0.589   2.547   2.876   2.658   1.311   3.691   2.898 0.0736
896       0.283   2.381  -0.330   1.030   3.621  -0.520   1.692   4.068   0.778   0.007   4.847  -1.105   0.009   4.827  -2.604 0.0668
14        1.838   1.316   0.907   2.977   2.209   0.712   3.932   1.658  -0.341   3.801   2.449   2.179   3.222   3.636   2.890 0.1554
885       2.146   1.156  -0.091   3.029   2.317  -0.029   2.795   3.250  -1.211   4.656   1.825   0.012   5.088   1.644   1.437 0.0635
5790      1.785   1.365   0.929   2.564   2.590   1.076   3.508   2.786  -0.105   3.447   2.561   2.529   2.623   3.166   3.627 0.0502
10        1.818   1.357   0.846   2.724   2.496   0.954   3.892   2.183   1.882   1.889   3.868   1.512   1.351   4.636   0.341 0.1677
1043      0.242   2.410  -0.008   0.958   3.675  -0.144   1.927   3.886   1.013  -0.140   4.971  -0.229  -0.501   5.228  -1.662 0.0677
524       1.551   1.497  -1.103   2.520   2.586  -1.185   1.835   3.942  -1.056   3.381   2.506  -2.649   4.610   1.667  -2.461 0.0728
577       0.438   2.287  -0.670   1.242   3.490  -0.864   1.598   4.134   0.471   0.416   4.604  -1.847   0.763   4.357  -3.284 0.0717
60        0.787   2.018  -1.068   1.527   3.264  -1.241   3.025   3.044  -1.062   0.976   4.439  -0.142  -0.140   5.224  -0.767 0.1060
55        1.937   1.275   0.764   2.738   2.490   0.881   4.186   2.162   1.229   2.077   3.525   2.057   1.092   4.453   1.410 0.0973
606       2.058   1.226   0.453   2.820   2.436   0.749   3.117   3.222  -0.523   4.271   2.044   1.544   4.043   2.040   3.026 0.0805
1000      2.155   1.159   0.156   3.039   2.309  -0.013   3.152   2.704  -1.481   4.580   1.971   0.620   4.627   2.375   2.064 0.0673
53        2.032   1.197   0.544   2.905   2.363   0.638   2.707   3.092   1.962   2.621   3.424  -0.660   3.521   3.066  -1.804 0.1095
15830     1.983   1.250   0.699   2.857   2.419   0.732   3.356   2.770  -0.665   4.174   2.147   1.771   3.820   2.598   3.157 0.0411
21171     1.961   1.217   0.747   2.881   2.348   0.828   3.506   2.646  -0.530   4.098   2.041   1.975   3.654   2.536   3.319 0.0327
2280      2.143   1.154   0.231   3.043   2.303   0.175   3.432   2.626  -1.263   4.436   2.011   1.104   4.209   2.486   2.508 0.0645
8         0.539   2.254   0.757   1.272   3.517   0.738   1.135   4.211  -0.612   2.914   3.255   1.095   3.127   3.361   2.576 0.1297
18969     1.973   1.225   0.725   2.866   2.377   0.805   3.623   2.577  -0.503   3.963   2.190   2.090   3.379   2.784   3.337 0.0412
65        2.135   1.158   0.035   3.023   2.316  -0.021   3.370   2.810   1.379   2.308   3.569  -0.921   2.693   3.430  -2.364 0.1160
123       0.499   2.217  -0.822   1.197   3.495  -0.931   2.605   3.306  -1.482   1.261   4.267   0.583   0.056   5.144   0.749 0.0724
50        2.088   1.165   0.357   2.931   2.340   0.560   2.864   2.820   2.005   2.467   3.592  -0.493   3.241   3.481  -1.773 0.0946
1374      2.153   1.140   0.209   3.062   2.282   0.180   3.954   2.242  -1.055   4.015   2.318   1.588   3.320   3.127   2.642 0.0672
7         1.048   1.957  -1.106   0.106   2.018  -2.220   0.762   1.567  -3.520  -0.507   3.594  -2.393  -1.751   3.740  -1.567 0.1832
392       0.480   2.234  -0.818   1.192   3.508  -0.857   1.114   4.223   0.487   0.562   4.503  -2.084   1.305   4.253  -3.362 0.0770
99        2.104   1.156  -0.345   2.973   2.324  -0.455   3.685   2.604   0.863   2.077   3.687  -0.934   2.067   3.778  -2.431 0.0824
76        1.321   1.683   1.150   1.988   2.972   1.307   3.331   2.986   0.587   2.204   3.332   2.954   1.013   4.089   3.461 0.0927
372       0.737   2.061  -1.057   1.441   3.339  -1.108   0.942   4.284  -0.021   1.254   4.059  -2.637   2.368   3.614  -3.538 0.0706
351       1.909   1.277  -0.786   2.852   2.392  -0.807   2.159   3.689  -1.210   4.137   2.063  -1.871   5.241   1.377  -1.123 0.0774
771       2.081   1.191  -0.424   2.984   2.337  -0.383   2.446   3.490  -1.223   4.532   1.892  -0.927   5.357   1.430   0.237 0.0624
919       1.875   1.309   0.843   2.576   2.561   1.115   3.865   2.656   0.307   2.917   2.701   2.775   1.780   3.397   3.462 0.0648
231       1.071   1.832  -1.170   1.891   3.034  -1.288   1.225   4.222  -0.604   2.187   3.392  -2.923   3.446   2.707  -3.366 0.0754
365       0.793   2.072  -1.001   1.748   3.153  -1.229   1.764   4.128  -0.057   1.379   3.978  -2.669   2.105   3.336  -3.813 0.0697
359       2.061   1.209   0.530   2.886   2.408   0.647   4.251   2.201   0.002   3.073   2.842   2.281   1.971   3.778   2.679 0.0759
10878     1.945   1.226   0.771   2.894   2.334   0.830   3.441   2.663  -0.554   4.172   1.966   1.889   3.823   2.427   3.273 0.0369
17214     1.860   1.315   0.851   2.674   2.520   0.990   3.429   2.823  -0.299   3.767   2.351   2.281   3.132   2.853   3.543 0.0448
772       2.141   1.168   0.072   2.994   2.339   0.252   2.969   3.232  -0.983   4.590   1.863   0.596   4.764   1.732   2.079 0.0619
46        0.236   2.393  -0.015   0.911   3.672   0.183   1.909   3.945  -0.935   1.699   3.701   1.689   0.765   4.237   2.733 0.0921
526       1.232   1.712  -1.179   2.210   2.785  -1.328   1.702   4.080  -0.705   2.575   3.032  -2.970   3.735   2.165  -3.360 0.0608
1739      1.826   1.328   0.886   2.557   2.568   1.128   3.615   2.800   0.056   3.281   2.540   2.666   2.333   3.113   3.676 0.0603
624       2.065   1.211   0.547   2.809   2.438   0.814   4.081   2.502  -0.023   3.191   2.553   2.466   2.091   3.276   3.185 0.0628
1754      0.255   2.397  -0.248   0.970   3.667  -0.174   1.617   3.854   1.194  -0.083   4.961  -0.503  -0.076   5.249  -1.975 0.0553
37        0.303   2.336  -0.432   0.842   3.683  -0.267   2.264   3.775  -0.806   0.809   4.138   1.371  -0.494   4.817   1.675 0.0895
269       1.914   1.302   0.792   2.689   2.529   0.952   4.109   2.353   0.426   2.726   2.998   2.586   1.568   3.906   2.872 0.0687
488       2.118   1.159   0.357   3.020   2.307   0.367   4.199   2.087  -0.573   3.580   2.610   1.943   2.648   3.563   2.630 0.0703
205       0.252   2.350   0.450   0.878   3.668   0.401   2.164   3.695   1.218  -0.197   4.858   0.966  -0.998   5.394  -0.184 0.0794
251       2.130   1.181   0.360   2.896   2.412   0.529   4.229   2.335  -0.206   3.158   2.725   2.180   2.034   3.563   2.714 0.0651
23401     1.978   1.241   0.730   2.895   2.378   0.730   3.563   2.544  -0.630   4.074   2.189   1.940   3.587   2.812   3.214 0.0367
5237      1.817   1.345   0.913   2.684   2.518   0.977   3.615   2.579  -0.228   3.591   2.508   2.415   2.834   3.232   3.489 0.0502
172       1.148   1.785  -1.166   2.230   2.746  -1.358   2.006   4.000  -0.520   2.372   3.160  -3.001   3.329   2.220  -3.672 0.0723
69        2.171   1.140  -0.098   3.018   2.270  -0.467   2.527   2.928  -1.752   4.632   1.767  -0.649   5.346   1.893   0.664 0.0763
521       0.377   2.342  -0.518   1.165   3.553  -0.724   1.727   4.074   0.593   0.221   4.754  -1.471   0.347   4.634  -2.961 0.0660
TOTRMS: 0.0433
BEFORE: 128 0.04313422846900944
AFTER: 100 0.04329032635535669
