31569     2.285   1.765  -3.475   1.254   2.255  -4.385   0.974   3.735  -4.150  -0.176   1.354  -4.203  -0.154   0.187  -5.144 0.0539
764       1.603   3.635  -3.093   0.721   4.710  -3.540   1.339   6.076  -3.270  -0.792   4.592  -2.774  -1.707   3.740  -3.602 0.1636
16856     1.894   1.788  -3.528   0.759   2.286  -4.299   0.539   3.774  -4.054  -0.650   1.416  -3.911  -0.776   0.235  -4.826 0.0619
968      -0.791   4.270  -1.825  -1.914   4.791  -1.053  -1.429   5.630   0.123  -2.893   3.517  -0.496  -3.959   3.225  -1.510 0.1752
885      -0.053   3.515   2.991   0.524   3.042   4.246   2.014   3.356   4.319   0.271   1.370   4.423  -1.025   1.133   5.138 0.1463
4521      2.956   1.628  -3.408   2.146   2.003  -4.563   1.597   3.417  -4.413   0.869   0.901  -4.775   1.313  -0.213  -5.675 0.0841
6034      2.407   1.870  -3.431   1.466   2.483  -4.364   1.457   4.000  -4.217  -0.099   1.864  -4.121  -0.300   0.658  -4.991 0.0968
1588      3.503   1.583   2.875   4.672   0.733   2.671   5.578   1.297   1.583   4.194  -0.848   2.270   4.047  -1.659   3.523 0.1624
2975      2.398   1.675   3.426   3.512   0.760   3.659   4.767   1.225   2.930   3.100  -0.814   3.165   2.485  -1.554   4.315 0.0999
985      -0.549   4.689   1.363  -0.613   4.745   2.821   0.777   4.897   3.426  -1.368   3.351   3.435  -2.845   3.588   3.540 0.1578
865      -0.902   4.767   0.409  -1.362   4.972   1.779  -0.194   5.276   2.710  -2.208   3.605   2.332  -3.665   3.755   2.011 0.1878
6229      2.368   1.715  -3.534   1.388   2.075  -4.555   0.825   3.469  -4.309   0.127   0.935  -4.595   0.470  -0.156  -5.565 0.0732
21078     2.544   1.738  -3.443   1.592   2.204  -4.447   1.232   3.668  -4.224   0.186   1.247  -4.421   0.348   0.097  -5.369 0.0555
1465      0.276   3.739  -2.984  -1.037   4.372  -2.902  -1.058   5.456  -1.830  -2.236   3.211  -2.581  -2.775   2.677  -3.874 0.1367
712       3.622   1.074  -3.307   3.142   0.894  -4.674   1.798   1.582  -4.880   3.013  -0.760  -5.044   4.308  -1.245  -5.626 0.1472
1579      2.816   1.461  -3.566   2.082   1.530  -4.826   0.872   2.450  -4.707   1.588  -0.023  -5.311   2.650  -0.640  -6.171 0.1281
285       2.022   1.834  -3.548   0.954   1.484  -4.480   1.167   2.148  -5.834  -0.558   1.930  -3.843  -1.122   0.790  -3.048 0.2624
1433      0.837   3.428   3.270   1.546   2.776   4.368   3.054   2.815   4.148   1.023   1.168   4.540  -0.133   1.118   5.495 0.1382
18744     2.348   1.883  -3.458   1.371   2.479  -4.365   1.189   3.964  -4.076  -0.121   1.674  -4.243  -0.162   0.545  -5.230 0.0606
1602      1.147   2.541  -3.469  -0.061   3.231  -3.909  -0.103   4.659  -3.377  -1.446   2.381  -3.408  -1.839   1.396  -4.468 0.1279
23707     2.189   1.790  -3.471   1.146   2.346  -4.328   0.998   3.847  -4.110  -0.337   1.566  -4.038  -0.467   0.384  -4.951 0.0593
979       2.311   2.294  -3.500   1.412   2.573  -4.616   1.596   3.999  -5.125  -0.204   2.322  -4.154  -0.590   0.900  -4.435 0.1852
214       4.613   0.553  -3.196   4.334  -0.473  -4.197   5.543  -0.709  -5.093   2.987  -0.034  -5.137   1.738  -0.569  -4.502 0.2954
764      -0.604   4.669  -1.630  -1.610   5.358  -0.827  -0.987   5.979   0.418  -2.853   4.285  -0.384  -3.930   4.310  -1.427 0.2083
805       2.049   1.489  -3.696   1.114   1.484  -4.817  -0.195   2.169  -4.444   0.813  -0.109  -5.331   1.805  -0.489  -6.389 0.1590
1641      2.946   2.127   3.263   4.122   1.277   3.421   5.212   1.657   2.426   3.701  -0.359   3.227   3.325  -0.940   4.557 0.1381
761       3.030   1.270  -3.530   2.394   1.211  -4.843   0.926   1.612  -4.761   2.536  -0.350  -5.502   3.798  -0.440  -6.308 0.1996
13039     1.925   1.780  -3.564   0.794   2.195  -4.390   0.419   3.647  -4.118  -0.545   1.185  -4.113  -0.505   0.028  -5.066 0.0689
8439      2.654   1.796  -3.448   1.770   2.322  -4.485   1.410   3.778  -4.212   0.358   1.382  -4.594   0.568   0.277  -5.586 0.0644
33        4.929   1.755   0.361   5.650   2.101   1.583   6.837   1.171   1.802   4.607   2.042   2.924   3.978   3.388   3.128 0.4589
6385      1.567   1.791  -3.556   0.361   2.295  -4.205   0.194   3.792  -3.968  -1.009   1.460  -3.643  -1.258   0.264  -4.513 0.0991
3239      1.634   2.472  -3.490   0.504   3.150  -4.120   0.341   4.565  -3.579  -0.928   2.265  -3.880  -1.111   1.295  -5.009 0.1043
564       2.125   1.934  -3.558   1.140   1.768  -4.622   1.268   2.872  -5.666  -0.433   1.756  -3.977  -0.825   0.347  -3.642 0.1918
6806      2.153   2.038  -3.522   1.137   2.612  -4.399   0.802   4.041  -3.989  -0.270   1.656  -4.382  -0.182   0.619  -5.461 0.0746
332       4.516   0.117  -3.195   4.194  -0.361  -4.537   3.090   0.479  -5.169   3.727  -1.995  -4.488   4.936  -2.866  -4.663 0.2071
290       4.769   1.554  -0.119   5.533   1.449  -1.359   6.013   2.819  -1.825   4.596   0.715  -2.573   4.800  -0.770  -2.533 0.3052
334       5.050   0.202  -2.748   4.866  -0.115  -4.162   4.419   1.113  -4.946   3.731  -1.368  -4.346   4.440  -2.690  -4.327 0.2470
1250     -0.184   4.234   2.279   0.100   3.988   3.690   1.589   4.128   3.983  -0.441   2.441   4.142  -1.858   2.529   4.627 0.1343
2338      2.622   1.642  -3.531   1.761   1.892  -4.684   0.912   3.140  -4.475   0.760   0.549  -4.979   1.449  -0.390  -5.924 0.0996
18452     2.366   1.701  -3.418   1.318   2.113  -4.347   1.016   3.601  -4.210  -0.096   1.205  -4.087  -0.066  -0.023  -4.947 0.0582
1309     -0.282   3.904  -2.610  -1.580   4.459  -2.237  -1.440   5.467  -1.102  -2.649   3.217  -1.785  -3.402   2.741  -2.992 0.1550
543       0.110   4.304   2.544   0.496   4.048   3.929   2.013   3.994   4.074  -0.194   2.595   4.479  -1.532   2.879   5.094 0.1863
475       0.823   2.939  -3.375  -0.451   3.330  -3.972  -0.392   4.758  -4.504  -1.709   3.183  -2.837  -2.298   1.806  -2.921 0.2199
1670      2.191   1.993   3.554   3.267   1.109   3.996   4.561   1.402   3.246   2.823  -0.518   3.781   2.145  -1.020   5.021 0.1271
948       3.485   1.509  -3.241   2.850   1.813  -4.520   2.214   3.198  -4.501   1.680   0.638  -4.896   2.318  -0.470  -5.680 0.1535
32        1.671   3.591   2.985   0.662   4.524   3.479   0.958   5.947   3.019   0.580   4.465   5.176  -0.428   3.436   5.593 0.6117
948       1.232   2.969   3.443   2.109   2.198   4.319   3.573   2.398   3.945   1.711   0.546   4.253   0.687   0.236   5.305 0.1517
677       2.121   2.020  -3.556   1.137   2.056  -4.634   1.061   3.443  -5.262  -0.394   1.594  -4.054  -0.556   0.110  -4.199 0.1900
196       3.209   0.996  -3.980   2.562   0.118  -4.950   3.385   0.012  -6.229   0.998   0.680  -5.309   0.015   0.060  -4.362 0.2860
760       1.531   3.042  -3.362   0.461   3.688  -4.116   0.721   5.182  -4.268  -1.038   3.431  -3.357  -1.662   2.177  -3.894 0.1701
40        4.708   1.190   0.436   5.295   0.889   1.739   5.343   2.131   2.620   6.859   0.248   1.551   6.777  -1.246   1.443 0.5620
16635     2.722   1.698  -3.356   1.811   2.183  -4.389   1.571   3.682  -4.249   0.332   1.347  -4.315   0.399   0.136  -5.197 0.0630
1927      2.189   1.680  -3.601   1.192   1.922  -4.640   0.407   3.198  -4.362   0.131   0.599  -4.762   0.669  -0.384  -5.759 0.1045
1493      2.938   1.495  -3.510   2.180   1.653  -4.747   1.174   2.793  -4.633   1.379   0.206  -5.142   2.268  -0.638  -6.005 0.1210
691       0.870   3.451  -3.497  -0.187   4.420  -3.771  -0.201   5.528  -2.726  -1.701   3.648  -3.823  -1.990   3.205  -5.226 0.1789
895       1.934   3.324  -3.212   1.042   4.277  -3.867   1.377   5.708  -3.463  -0.579   3.929  -3.490  -1.137   2.981  -4.509 0.1736
7815      2.810   1.666  -3.367   1.912   2.004  -4.467   1.414   3.440  -4.348   0.594   0.931  -4.508   0.931  -0.241  -5.381 0.0740
3228      1.943   1.717  -3.602   0.832   2.005  -4.504   0.253   3.390  -4.236  -0.382   0.826  -4.345  -0.124  -0.291  -5.312 0.0948
1116      0.944   3.419  -3.259  -0.233   4.246  -3.506  -0.247   5.466  -2.593  -1.653   3.337  -3.287  -2.047   2.705  -4.589 0.1404
433       4.622   1.059   0.934   5.438   0.555  -0.167   5.641   1.624  -1.234   4.722  -0.826  -0.853   5.228  -2.052  -0.153 0.2114
1442      1.851   2.183   3.575   2.974   1.408   4.092   4.296   1.911   3.524   2.774  -0.241   3.729   2.031  -0.912   4.846 0.1171
966       1.212   1.717  -3.681  -0.066   1.968  -4.340  -0.605   3.349  -3.985  -1.199   0.773  -3.915  -1.121  -0.360  -4.894 0.1511
160       5.071   2.355  -0.538   5.704   1.094  -0.913   5.120   0.551  -2.213   5.525  -0.053   0.329   6.689   0.044   1.270 0.3083
351       1.957   3.878  -3.128   1.276   5.085  -3.590   2.074   6.334  -3.239  -0.283   5.180  -2.918  -1.262   4.497  -3.826 0.2598
1175      2.491   1.562   3.344   3.674   0.715   3.456   4.886   1.376   2.808   3.387  -0.802   2.743   2.838  -1.743   3.773 0.1246
6304      1.867   1.729  -3.522   0.682   2.081  -4.299   0.325   3.551  -4.120  -0.634   1.102  -3.850  -0.657  -0.129  -4.708 0.0805
3239      2.469   1.839  -3.548   1.570   2.336  -4.585   1.054   3.729  -4.242   0.265   1.267  -4.801   0.618   0.252  -5.846 0.0854
1207      2.875   1.979  -3.451   2.104   2.561  -4.545   1.641   3.972  -4.201   0.765   1.582  -4.915   1.152   0.579  -5.960 0.1306
1027      2.100   1.639  -3.631   1.118   1.735  -4.707   0.084   2.815  -4.412   0.347   0.238  -4.940   1.109  -0.565  -5.952 0.1415
270       3.682   2.597  -3.490   3.245   3.412  -4.619   2.991   4.853  -4.191   1.840   2.756  -5.317   2.224   1.787  -6.396 0.2358
4967      3.043   1.638  -3.308   2.249   2.104  -4.442   1.943   3.592  -4.323   0.802   1.218  -4.556   1.018   0.019  -5.431 0.0868
597       3.167   3.052  -3.937   2.814   4.136  -4.849   3.318   5.477  -4.329   1.130   4.195  -5.077   0.753   3.332  -6.245 0.2297
9062      2.051   1.741  -3.480   0.960   2.281  -4.286   0.864   3.794  -4.136  -0.515   1.557  -3.849  -0.740   0.334  -4.688 0.0739
951       1.589   3.067  -3.345   0.383   3.608  -3.964  -0.093   4.860  -3.237  -0.851   2.439  -3.982  -0.771   1.646  -5.253 0.1599
266       3.729   0.897  -3.622   3.418   0.525  -4.999   3.550   1.722  -5.934   1.850  -0.123  -5.099   1.909  -1.608  -4.901 0.2902
14976     2.365   1.727  -3.470   1.340   2.109  -4.437   0.910   3.557  -4.238  -0.006   1.078  -4.314   0.174  -0.092  -5.236 0.0606
728       0.662   3.253  -3.149  -0.531   4.070  -3.358  -0.334   5.479  -2.812  -1.882   3.344  -2.625  -2.554   2.432  -3.608 0.1804
87        1.892   5.704   2.025   0.672   6.150   2.691   0.149   5.086   3.649  -0.521   6.539   1.544  -0.407   7.989   1.176 0.4782
166       4.267   0.353  -0.650   4.547   0.058  -2.052   4.892   1.327  -2.822   3.216  -0.717  -2.773   3.359  -2.202  -2.618 0.2336
263       4.378   0.786  -2.423   3.987   0.680  -3.826   3.442   2.006  -4.344   2.827  -0.546  -4.028   3.518  -1.847  -4.309 0.2305
92        2.393   2.172  -3.282   1.418   2.440  -4.335   1.162   1.196  -5.176   1.951   3.715  -5.326   1.450   5.018  -4.778 0.4639
9092      2.691   1.658  -3.336   1.718   2.003  -4.369   1.337   3.477  -4.294   0.330   1.033  -4.223   0.497  -0.208  -5.049 0.0700
834       1.349   3.631  -3.160   0.318   4.597  -3.529   0.379   5.832  -2.637  -1.223   3.885  -3.434  -1.574   3.276  -4.759 0.1643
1007      0.311   3.892  -3.009  -0.987   4.562  -2.988  -1.103   5.495  -1.788  -2.244   3.418  -2.961  -2.644   3.080  -4.366 0.1522
348       3.514   2.300   3.017   4.771   1.558   3.019   5.599   1.877   1.780   4.474  -0.114   3.108   4.429  -0.538   4.545 0.2055
828       1.138   3.706  -3.036   0.137   4.731  -3.317   0.564   6.082  -2.756  -1.370   4.281  -2.670  -2.141   3.503  -3.695 0.1535
441       0.253   3.714  -2.817  -0.829   4.695  -2.797  -0.283   6.111  -2.660  -1.909   4.360  -1.528  -2.990   3.444  -2.019 0.2295
581       1.664   3.525  -3.359   0.637   4.380  -3.948   0.112   5.387  -2.932  -0.644   3.439  -4.552  -0.373   3.085  -5.984 0.2215
52        2.008   5.942   2.800   0.852   6.739   3.200  -0.092   5.933   4.083   0.024   7.311   1.830   0.580   8.646   1.430 0.4306
21        0.653   4.097   5.289  -0.538   3.872   6.103  -1.735   4.634   5.547  -0.251   4.333   7.715   0.277   3.159   8.484 0.5578
390       1.923   3.437  -3.837   1.205   4.530  -4.488   1.571   5.873  -3.868  -0.473   4.279  -4.390  -0.934   3.502  -5.587 0.2210
127       2.653   2.223  -4.375   1.619   1.978  -5.377   2.231   1.542  -6.703   0.669   3.370  -5.602  -0.494   3.340  -4.655 0.4069
611       2.332   2.816   3.600   3.445   2.082   4.193   4.683   2.151   3.307   3.010   0.460   4.463   2.422   0.322   5.836 0.1890
8812      2.395   1.666  -3.402   1.351   2.109  -4.321   1.156   3.619  -4.243  -0.113   1.313  -3.984  -0.192   0.050  -4.788 0.0682
21        2.488   3.845   4.870   3.121   4.057   6.168   4.629   4.226   6.023   2.777   2.762   7.215   1.521   3.057   7.980 0.7573
94       -0.482   4.850   1.190  -1.938   4.744   1.220  -2.404   3.928   2.420  -2.512   4.044  -0.219  -2.791   5.122  -1.223 0.4848
2235      2.510   2.123  -3.451   1.627   2.809  -4.390   1.448   4.273  -4.007   0.115   2.034  -4.456   0.138   0.982  -5.524 0.1055
112       2.648   1.692  -3.370   1.690   1.837  -4.462   1.972   0.836  -5.577   1.728   3.422  -5.077   0.738   4.270  -4.336 0.3323
481       1.478   3.344  -3.348   0.381   3.989  -4.063   0.848   5.269  -4.747  -0.901   4.331  -2.999  -1.846   3.167  -2.964 0.2539
4333      2.798   1.728  -3.388   1.964   2.292  -4.445   1.815   3.800  -4.281   0.434   1.552  -4.453   0.460   0.357  -5.358 0.0803
TOTRMS: 0.0932
BEFORE: 621 0.07548055121980397
AFTER: 100 0.0932092626561796
