H 0.628 E 0.847    2.151   1.143  -0.050   3.044   2.299  -0.025   3.357   2.780  -1.437   4.484   1.919   0.794   4.328   2.235   2.252
Kernel d0: 0.49 sigma: 0.05 SUM:    19.42 maxCount:   1.99 PSEUDO 200+0.2
0.0000  0.0000  0.0000  -0.0000 0.0000  0.0000  -0.0000 0.0000  -0.0000 -0.0000 0.0000  -0.0000 -0.0000 0.0000  0.0000  0.0000  0.0000  -0.0000 0.0000  -0.0000 
0.0000  0.0000  0.0000  0.0000  0.0000  0.0000  0.0000  0.0000  -0.0000 0.0000  0.0000  0.0000  0.0000  0.0000  0.0000  -0.0000 -0.0000 0.0000  0.0000  0.0000  
0.0000  0.0000  0.0000  0.0000  -0.0000 -0.0000 0.0000  0.0000  -0.0000 0.0000  0.0000  0.0000  0.0000  0.0000  0.0000  0.0000  -0.0000 0.0000  0.0000  -0.0000 
0.0000  0.0000  -0.0000 -0.0000 0.0000  -0.0000 -0.0000 0.0000  -0.0000 0.0000  -0.0000 -0.0000 0.0000  0.0000  -0.0000 0.0000  -0.0000 0.0000  -0.0000 0.0000  
0.0000  0.0000  0.0000  0.0000  -0.0000 0.0000  0.0000  0.0000  0.0000  0.0000  0.0000  0.0000  0.0000  0.0000  0.0000  0.0000  0.0000  0.0000  0.0000  0.0000  
-0.0000 0.0000  0.0000  0.0000  0.0000  0.0000  0.0000  0.0000  -0.0000 0.0000  0.0000  0.0000  0.0000  0.0000  0.0000  0.0000  0.0000  0.0000  0.0000  0.0000  
0.0000  0.0000  0.0000  0.0000  0.0000  0.0000  0.0000  0.0000  0.0000  -0.0000 0.0000  0.0000  0.0000  0.0000  -0.0000 -0.0000 -0.0000 0.0000  0.0000  0.0000  
0.0000  0.0000  0.0000  0.0000  0.0000  0.0000  0.0000  0.0000  0.0000  -0.0000 0.0000  -0.0000 0.0000  0.0000  0.0000  0.0000  0.0000  0.0000  0.0000  0.0000  
-0.0000 0.0000  -0.0000 -0.0000 -0.0000 0.0000  0.0000  -0.0000 0.0000  -0.0000 0.0000  0.0000  0.0000  0.0000  -0.0000 -0.0000 -0.0000 0.0000  0.0000  -0.0000 
-0.0000 0.0000  -0.0000 -0.0000 -0.0000 0.0000  0.0000  -0.0000 0.0000  0.0000  0.0000  0.0000  0.0000  -0.0000 0.0000  -0.0000 -0.0000 0.0000  0.0000  -0.0000 
0.0000  0.0000  0.0000  -0.0000 0.0000  -0.0000 0.0000  0.0000  0.0000  0.0000  0.0000  0.0000  0.0000  0.0000  -0.0000 0.0000  -0.0000 0.0000  0.0000  0.0000  
-0.0000 0.0000  0.0000  0.0000  0.0000  -0.0000 0.0000  0.0000  0.0000  -0.0000 0.0000  -0.0000 0.0000  0.0000  -0.0000 0.0000  0.0000  0.0000  0.0000  0.0000  
0.0000  0.0000  0.0000  0.0000  0.0000  0.0000  0.0000  0.0000  0.0000  0.0000  0.0000  -0.0000 0.0000  0.0000  -0.0000 0.0000  0.0000  0.0000  0.0000  0.0000  
-0.0000 0.0000  0.0000  0.0000  0.0000  0.0000  0.0000  -0.0000 -0.0000 0.0000  0.0000  0.0000  0.0000  0.0000  -0.0000 0.0000  -0.0000 0.0000  0.0000  -0.0000 
-0.0000 0.0000  -0.0000 -0.0000 0.0000  0.0000  -0.0000 0.0000  0.0000  -0.0000 0.0000  -0.0000 0.0000  -0.0000 -0.0000 -0.0000 -0.0000 0.0000  0.0000  0.0000  
0.0000  0.0000  -0.0000 -0.0000 0.0000  0.0000  0.0000  -0.0000 0.0000  0.0000  0.0000  0.0000  -0.0000 0.0000  0.0000  0.0000  0.0000  0.0000  0.0000  0.0000  
0.0000  0.0000  0.0000  0.0000  -0.0000 0.0000  -0.0000 -0.0000 0.0000  0.0000  0.0000  -0.0000 0.0000  -0.0000 0.0000  0.0000  -0.0000 0.0000  0.0000  0.0000  
0.0000  0.0000  0.0000  0.0000  -0.0000 0.0000  0.0000  -0.0000 0.0000  -0.0000 0.0000  0.0000  0.0000  0.0000  0.0000  0.0000  0.0000  0.0000  0.0000  0.0000  
-0.0000 0.0000  0.0000  -0.0000 0.0000  0.0000  0.0000  0.0000  0.0000  0.0000  0.0000  0.0000  0.0000  0.0000  0.0000  0.0000  0.0000  0.0000  0.0000  0.0000  
0.0000  0.0000  -0.0000 0.0000  0.0000  0.0000  0.0000  0.0000  0.0000  0.0000  0.0000  -0.0000 0.0000  0.0000  0.0000  0.0000  -0.0000 0.0000  0.0000  0.0000  
H 0.628 E 0.847    2.147   1.155  -0.127   3.011   2.330  -0.190   2.750   3.135  -1.458   4.646   1.869  -0.118   5.094   1.840   1.313
Kernel d0: 0.49 sigma: 0.05 SUM:    15.79 maxCount:   1.96 PSEUDO 200+0.2
-0.0000 0.0000  0.0000  -0.0000 0.0000  0.0000  0.0000  0.0000  -0.0000 0.0000  0.0000  0.0000  0.0000  0.0000  0.0000  0.0000  0.0000  0.0000  0.0000  -0.0000 
0.0000  0.0000  0.0000  0.0000  0.0000  0.0000  0.0000  0.0000  0.0000  0.0000  0.0000  0.0000  0.0000  0.0000  0.0000  0.0000  -0.0000 0.0000  0.0000  0.0000  
-0.0000 0.0000  0.0000  -0.0000 0.0000  0.0000  0.0000  -0.0000 -0.0000 -0.0000 0.0000  -0.0000 -0.0000 0.0000  0.0000  0.0000  -0.0000 0.0000  0.0000  0.0000  
0.0000  0.0000  0.0000  -0.0000 0.0000  0.0000  -0.0000 0.0000  -0.0000 0.0000  0.0000  -0.0000 0.0000  -0.0000 -0.0000 0.0000  -0.0000 0.0000  0.0000  -0.0000 
0.0000  0.0000  -0.0000 0.0000  0.0000  0.0000  0.0000  0.0000  0.0000  -0.0000 0.0000  0.0000  0.0000  0.0000  0.0000  -0.0000 0.0000  0.0000  0.0000  0.0000  
0.0000  0.0000  -0.0000 -0.0000 0.0000  0.0000  0.0000  0.0000  -0.0000 -0.0000 0.0000  0.0000  0.0000  0.0000  0.0000  -0.0000 -0.0000 0.0000  0.0000  0.0000  
0.0000  0.0000  0.0000  -0.0000 0.0000  -0.0000 0.0000  0.0000  -0.0000 0.0000  0.0000  0.0000  0.0000  -0.0000 0.0000  0.0000  0.0000  -0.0000 0.0000  0.0000  
0.0000  0.0000  0.0000  0.0000  0.0000  -0.0000 0.0000  0.0000  0.0000  -0.0000 0.0000  0.0000  0.0000  0.0000  0.0000  0.0000  0.0000  0.0000  0.0000  0.0000  
0.0000  0.0000  0.0000  0.0000  0.0000  0.0000  -0.0000 0.0000  -0.0000 0.0000  0.0000  0.0000  0.0000  0.0000  -0.0000 0.0000  0.0000  0.0000  0.0000  -0.0000 
-0.0000 0.0000  0.0000  0.0000  -0.0000 0.0000  -0.0000 -0.0000 -0.0000 -0.0000 -0.0000 0.0000  -0.0000 0.0000  0.0000  -0.0000 0.0000  -0.0000 0.0000  0.0000  
-0.0000 0.0000  0.0000  0.0000  0.0000  0.0000  0.0000  0.0000  -0.0000 -0.0000 0.0000  -0.0000 0.0000  0.0000  -0.0000 0.0000  -0.0000 0.0000  0.0000  0.0000  
0.0000  0.0000  0.0000  0.0000  -0.0000 0.0000  0.0000  -0.0000 -0.0000 0.0000  0.0000  -0.0000 0.0000  0.0000  0.0000  -0.0000 -0.0000 -0.0000 0.0000  0.0000  
0.0000  0.0000  0.0000  0.0000  0.0000  0.0000  0.0000  -0.0000 0.0000  0.0000  0.0000  0.0000  0.0000  0.0000  0.0000  0.0000  0.0000  -0.0000 0.0000  0.0000  
0.0000  0.0000  0.0000  -0.0000 0.0000  0.0000  -0.0000 -0.0000 0.0000  0.0000  -0.0000 0.0000  -0.0000 0.0000  -0.0000 0.0000  0.0000  -0.0000 0.0000  0.0000  
-0.0000 0.0000  0.0000  -0.0000 0.0000  0.0000  0.0000  -0.0000 -0.0000 0.0000  0.0000  -0.0000 -0.0000 0.0000  -0.0000 0.0000  -0.0000 0.0000  0.0000  0.0000  
0.0000  0.0000  -0.0000 -0.0000 0.0000  0.0000  0.0000  -0.0000 -0.0000 -0.0000 0.0000  0.0000  -0.0000 0.0000  -0.0000 0.0000  0.0000  0.0000  0.0000  0.0000  
0.0000  0.0000  0.0000  -0.0000 0.0000  0.0000  0.0000  0.0000  0.0000  -0.0000 0.0000  -0.0000 0.0000  0.0000  0.0000  0.0000  0.0000  -0.0000 0.0000  0.0000  
0.0000  0.0000  0.0000  0.0000  0.0000  0.0000  0.0000  -0.0000 -0.0000 0.0000  0.0000  0.0000  0.0000  0.0000  0.0000  0.0000  -0.0000 -0.0000 0.0000  -0.0000 
0.0000  0.0000  0.0000  0.0000  0.0000  0.0000  0.0000  0.0000  0.0000  0.0000  0.0000  0.0000  0.0000  0.0000  0.0000  0.0000  0.0000  0.0000  0.0000  0.0000  
0.0000  0.0000  0.0000  0.0000  0.0000  0.0000  0.0000  0.0000  -0.0000 0.0000  0.0000  0.0000  0.0000  0.0000  0.0000  -0.0000 0.0000  0.0000  0.0000  0.0000  
H 0.628 E 0.847    2.158   1.129  -0.013   3.062   2.274   0.049   3.970   2.323  -1.174   3.998   2.216   1.467   3.286   2.947   2.566
Kernel d0: 0.49 sigma: 0.05 SUM:    15.56 maxCount:   1.74 PSEUDO 200+0.2
-0.0000 0.0000  0.0000  -0.0000 0.0000  0.0000  0.0000  0.0000  -0.0000 0.0000  0.0000  0.0000  0.0000  0.0000  0.0000  0.0000  0.0000  0.0000  0.0000  -0.0000 
0.0000  0.0000  0.0000  0.0000  0.0000  0.0000  0.0000  0.0000  0.0000  0.0000  0.0000  0.0000  0.0000  0.0000  0.0000  0.0000  -0.0000 0.0000  0.0000  0.0000  
-0.0000 0.0000  0.0000  -0.0000 0.0000  0.0000  0.0000  -0.0000 -0.0000 -0.0000 0.0000  -0.0000 -0.0000 0.0000  0.0000  0.0000  -0.0000 0.0000  0.0000  0.0000  
0.0000  0.0000  0.0000  -0.0000 0.0000  0.0000  -0.0000 0.0000  -0.0000 0.0000  0.0000  -0.0000 0.0000  -0.0000 -0.0000 0.0000  -0.0000 0.0000  0.0000  -0.0000 
0.0000  0.0000  -0.0000 0.0000  0.0000  0.0000  0.0000  0.0000  0.0000  -0.0000 0.0000  0.0000  0.0000  0.0000  0.0000  -0.0000 0.0000  0.0000  0.0000  0.0000  
0.0000  0.0000  -0.0000 -0.0000 0.0000  0.0000  0.0000  0.0000  -0.0000 -0.0000 0.0000  0.0000  0.0000  0.0000  0.0000  -0.0000 -0.0000 0.0000  0.0000  0.0000  
0.0000  0.0000  0.0000  -0.0000 0.0000  -0.0000 0.0000  0.0000  -0.0000 0.0000  0.0000  0.0000  0.0000  -0.0000 0.0000  0.0000  0.0000  -0.0000 0.0000  0.0000  
0.0000  0.0000  0.0000  0.0000  0.0000  -0.0000 0.0000  0.0000  0.0000  -0.0000 0.0000  0.0000  0.0000  0.0000  0.0000  0.0000  0.0000  0.0000  0.0000  0.0000  
0.0000  0.0000  0.0000  0.0000  0.0000  0.0000  -0.0000 0.0000  -0.0000 0.0000  0.0000  0.0000  0.0000  0.0000  -0.0000 0.0000  0.0000  0.0000  0.0000  -0.0000 
-0.0000 0.0000  0.0000  0.0000  -0.0000 0.0000  -0.0000 -0.0000 -0.0000 -0.0000 -0.0000 0.0000  -0.0000 0.0000  0.0000  -0.0000 0.0000  -0.0000 0.0000  0.0000  
-0.0000 0.0000  0.0000  0.0000  0.0000  0.0000  0.0000  0.0000  -0.0000 -0.0000 0.0000  -0.0000 0.0000  0.0000  -0.0000 0.0000  -0.0000 0.0000  0.0000  0.0000  
0.0000  0.0000  0.0000  0.0000  -0.0000 0.0000  0.0000  -0.0000 -0.0000 0.0000  0.0000  -0.0000 0.0000  0.0000  0.0000  -0.0000 -0.0000 -0.0000 0.0000  0.0000  
0.0000  0.0000  0.0000  0.0000  0.0000  0.0000  0.0000  -0.0000 0.0000  0.0000  0.0000  0.0000  0.0000  0.0000  0.0000  0.0000  0.0000  -0.0000 0.0000  0.0000  
0.0000  0.0000  0.0000  -0.0000 0.0000  0.0000  -0.0000 -0.0000 0.0000  0.0000  -0.0000 0.0000  -0.0000 0.0000  -0.0000 0.0000  0.0000  -0.0000 0.0000  0.0000  
-0.0000 0.0000  0.0000  -0.0000 0.0000  0.0000  0.0000  -0.0000 -0.0000 0.0000  0.0000  -0.0000 -0.0000 0.0000  -0.0000 0.0000  -0.0000 0.0000  0.0000  0.0000  
0.0000  0.0000  -0.0000 -0.0000 0.0000  0.0000  0.0000  -0.0000 -0.0000 -0.0000 0.0000  0.0000  -0.0000 0.0000  -0.0000 0.0000  0.0000  0.0000  0.0000  0.0000  
0.0000  0.0000  0.0000  -0.0000 0.0000  0.0000  0.0000  0.0000  0.0000  -0.0000 0.0000  -0.0000 0.0000  0.0000  0.0000  0.0000  0.0000  -0.0000 0.0000  0.0000  
0.0000  0.0000  0.0000  0.0000  0.0000  0.0000  0.0000  -0.0000 -0.0000 0.0000  0.0000  0.0000  0.0000  0.0000  0.0000  0.0000  -0.0000 -0.0000 0.0000  -0.0000 
0.0000  0.0000  0.0000  0.0000  0.0000  0.0000  0.0000  0.0000  0.0000  0.0000  0.0000  0.0000  0.0000  0.0000  0.0000  0.0000  0.0000  0.0000  0.0000  0.0000  
0.0000  0.0000  0.0000  0.0000  0.0000  0.0000  0.0000  0.0000  -0.0000 0.0000  0.0000  0.0000  0.0000  0.0000  0.0000  -0.0000 0.0000  0.0000  0.0000  0.0000  
H 0.628 E 0.847    2.094   1.186   0.339   2.980   2.346   0.380   4.405   1.961  -0.001   2.960   3.053   1.926   1.886   4.097   1.985
Kernel d0: 0.49 sigma: 0.05 SUM:     7.27 maxCount:   1.00 PSEUDO 200+0.2
0.0000  0.0000  -0.0000 0.0000  0.0000  0.0000  0.0000  0.0000  0.0000  0.0000  0.0000  0.0000  0.0000  0.0000  -0.0000 0.0000  0.0000  0.0000  0.0000  0.0000  
0.0000  0.0000  0.0000  0.0000  0.0000  0.0000  0.0000  0.0000  0.0000  0.0000  0.0000  0.0000  0.0000  0.0000  0.0000  0.0000  0.0000  0.0000  0.0000  0.0000  
0.0000  0.0000  0.0000  0.0000  0.0000  0.0000  0.0000  0.0000  -0.0000 -0.0000 0.0000  0.0000  0.0000  -0.0000 0.0000  0.0000  -0.0000 0.0000  0.0000  0.0000  
0.0000  0.0000  0.0000  0.0000  -0.0000 0.0000  0.0000  0.0000  0.0000  0.0000  0.0000  -0.0000 0.0000  0.0000  -0.0000 -0.0000 -0.0000 -0.0000 -0.0000 -0.0000 
0.0000  0.0000  -0.0000 0.0000  0.0000  0.0000  0.0000  0.0000  -0.0000 0.0000  0.0000  0.0000  0.0000  0.0000  0.0000  0.0000  0.0000  -0.0000 0.0000  0.0000  
0.0000  0.0000  0.0000  0.0000  0.0000  0.0000  0.0000  0.0000  0.0000  0.0000  0.0000  0.0000  0.0000  0.0000  0.0000  0.0000  -0.0000 0.0000  0.0000  0.0000  
0.0000  0.0000  0.0000  -0.0000 0.0000  0.0000  -0.0000 0.0000  0.0000  0.0000  0.0000  0.0000  0.0000  0.0000  0.0000  0.0000  0.0000  0.0000  0.0000  0.0000  
0.0000  0.0000  0.0000  0.0000  0.0000  0.0000  0.0000  0.0000  0.0000  0.0000  0.0000  0.0000  0.0000  0.0000  0.0000  0.0000  0.0000  0.0000  0.0000  0.0000  
0.0000  0.0000  0.0000  0.0000  0.0000  0.0000  0.0000  0.0000  0.0000  0.0000  0.0000  0.0000  0.0000  -0.0000 -0.0000 -0.0000 0.0000  0.0000  0.0000  0.0000  
0.0000  0.0000  -0.0000 0.0000  0.0000  0.0000  -0.0000 0.0000  0.0000  0.0000  0.0000  0.0000  -0.0000 0.0000  0.0000  -0.0000 0.0000  0.0000  0.0000  0.0000  
-0.0000 0.0000  0.0000  -0.0000 0.0000  0.0000  0.0000  0.0000  0.0000  0.0000  0.0000  0.0000  0.0000  0.0000  0.0000  0.0000  0.0000  0.0000  0.0000  0.0000  
0.0000  0.0000  -0.0000 0.0000  0.0000  -0.0000 0.0000  0.0000  0.0000  0.0000  0.0000  0.0000  0.0000  -0.0000 0.0000  -0.0000 0.0000  0.0000  0.0000  0.0000  
0.0000  0.0000  0.0000  0.0000  0.0000  0.0000  0.0000  0.0000  0.0000  -0.0000 0.0000  0.0000  0.0000  0.0000  0.0000  0.0000  0.0000  0.0000  0.0000  0.0000  
0.0000  0.0000  0.0000  0.0000  0.0000  0.0000  -0.0000 0.0000  -0.0000 0.0000  0.0000  0.0000  -0.0000 0.0000  0.0000  0.0000  0.0000  0.0000  0.0000  0.0000  
0.0000  0.0000  0.0000  0.0000  0.0000  0.0000  0.0000  -0.0000 0.0000  0.0000  0.0000  0.0000  0.0000  0.0000  -0.0000 0.0000  0.0000  0.0000  0.0000  0.0000  
0.0000  0.0000  0.0000  -0.0000 0.0000  0.0000  0.0000  0.0000  -0.0000 0.0000  0.0000  0.0000  0.0000  0.0000  0.0000  -0.0000 0.0000  0.0000  0.0000  0.0000  
-0.0000 0.0000  0.0000  -0.0000 0.0000  0.0000  0.0000  0.0000  0.0000  0.0000  0.0000  0.0000  0.0000  0.0000  0.0000  0.0000  -0.0000 0.0000  0.0000  0.0000  
0.0000  0.0000  0.0000  0.0000  0.0000  0.0000  0.0000  0.0000  -0.0000 0.0000  0.0000  0.0000  0.0000  0.0000  0.0000  0.0000  -0.0000 0.0000  0.0000  0.0000  
0.0000  0.0000  0.0000  0.0000  0.0000  0.0000  0.0000  0.0000  0.0000  0.0000  0.0000  0.0000  0.0000  0.0000  0.0000  0.0000  0.0000  0.0000  0.0000  0.0000  
0.0000  0.0000  0.0000  0.0000  0.0000  0.0000  0.0000  0.0000  -0.0000 0.0000  0.0000  0.0000  0.0000  0.0000  0.0000  0.0000  -0.0000 0.0000  0.0000  0.0000  
H 0.628 E 0.847    2.132   1.148   0.251   3.000   2.313   0.403   3.690   2.658  -0.911   4.159   2.035   1.616   3.617   2.491   2.939
Kernel d0: 0.49 sigma: 0.05 SUM:    18.26 maxCount:   1.97 PSEUDO 200+0.2
0.0000  0.0000  0.0000  -0.0000 0.0000  0.0000  0.0000  0.0000  0.0000  0.0000  0.0000  0.0000  -0.0000 0.0000  0.0000  0.0000  -0.0000 0.0000  -0.0000 0.0000  
0.0000  0.0000  0.0000  -0.0000 0.0000  0.0000  0.0000  0.0000  -0.0000 0.0000  0.0000  0.0000  0.0000  0.0000  0.0000  0.0000  0.0000  0.0000  0.0000  0.0000  
0.0000  0.0000  -0.0000 -0.0000 0.0000  -0.0000 -0.0000 0.0000  -0.0000 0.0000  0.0000  -0.0000 0.0000  0.0000  0.0000  -0.0000 -0.0000 0.0000  0.0000  0.0000  
-0.0000 0.0000  0.0000  -0.0000 -0.0000 0.0000  0.0000  0.0000  -0.0000 -0.0000 0.0000  -0.0000 -0.0000 0.0000  0.0000  0.0000  -0.0000 0.0000  0.0000  -0.0000 
0.0000  0.0000  0.0000  -0.0000 -0.0000 0.0000  0.0000  0.0000  0.0000  0.0000  0.0000  -0.0000 0.0000  0.0000  0.0000  0.0000  0.0000  0.0000  0.0000  0.0000  
0.0000  0.0000  -0.0000 0.0000  0.0000  0.0000  0.0000  0.0000  0.0000  -0.0000 0.0000  0.0000  -0.0000 -0.0000 -0.0000 -0.0000 -0.0000 0.0000  0.0000  0.0000  
0.0000  0.0000  0.0000  0.0000  0.0000  0.0000  0.0000  0.0000  0.0000  0.0000  0.0000  0.0000  0.0000  0.0000  0.0000  0.0000  0.0000  -0.0000 0.0000  0.0000  
0.0000  0.0000  0.0000  0.0000  0.0000  -0.0000 0.0000  -0.0000 0.0000  0.0000  0.0000  0.0000  -0.0000 0.0000  -0.0000 0.0000  -0.0000 0.0000  0.0000  0.0000  
0.0000  0.0000  0.0000  0.0000  0.0000  0.0000  -0.0000 0.0000  0.0000  0.0000  -0.0000 0.0000  0.0000  0.0000  -0.0000 -0.0000 -0.0000 0.0000  -0.0000 0.0000  
0.0000  0.0000  -0.0000 0.0000  0.0000  0.0000  0.0000  0.0000  -0.0000 0.0000  0.0000  0.0000  0.0000  0.0000  0.0000  -0.0000 0.0000  -0.0000 0.0000  0.0000  
0.0000  0.0000  0.0000  0.0000  0.0000  0.0000  0.0000  0.0000  0.0000  0.0000  0.0000  0.0000  0.0000  0.0000  0.0000  0.0000  0.0000  0.0000  0.0000  0.0000  
-0.0000 0.0000  -0.0000 0.0000  -0.0000 0.0000  0.0000  0.0000  -0.0000 -0.0000 -0.0000 0.0000  0.0000  0.0000  -0.0000 0.0000  0.0000  0.0000  0.0000  -0.0000 
0.0000  0.0000  -0.0000 -0.0000 0.0000  0.0000  0.0000  0.0000  -0.0000 0.0000  -0.0000 0.0000  0.0000  0.0000  -0.0000 0.0000  -0.0000 0.0000  0.0000  0.0000  
0.0000  0.0000  -0.0000 -0.0000 0.0000  0.0000  0.0000  0.0000  -0.0000 0.0000  0.0000  0.0000  0.0000  0.0000  -0.0000 0.0000  0.0000  0.0000  0.0000  0.0000  
0.0000  0.0000  -0.0000 -0.0000 0.0000  0.0000  0.0000  0.0000  0.0000  0.0000  0.0000  -0.0000 0.0000  -0.0000 -0.0000 -0.0000 -0.0000 -0.0000 0.0000  -0.0000 
0.0000  0.0000  0.0000  -0.0000 0.0000  0.0000  0.0000  0.0000  0.0000  -0.0000 0.0000  0.0000  0.0000  0.0000  0.0000  0.0000  0.0000  0.0000  0.0000  0.0000  
0.0000  0.0000  0.0000  0.0000  0.0000  0.0000  0.0000  0.0000  0.0000  -0.0000 0.0000  0.0000  -0.0000 0.0000  0.0000  0.0000  -0.0000 0.0000  0.0000  0.0000  
-0.0000 0.0000  0.0000  -0.0000 0.0000  0.0000  0.0000  0.0000  0.0000  -0.0000 0.0000  0.0000  -0.0000 0.0000  0.0000  0.0000  0.0000  -0.0000 0.0000  0.0000  
0.0000  0.0000  0.0000  -0.0000 -0.0000 0.0000  0.0000  0.0000  0.0000  0.0000  0.0000  0.0000  0.0000  0.0000  0.0000  0.0000  0.0000  -0.0000 0.0000  0.0000  
0.0000  0.0000  0.0000  0.0000  0.0000  0.0000  0.0000  -0.0000 0.0000  0.0000  0.0000  0.0000  0.0000  0.0000  0.0000  0.0000  0.0000  -0.0000 -0.0000 0.0000  
H 0.628 E 0.847    2.072   1.184   0.430   2.930   2.359   0.555   2.634   3.120   1.842   2.732   3.383  -0.788   3.713   3.003  -1.856
Kernel d0: 0.49 sigma: 0.05 SUM:     1.50 maxCount:   1.00 PSEUDO 200+0.2
0.0000  0.0000  0.0000  0.0000  -0.0000 0.0000  0.0000  0.0000  -0.0000 0.0000  0.0000  0.0000  0.0000  0.0000  0.0000  0.0000  0.0000  0.0000  0.0000  0.0000  
0.0000  0.0000  0.0000  0.0000  0.0000  0.0000  0.0000  0.0000  0.0000  0.0000  0.0000  0.0000  0.0000  0.0000  0.0000  0.0000  0.0000  0.0000  0.0000  0.0000  
0.0000  0.0000  0.0000  0.0000  0.0000  0.0000  0.0000  0.0000  0.0000  0.0000  0.0000  0.0000  0.0000  0.0000  0.0000  0.0000  0.0000  0.0000  0.0000  0.0000  
0.0000  0.0000  0.0000  0.0000  0.0000  0.0000  0.0000  0.0000  0.0000  0.0000  0.0000  0.0000  0.0000  0.0000  0.0000  0.0000  0.0000  0.0000  0.0000  0.0000  
0.0000  0.0000  0.0000  0.0000  0.0000  0.0000  0.0000  0.0000  0.0000  0.0000  0.0000  0.0000  0.0000  0.0000  0.0000  0.0000  -0.0000 0.0000  0.0000  0.0000  
0.0000  0.0000  0.0000  0.0000  0.0000  0.0000  0.0000  0.0000  0.0000  0.0000  0.0000  0.0000  0.0000  0.0000  0.0000  0.0000  0.0000  0.0000  0.0000  0.0000  
0.0000  0.0000  0.0000  0.0000  0.0000  0.0000  0.0000  0.0000  0.0000  0.0000  0.0000  0.0000  0.0000  0.0000  0.0000  0.0000  0.0000  0.0000  0.0000  0.0000  
0.0000  0.0000  0.0000  0.0000  0.0000  0.0000  0.0000  0.0000  0.0000  0.0000  0.0000  0.0000  0.0000  0.0000  0.0000  0.0000  0.0000  0.0000  0.0000  0.0000  
0.0000  0.0000  0.0000  0.0000  0.0000  0.0000  0.0000  0.0000  0.0000  0.0000  0.0000  0.0000  0.0000  0.0000  0.0000  0.0000  0.0000  0.0000  0.0000  0.0000  
0.0000  0.0000  0.0000  0.0000  0.0000  0.0000  0.0000  0.0000  0.0000  0.0000  0.0000  0.0000  0.0000  0.0000  0.0000  0.0000  0.0000  0.0000  0.0000  0.0000  
0.0000  0.0000  0.0000  -0.0000 0.0000  0.0000  0.0000  0.0000  0.0000  0.0000  0.0000  0.0000  0.0000  0.0000  0.0000  0.0000  0.0000  0.0000  0.0000  0.0000  
0.0000  0.0000  -0.0000 0.0000  0.0000  0.0000  0.0000  0.0000  0.0000  0.0000  0.0000  0.0000  0.0000  0.0000  0.0000  0.0000  0.0000  0.0000  0.0000  0.0000  
0.0000  0.0000  0.0000  0.0000  0.0000  0.0000  0.0000  0.0000  0.0000  0.0000  0.0000  0.0000  0.0000  0.0000  0.0000  0.0000  0.0000  0.0000  0.0000  0.0000  
0.0000  0.0000  0.0000  0.0000  0.0000  0.0000  0.0000  0.0000  -0.0000 0.0000  0.0000  0.0000  0.0000  0.0000  0.0000  0.0000  0.0000  0.0000  0.0000  0.0000  
0.0000  0.0000  0.0000  0.0000  0.0000  0.0000  0.0000  0.0000  0.0000  0.0000  0.0000  0.0000  0.0000  0.0000  0.0000  0.0000  0.0000  0.0000  0.0000  0.0000  
0.0000  0.0000  0.0000  0.0000  0.0000  0.0000  0.0000  0.0000  0.0000  0.0000  0.0000  0.0000  0.0000  0.0000  0.0000  0.0000  0.0000  0.0000  0.0000  0.0000  
0.0000  0.0000  0.0000  0.0000  0.0000  0.0000  0.0000  0.0000  0.0000  0.0000  0.0000  0.0000  0.0000  0.0000  0.0000  0.0000  0.0000  0.0000  0.0000  0.0000  
0.0000  0.0000  0.0000  0.0000  0.0000  0.0000  0.0000  0.0000  0.0000  0.0000  0.0000  0.0000  0.0000  0.0000  0.0000  0.0000  0.0000  0.0000  0.0000  0.0000  
0.0000  0.0000  0.0000  0.0000  0.0000  0.0000  0.0000  0.0000  0.0000  0.0000  0.0000  0.0000  0.0000  0.0000  0.0000  0.0000  0.0000  0.0000  0.0000  0.0000  
0.0000  0.0000  0.0000  0.0000  0.0000  0.0000  0.0000  0.0000  0.0000  0.0000  0.0000  0.0000  0.0000  0.0000  0.0000  0.0000  0.0000  0.0000  0.0000  0.0000  
H 0.628 E 0.847    2.090   1.168  -0.430   2.991   2.315  -0.498   2.466   3.369  -1.465   4.548   1.818  -0.966   5.355   1.485   0.254
Kernel d0: 0.49 sigma: 0.05 SUM:    12.00 maxCount:   1.98 PSEUDO 200+0.2
0.0000  0.0000  0.0000  -0.0000 0.0000  0.0000  0.0000  0.0000  0.0000  -0.0000 0.0000  0.0000  -0.0000 0.0000  0.0000  0.0000  0.0000  0.0000  0.0000  -0.0000 
0.0000  0.0000  0.0000  0.0000  0.0000  0.0000  0.0000  0.0000  0.0000  0.0000  0.0000  0.0000  0.0000  0.0000  0.0000  0.0000  0.0000  0.0000  0.0000  0.0000  
0.0000  0.0000  0.0000  -0.0000 0.0000  0.0000  0.0000  0.0000  0.0000  0.0000  0.0000  -0.0000 0.0000  0.0000  -0.0000 0.0000  0.0000  0.0000  0.0000  0.0000  
-0.0000 0.0000  0.0000  -0.0000 0.0000  0.0000  0.0000  0.0000  -0.0000 -0.0000 -0.0000 -0.0000 0.0000  0.0000  -0.0000 0.0000  -0.0000 -0.0000 0.0000  -0.0000 
0.0000  0.0000  -0.0000 -0.0000 0.0000  0.0000  0.0000  0.0000  0.0000  0.0000  0.0000  0.0000  0.0000  0.0000  0.0000  -0.0000 0.0000  0.0000  0.0000  0.0000  
0.0000  0.0000  0.0000  0.0000  0.0000  0.0000  0.0000  0.0000  0.0000  0.0000  0.0000  0.0000  0.0000  0.0000  0.0000  0.0000  -0.0000 0.0000  0.0000  0.0000  
0.0000  0.0000  0.0000  0.0000  0.0000  0.0000  -0.0000 0.0000  0.0000  0.0000  0.0000  0.0000  0.0000  0.0000  0.0000  0.0000  -0.0000 0.0000  0.0000  0.0000  
0.0000  0.0000  0.0000  -0.0000 0.0000  0.0000  0.0000  0.0000  -0.0000 0.0000  0.0000  -0.0000 0.0000  0.0000  -0.0000 -0.0000 -0.0000 0.0000  0.0000  0.0000  
0.0000  0.0000  0.0000  0.0000  0.0000  -0.0000 0.0000  -0.0000 -0.0000 0.0000  0.0000  0.0000  -0.0000 -0.0000 0.0000  -0.0000 0.0000  0.0000  0.0000  0.0000  
0.0000  0.0000  0.0000  -0.0000 0.0000  0.0000  -0.0000 -0.0000 -0.0000 0.0000  0.0000  0.0000  0.0000  0.0000  0.0000  0.0000  0.0000  0.0000  0.0000  -0.0000 
0.0000  0.0000  0.0000  0.0000  0.0000  0.0000  0.0000  0.0000  0.0000  0.0000  0.0000  0.0000  0.0000  0.0000  -0.0000 0.0000  -0.0000 -0.0000 0.0000  0.0000  
0.0000  0.0000  0.0000  0.0000  0.0000  0.0000  0.0000  -0.0000 0.0000  0.0000  0.0000  -0.0000 0.0000  0.0000  -0.0000 -0.0000 0.0000  0.0000  0.0000  0.0000  
0.0000  0.0000  0.0000  0.0000  -0.0000 0.0000  0.0000  0.0000  0.0000  0.0000  0.0000  0.0000  0.0000  -0.0000 0.0000  0.0000  0.0000  0.0000  0.0000  0.0000  
-0.0000 0.0000  0.0000  0.0000  0.0000  -0.0000 -0.0000 0.0000  0.0000  0.0000  0.0000  -0.0000 0.0000  0.0000  0.0000  -0.0000 0.0000  0.0000  0.0000  0.0000  
0.0000  0.0000  0.0000  -0.0000 0.0000  0.0000  0.0000  -0.0000 -0.0000 -0.0000 0.0000  0.0000  0.0000  -0.0000 0.0000  -0.0000 0.0000  0.0000  0.0000  0.0000  
0.0000  0.0000  -0.0000 0.0000  0.0000  -0.0000 0.0000  -0.0000 0.0000  0.0000  0.0000  0.0000  0.0000  0.0000  0.0000  -0.0000 0.0000  0.0000  0.0000  0.0000  
0.0000  0.0000  -0.0000 0.0000  0.0000  0.0000  0.0000  0.0000  0.0000  0.0000  0.0000  0.0000  0.0000  0.0000  0.0000  0.0000  0.0000  0.0000  -0.0000 0.0000  
0.0000  0.0000  0.0000  -0.0000 0.0000  0.0000  0.0000  -0.0000 -0.0000 0.0000  0.0000  0.0000  0.0000  0.0000  0.0000  0.0000  0.0000  0.0000  0.0000  0.0000  
0.0000  0.0000  0.0000  0.0000  0.0000  0.0000  0.0000  0.0000  0.0000  0.0000  0.0000  0.0000  0.0000  0.0000  0.0000  0.0000  0.0000  0.0000  0.0000  0.0000  
0.0000  0.0000  -0.0000 -0.0000 0.0000  0.0000  0.0000  0.0000  -0.0000 0.0000  0.0000  0.0000  -0.0000 0.0000  0.0000  -0.0000 -0.0000 -0.0000 0.0000  0.0000  
H 0.628 E 0.847    2.145   1.128  -0.207   3.067   2.260  -0.229   3.665   2.453  -1.618   4.306   2.039   0.914   3.888   2.636   2.225
Kernel d0: 0.49 sigma: 0.05 SUM:    18.96 maxCount:   1.98 PSEUDO 200+0.2
0.0000  0.0000  0.0000  -0.0000 0.0000  0.0000  -0.0000 0.0000  -0.0000 -0.0000 0.0000  -0.0000 -0.0000 0.0000  0.0000  0.0000  0.0000  -0.0000 0.0000  -0.0000 
0.0000  0.0000  0.0000  0.0000  0.0000  0.0000  0.0000  0.0000  -0.0000 0.0000  0.0000  0.0000  0.0000  0.0000  0.0000  -0.0000 -0.0000 0.0000  0.0000  0.0000  
0.0000  0.0000  0.0000  0.0000  -0.0000 -0.0000 0.0000  0.0000  -0.0000 0.0000  0.0000  0.0000  0.0000  0.0000  0.0000  0.0000  -0.0000 0.0000  0.0000  -0.0000 
0.0000  0.0000  -0.0000 -0.0000 0.0000  -0.0000 -0.0000 0.0000  -0.0000 0.0000  -0.0000 -0.0000 0.0000  0.0000  -0.0000 0.0000  -0.0000 0.0000  -0.0000 0.0000  
0.0000  0.0000  0.0000  0.0000  -0.0000 0.0000  0.0000  0.0000  0.0000  0.0000  0.0000  0.0000  0.0000  0.0000  0.0000  0.0000  0.0000  0.0000  0.0000  0.0000  
-0.0000 0.0000  0.0000  0.0000  0.0000  0.0000  0.0000  0.0000  -0.0000 0.0000  0.0000  0.0000  0.0000  0.0000  0.0000  0.0000  0.0000  0.0000  0.0000  0.0000  
0.0000  0.0000  0.0000  0.0000  0.0000  0.0000  0.0000  0.0000  0.0000  -0.0000 0.0000  0.0000  0.0000  0.0000  -0.0000 -0.0000 -0.0000 0.0000  0.0000  0.0000  
0.0000  0.0000  0.0000  0.0000  0.0000  0.0000  0.0000  0.0000  0.0000  -0.0000 0.0000  -0.0000 0.0000  0.0000  0.0000  0.0000  0.0000  0.0000  0.0000  0.0000  
-0.0000 0.0000  -0.0000 -0.0000 -0.0000 0.0000  0.0000  -0.0000 0.0000  -0.0000 0.0000  0.0000  0.0000  0.0000  -0.0000 -0.0000 -0.0000 0.0000  0.0000  -0.0000 
-0.0000 0.0000  -0.0000 -0.0000 -0.0000 0.0000  0.0000  -0.0000 0.0000  0.0000  0.0000  0.0000  0.0000  -0.0000 0.0000  -0.0000 -0.0000 0.0000  0.0000  -0.0000 
0.0000  0.0000  0.0000  -0.0000 0.0000  -0.0000 0.0000  0.0000  0.0000  0.0000  0.0000  0.0000  0.0000  0.0000  -0.0000 0.0000  -0.0000 0.0000  0.0000  0.0000  
-0.0000 0.0000  0.0000  0.0000  0.0000  -0.0000 0.0000  0.0000  0.0000  -0.0000 0.0000  -0.0000 0.0000  0.0000  -0.0000 0.0000  0.0000  0.0000  0.0000  0.0000  
0.0000  0.0000  0.0000  0.0000  0.0000  0.0000  0.0000  0.0000  0.0000  0.0000  0.0000  -0.0000 0.0000  0.0000  -0.0000 0.0000  0.0000  0.0000  0.0000  0.0000  
-0.0000 0.0000  0.0000  0.0000  0.0000  0.0000  0.0000  -0.0000 -0.0000 0.0000  0.0000  0.0000  0.0000  0.0000  -0.0000 0.0000  -0.0000 0.0000  0.0000  -0.0000 
-0.0000 0.0000  -0.0000 -0.0000 0.0000  0.0000  -0.0000 0.0000  0.0000  -0.0000 0.0000  -0.0000 0.0000  -0.0000 -0.0000 -0.0000 -0.0000 0.0000  0.0000  0.0000  
0.0000  0.0000  -0.0000 -0.0000 0.0000  0.0000  0.0000  -0.0000 0.0000  0.0000  0.0000  0.0000  -0.0000 0.0000  0.0000  0.0000  0.0000  0.0000  0.0000  0.0000  
0.0000  0.0000  0.0000  0.0000  -0.0000 0.0000  -0.0000 -0.0000 0.0000  0.0000  0.0000  -0.0000 0.0000  -0.0000 0.0000  0.0000  -0.0000 0.0000  0.0000  0.0000  
0.0000  0.0000  0.0000  0.0000  -0.0000 0.0000  0.0000  -0.0000 0.0000  -0.0000 0.0000  0.0000  0.0000  0.0000  0.0000  0.0000  0.0000  0.0000  0.0000  0.0000  
-0.0000 0.0000  0.0000  -0.0000 0.0000  0.0000  0.0000  0.0000  0.0000  0.0000  0.0000  0.0000  0.0000  0.0000  0.0000  0.0000  0.0000  0.0000  0.0000  0.0000  
0.0000  0.0000  -0.0000 0.0000  0.0000  0.0000  0.0000  0.0000  0.0000  0.0000  0.0000  -0.0000 0.0000  0.0000  0.0000  0.0000  -0.0000 0.0000  0.0000  0.0000  
H 0.628 E 0.847    2.145   1.149   0.178   3.006   2.318   0.340   4.183   2.271  -0.627   3.569   2.423   1.941   2.611   3.239   2.756
Kernel d0: 0.49 sigma: 0.05 SUM:    13.22 maxCount:   1.08 PSEUDO 200+0.2
-0.0000 0.0000  0.0000  0.0000  -0.0000 0.0000  0.0000  0.0000  -0.0000 -0.0000 0.0000  0.0000  0.0000  -0.0000 0.0000  0.0000  -0.0000 0.0000  0.0000  0.0000  
0.0000  0.0000  0.0000  0.0000  0.0000  0.0000  0.0000  0.0000  0.0000  0.0000  0.0000  0.0000  0.0000  0.0000  0.0000  0.0000  0.0000  0.0000  0.0000  0.0000  
0.0000  0.0000  0.0000  -0.0000 -0.0000 0.0000  0.0000  0.0000  0.0000  0.0000  0.0000  0.0000  0.0000  -0.0000 0.0000  0.0000  0.0000  -0.0000 0.0000  -0.0000 
-0.0000 0.0000  0.0000  0.0000  0.0000  -0.0000 0.0000  0.0000  -0.0000 0.0000  0.0000  0.0000  0.0000  -0.0000 0.0000  0.0000  -0.0000 -0.0000 0.0000  0.0000  
0.0000  0.0000  0.0000  0.0000  0.0000  0.0000  0.0000  0.0000  0.0000  0.0000  0.0000  0.0000  0.0000  0.0000  0.0000  0.0000  -0.0000 0.0000  0.0000  0.0000  
0.0000  0.0000  -0.0000 0.0000  0.0000  0.0000  0.0000  0.0000  0.0000  0.0000  0.0000  0.0000  -0.0000 0.0000  0.0000  0.0000  0.0000  0.0000  0.0000  -0.0000 
-0.0000 0.0000  0.0000  0.0000  0.0000  0.0000  0.0000  0.0000  0.0000  0.0000  0.0000  0.0000  0.0000  0.0000  0.0000  0.0000  0.0000  -0.0000 0.0000  0.0000  
0.0000  0.0000  0.0000  0.0000  0.0000  -0.0000 0.0000  0.0000  0.0000  -0.0000 0.0000  0.0000  -0.0000 0.0000  0.0000  0.0000  -0.0000 0.0000  -0.0000 -0.0000 
0.0000  0.0000  -0.0000 0.0000  0.0000  0.0000  -0.0000 0.0000  -0.0000 0.0000  -0.0000 0.0000  0.0000  0.0000  -0.0000 -0.0000 0.0000  0.0000  0.0000  -0.0000 
0.0000  0.0000  -0.0000 -0.0000 -0.0000 0.0000  0.0000  0.0000  -0.0000 0.0000  0.0000  0.0000  0.0000  0.0000  0.0000  0.0000  0.0000  0.0000  -0.0000 0.0000  
0.0000  0.0000  0.0000  -0.0000 0.0000  -0.0000 0.0000  0.0000  0.0000  0.0000  0.0000  0.0000  0.0000  0.0000  0.0000  0.0000  0.0000  0.0000  0.0000  0.0000  
0.0000  0.0000  -0.0000 0.0000  0.0000  0.0000  0.0000  0.0000  0.0000  0.0000  0.0000  0.0000  0.0000  0.0000  0.0000  0.0000  0.0000  0.0000  0.0000  0.0000  
0.0000  0.0000  0.0000  0.0000  0.0000  0.0000  -0.0000 0.0000  0.0000  0.0000  0.0000  0.0000  -0.0000 0.0000  -0.0000 0.0000  0.0000  0.0000  0.0000  0.0000  
0.0000  0.0000  0.0000  0.0000  0.0000  0.0000  0.0000  -0.0000 -0.0000 0.0000  0.0000  -0.0000 -0.0000 -0.0000 -0.0000 0.0000  -0.0000 0.0000  0.0000  0.0000  
-0.0000 0.0000  -0.0000 0.0000  0.0000  0.0000  0.0000  0.0000  -0.0000 0.0000  0.0000  0.0000  0.0000  0.0000  0.0000  -0.0000 0.0000  0.0000  0.0000  0.0000  
0.0000  0.0000  0.0000  0.0000  0.0000  0.0000  -0.0000 0.0000  -0.0000 -0.0000 0.0000  0.0000  0.0000  0.0000  0.0000  0.0000  0.0000  -0.0000 0.0000  -0.0000 
0.0000  0.0000  -0.0000 0.0000  0.0000  0.0000  0.0000  0.0000  -0.0000 0.0000  0.0000  0.0000  0.0000  0.0000  0.0000  -0.0000 0.0000  -0.0000 0.0000  0.0000  
0.0000  0.0000  0.0000  0.0000  0.0000  0.0000  -0.0000 0.0000  0.0000  0.0000  0.0000  0.0000  0.0000  -0.0000 -0.0000 0.0000  0.0000  0.0000  0.0000  0.0000  
0.0000  0.0000  0.0000  0.0000  0.0000  0.0000  0.0000  0.0000  0.0000  0.0000  0.0000  0.0000  0.0000  0.0000  0.0000  0.0000  0.0000  0.0000  0.0000  0.0000  
0.0000  0.0000  0.0000  0.0000  0.0000  0.0000  0.0000  0.0000  0.0000  -0.0000 0.0000  0.0000  0.0000  0.0000  0.0000  0.0000  0.0000  0.0000  0.0000  0.0000  
H 0.628 E 0.847    1.939   1.260   0.761   2.795   2.438   0.879   2.186   3.466   1.825   3.056   3.135  -0.650   4.280   2.531  -1.272
Kernel d0: 0.49 sigma: 0.05 SUM:     1.36 maxCount:   0.88 PSEUDO 200+0.2
0.0000  0.0000  0.0000  0.0000  -0.0000 0.0000  0.0000  0.0000  -0.0000 0.0000  0.0000  0.0000  0.0000  0.0000  0.0000  0.0000  0.0000  0.0000  0.0000  0.0000  
0.0000  0.0000  0.0000  0.0000  0.0000  0.0000  0.0000  0.0000  0.0000  0.0000  0.0000  0.0000  0.0000  0.0000  0.0000  0.0000  0.0000  0.0000  0.0000  0.0000  
0.0000  0.0000  0.0000  0.0000  0.0000  0.0000  0.0000  0.0000  0.0000  0.0000  0.0000  0.0000  0.0000  0.0000  0.0000  0.0000  0.0000  0.0000  0.0000  0.0000  
0.0000  0.0000  0.0000  0.0000  0.0000  0.0000  0.0000  0.0000  0.0000  0.0000  0.0000  0.0000  0.0000  0.0000  0.0000  0.0000  0.0000  0.0000  0.0000  0.0000  
0.0000  0.0000  0.0000  0.0000  0.0000  0.0000  0.0000  0.0000  0.0000  0.0000  0.0000  0.0000  0.0000  0.0000  0.0000  0.0000  -0.0000 0.0000  0.0000  0.0000  
0.0000  0.0000  0.0000  0.0000  0.0000  0.0000  0.0000  0.0000  0.0000  0.0000  0.0000  0.0000  0.0000  0.0000  0.0000  0.0000  0.0000  0.0000  0.0000  0.0000  
0.0000  0.0000  0.0000  0.0000  0.0000  0.0000  0.0000  0.0000  0.0000  0.0000  0.0000  0.0000  0.0000  0.0000  0.0000  0.0000  0.0000  0.0000  0.0000  0.0000  
0.0000  0.0000  0.0000  0.0000  0.0000  0.0000  0.0000  0.0000  0.0000  0.0000  0.0000  0.0000  0.0000  0.0000  0.0000  0.0000  0.0000  0.0000  0.0000  0.0000  
0.0000  0.0000  0.0000  0.0000  0.0000  0.0000  0.0000  0.0000  0.0000  0.0000  0.0000  0.0000  0.0000  0.0000  0.0000  0.0000  0.0000  0.0000  0.0000  0.0000  
0.0000  0.0000  0.0000  0.0000  0.0000  0.0000  0.0000  0.0000  0.0000  0.0000  0.0000  0.0000  0.0000  0.0000  0.0000  0.0000  0.0000  0.0000  0.0000  0.0000  
0.0000  0.0000  0.0000  -0.0000 0.0000  0.0000  0.0000  0.0000  0.0000  0.0000  0.0000  0.0000  0.0000  0.0000  0.0000  0.0000  0.0000  0.0000  0.0000  0.0000  
0.0000  0.0000  -0.0000 0.0000  0.0000  0.0000  0.0000  0.0000  0.0000  0.0000  0.0000  0.0000  0.0000  0.0000  0.0000  0.0000  0.0000  0.0000  0.0000  0.0000  
0.0000  0.0000  0.0000  0.0000  0.0000  0.0000  0.0000  0.0000  0.0000  0.0000  0.0000  0.0000  0.0000  0.0000  0.0000  0.0000  0.0000  0.0000  0.0000  0.0000  
0.0000  0.0000  0.0000  0.0000  0.0000  0.0000  0.0000  0.0000  -0.0000 0.0000  0.0000  0.0000  0.0000  0.0000  0.0000  0.0000  0.0000  0.0000  0.0000  0.0000  
0.0000  0.0000  0.0000  0.0000  0.0000  0.0000  0.0000  0.0000  0.0000  0.0000  0.0000  0.0000  0.0000  0.0000  0.0000  0.0000  0.0000  0.0000  0.0000  0.0000  
0.0000  0.0000  0.0000  0.0000  0.0000  0.0000  0.0000  0.0000  0.0000  0.0000  0.0000  0.0000  0.0000  0.0000  0.0000  0.0000  0.0000  0.0000  0.0000  0.0000  
0.0000  0.0000  0.0000  0.0000  0.0000  0.0000  0.0000  0.0000  0.0000  0.0000  0.0000  0.0000  0.0000  0.0000  0.0000  0.0000  0.0000  0.0000  0.0000  0.0000  
0.0000  0.0000  0.0000  0.0000  0.0000  0.0000  0.0000  0.0000  0.0000  0.0000  0.0000  0.0000  0.0000  0.0000  0.0000  0.0000  0.0000  0.0000  0.0000  0.0000  
0.0000  0.0000  0.0000  0.0000  0.0000  0.0000  0.0000  0.0000  0.0000  0.0000  0.0000  0.0000  0.0000  0.0000  0.0000  0.0000  0.0000  0.0000  0.0000  0.0000  
0.0000  0.0000  0.0000  0.0000  0.0000  0.0000  0.0000  0.0000  0.0000  0.0000  0.0000  0.0000  0.0000  0.0000  0.0000  0.0000  0.0000  0.0000  0.0000  0.0000  
H 0.628 E 0.847    2.152   1.146   0.156   3.023   2.318   0.156   3.060   2.974  -1.220   4.595   1.890   0.640   4.713   2.025   2.129
Kernel d0: 0.49 sigma: 0.05 SUM:    18.76 maxCount:   1.93 PSEUDO 200+0.2
0.0000  0.0000  0.0000  -0.0000 0.0000  0.0000  -0.0000 0.0000  -0.0000 -0.0000 0.0000  -0.0000 -0.0000 0.0000  0.0000  0.0000  0.0000  -0.0000 0.0000  -0.0000 
0.0000  0.0000  0.0000  0.0000  0.0000  0.0000  0.0000  0.0000  -0.0000 0.0000  0.0000  0.0000  0.0000  0.0000  0.0000  -0.0000 -0.0000 0.0000  0.0000  0.0000  
0.0000  0.0000  0.0000  0.0000  -0.0000 -0.0000 0.0000  0.0000  -0.0000 0.0000  0.0000  0.0000  0.0000  0.0000  0.0000  0.0000  -0.0000 0.0000  0.0000  -0.0000 
0.0000  0.0000  -0.0000 -0.0000 0.0000  -0.0000 -0.0000 0.0000  -0.0000 0.0000  -0.0000 -0.0000 0.0000  0.0000  -0.0000 0.0000  -0.0000 0.0000  -0.0000 0.0000  
0.0000  0.0000  0.0000  0.0000  -0.0000 0.0000  0.0000  0.0000  0.0000  0.0000  0.0000  0.0000  0.0000  0.0000  0.0000  0.0000  0.0000  0.0000  0.0000  0.0000  
-0.0000 0.0000  0.0000  0.0000  0.0000  0.0000  0.0000  0.0000  -0.0000 0.0000  0.0000  0.0000  0.0000  0.0000  0.0000  0.0000  0.0000  0.0000  0.0000  0.0000  
0.0000  0.0000  0.0000  0.0000  0.0000  0.0000  0.0000  0.0000  0.0000  -0.0000 0.0000  0.0000  0.0000  0.0000  -0.0000 -0.0000 -0.0000 0.0000  0.0000  0.0000  
0.0000  0.0000  0.0000  0.0000  0.0000  0.0000  0.0000  0.0000  0.0000  -0.0000 0.0000  -0.0000 0.0000  0.0000  0.0000  0.0000  0.0000  0.0000  0.0000  0.0000  
-0.0000 0.0000  -0.0000 -0.0000 -0.0000 0.0000  0.0000  -0.0000 0.0000  -0.0000 0.0000  0.0000  0.0000  0.0000  -0.0000 -0.0000 -0.0000 0.0000  0.0000  -0.0000 
-0.0000 0.0000  -0.0000 -0.0000 -0.0000 0.0000  0.0000  -0.0000 0.0000  0.0000  0.0000  0.0000  0.0000  -0.0000 0.0000  -0.0000 -0.0000 0.0000  0.0000  -0.0000 
0.0000  0.0000  0.0000  -0.0000 0.0000  -0.0000 0.0000  0.0000  0.0000  0.0000  0.0000  0.0000  0.0000  0.0000  -0.0000 0.0000  -0.0000 0.0000  0.0000  0.0000  
-0.0000 0.0000  0.0000  0.0000  0.0000  -0.0000 0.0000  0.0000  0.0000  -0.0000 0.0000  -0.0000 0.0000  0.0000  -0.0000 0.0000  0.0000  0.0000  0.0000  0.0000  
0.0000  0.0000  0.0000  0.0000  0.0000  0.0000  0.0000  0.0000  0.0000  0.0000  0.0000  -0.0000 0.0000  0.0000  -0.0000 0.0000  0.0000  0.0000  0.0000  0.0000  
-0.0000 0.0000  0.0000  0.0000  0.0000  0.0000  0.0000  -0.0000 -0.0000 0.0000  0.0000  0.0000  0.0000  0.0000  -0.0000 0.0000  -0.0000 0.0000  0.0000  -0.0000 
-0.0000 0.0000  -0.0000 -0.0000 0.0000  0.0000  -0.0000 0.0000  0.0000  -0.0000 0.0000  -0.0000 0.0000  -0.0000 -0.0000 -0.0000 -0.0000 0.0000  0.0000  0.0000  
0.0000  0.0000  -0.0000 -0.0000 0.0000  0.0000  0.0000  -0.0000 0.0000  0.0000  0.0000  0.0000  -0.0000 0.0000  0.0000  0.0000  0.0000  0.0000  0.0000  0.0000  
0.0000  0.0000  0.0000  0.0000  -0.0000 0.0000  -0.0000 -0.0000 0.0000  0.0000  0.0000  -0.0000 0.0000  -0.0000 0.0000  0.0000  -0.0000 0.0000  0.0000  0.0000  
0.0000  0.0000  0.0000  0.0000  -0.0000 0.0000  0.0000  -0.0000 0.0000  -0.0000 0.0000  0.0000  0.0000  0.0000  0.0000  0.0000  0.0000  0.0000  0.0000  0.0000  
-0.0000 0.0000  0.0000  -0.0000 0.0000  0.0000  0.0000  0.0000  0.0000  0.0000  0.0000  0.0000  0.0000  0.0000  0.0000  0.0000  0.0000  0.0000  0.0000  0.0000  
0.0000  0.0000  -0.0000 0.0000  0.0000  0.0000  0.0000  0.0000  0.0000  0.0000  0.0000  -0.0000 0.0000  0.0000  0.0000  0.0000  -0.0000 0.0000  0.0000  0.0000  
H 0.628 E 0.847    2.127   1.157  -0.186   3.027   2.294  -0.350   3.734   2.245  -1.699   4.170   2.332   0.907   3.635   3.149   2.046
Kernel d0: 0.49 sigma: 0.05 SUM:    17.44 maxCount:   1.93 PSEUDO 200+0.2
0.0000  0.0000  0.0000  0.0000  -0.0000 -0.0000 0.0000  0.0000  -0.0000 0.0000  0.0000  0.0000  0.0000  -0.0000 0.0000  0.0000  -0.0000 0.0000  0.0000  0.0000  
0.0000  0.0000  0.0000  0.0000  0.0000  0.0000  0.0000  0.0000  0.0000  0.0000  0.0000  0.0000  0.0000  0.0000  0.0000  0.0000  0.0000  0.0000  0.0000  0.0000  
0.0000  0.0000  -0.0000 -0.0000 0.0000  0.0000  -0.0000 0.0000  -0.0000 0.0000  0.0000  0.0000  -0.0000 0.0000  0.0000  -0.0000 -0.0000 0.0000  0.0000  0.0000  
-0.0000 0.0000  0.0000  0.0000  0.0000  0.0000  0.0000  0.0000  0.0000  0.0000  0.0000  0.0000  -0.0000 0.0000  0.0000  0.0000  -0.0000 -0.0000 0.0000  0.0000  
0.0000  0.0000  0.0000  -0.0000 0.0000  0.0000  0.0000  0.0000  0.0000  0.0000  0.0000  -0.0000 0.0000  0.0000  -0.0000 -0.0000 -0.0000 0.0000  0.0000  -0.0000 
-0.0000 0.0000  0.0000  0.0000  0.0000  0.0000  0.0000  0.0000  0.0000  0.0000  0.0000  0.0000  -0.0000 -0.0000 0.0000  0.0000  0.0000  0.0000  0.0000  0.0000  
0.0000  0.0000  0.0000  -0.0000 0.0000  0.0000  0.0000  0.0000  0.0000  0.0000  0.0000  0.0000  0.0000  -0.0000 0.0000  -0.0000 -0.0000 0.0000  0.0000  0.0000  
-0.0000 0.0000  0.0000  0.0000  0.0000  0.0000  0.0000  0.0000  -0.0000 0.0000  0.0000  -0.0000 0.0000  0.0000  -0.0000 0.0000  -0.0000 0.0000  0.0000  0.0000  
-0.0000 0.0000  -0.0000 0.0000  0.0000  0.0000  0.0000  -0.0000 -0.0000 0.0000  0.0000  -0.0000 -0.0000 0.0000  -0.0000 0.0000  0.0000  0.0000  0.0000  -0.0000 
0.0000  0.0000  -0.0000 0.0000  0.0000  0.0000  0.0000  0.0000  -0.0000 0.0000  0.0000  0.0000  -0.0000 0.0000  0.0000  0.0000  -0.0000 0.0000  0.0000  -0.0000 
0.0000  0.0000  0.0000  -0.0000 0.0000  0.0000  -0.0000 0.0000  0.0000  0.0000  0.0000  0.0000  0.0000  0.0000  0.0000  0.0000  0.0000  0.0000  0.0000  0.0000  
0.0000  0.0000  0.0000  0.0000  -0.0000 0.0000  0.0000  -0.0000 0.0000  0.0000  0.0000  0.0000  -0.0000 0.0000  0.0000  0.0000  -0.0000 0.0000  0.0000  0.0000  
0.0000  0.0000  0.0000  0.0000  0.0000  -0.0000 0.0000  0.0000  0.0000  0.0000  0.0000  0.0000  0.0000  0.0000  0.0000  -0.0000 0.0000  0.0000  0.0000  -0.0000 
-0.0000 0.0000  -0.0000 0.0000  -0.0000 0.0000  0.0000  -0.0000 0.0000  -0.0000 0.0000  0.0000  0.0000  -0.0000 -0.0000 0.0000  0.0000  -0.0000 -0.0000 0.0000  
0.0000  0.0000  -0.0000 0.0000  0.0000  0.0000  0.0000  0.0000  -0.0000 0.0000  0.0000  -0.0000 -0.0000 0.0000  -0.0000 -0.0000 0.0000  -0.0000 0.0000  -0.0000 
-0.0000 0.0000  0.0000  0.0000  0.0000  0.0000  0.0000  0.0000  0.0000  0.0000  0.0000  -0.0000 0.0000  0.0000  0.0000  0.0000  0.0000  -0.0000 0.0000  -0.0000 
0.0000  0.0000  0.0000  -0.0000 0.0000  0.0000  0.0000  0.0000  0.0000  0.0000  0.0000  0.0000  0.0000  0.0000  0.0000  0.0000  0.0000  0.0000  0.0000  0.0000  
0.0000  0.0000  0.0000  0.0000  0.0000  0.0000  0.0000  0.0000  0.0000  0.0000  0.0000  0.0000  0.0000  -0.0000 -0.0000 -0.0000 0.0000  0.0000  0.0000  0.0000  
0.0000  0.0000  -0.0000 0.0000  0.0000  0.0000  0.0000  0.0000  0.0000  0.0000  0.0000  0.0000  0.0000  0.0000  0.0000  0.0000  0.0000  0.0000  0.0000  0.0000  
0.0000  0.0000  -0.0000 -0.0000 0.0000  0.0000  0.0000  0.0000  0.0000  0.0000  0.0000  0.0000  0.0000  0.0000  0.0000  -0.0000 -0.0000 -0.0000 0.0000  0.0000  
H 0.628 E 0.847    2.021   1.192  -0.706   2.723   2.444  -0.972   1.787   3.479  -1.584   4.048   2.174  -2.002   5.267   1.874  -1.182
Kernel d0: 0.49 sigma: 0.05 SUM:     5.23 maxCount:   1.17 PSEUDO 200+0.2
0.0000  0.0000  -0.0000 -0.0000 -0.0000 0.0000  0.0000  0.0000  -0.0000 0.0000  0.0000  0.0000  0.0000  0.0000  -0.0000 0.0000  0.0000  0.0000  0.0000  -0.0000 
0.0000  0.0000  0.0000  0.0000  0.0000  0.0000  0.0000  0.0000  0.0000  0.0000  0.0000  0.0000  0.0000  0.0000  0.0000  0.0000  0.0000  0.0000  0.0000  0.0000  
0.0000  0.0000  0.0000  -0.0000 0.0000  0.0000  0.0000  0.0000  0.0000  0.0000  0.0000  0.0000  -0.0000 0.0000  0.0000  0.0000  0.0000  0.0000  0.0000  0.0000  
0.0000  0.0000  -0.0000 0.0000  0.0000  0.0000  0.0000  0.0000  -0.0000 -0.0000 0.0000  -0.0000 0.0000  0.0000  0.0000  0.0000  0.0000  0.0000  0.0000  0.0000  
0.0000  0.0000  0.0000  -0.0000 0.0000  0.0000  0.0000  0.0000  0.0000  0.0000  0.0000  0.0000  0.0000  0.0000  0.0000  0.0000  -0.0000 0.0000  0.0000  0.0000  
0.0000  0.0000  0.0000  0.0000  0.0000  0.0000  0.0000  0.0000  0.0000  0.0000  0.0000  0.0000  0.0000  0.0000  0.0000  0.0000  0.0000  -0.0000 0.0000  0.0000  
0.0000  0.0000  0.0000  0.0000  0.0000  0.0000  0.0000  0.0000  0.0000  0.0000  0.0000  0.0000  0.0000  0.0000  0.0000  0.0000  0.0000  0.0000  0.0000  0.0000  
0.0000  0.0000  0.0000  0.0000  0.0000  0.0000  0.0000  0.0000  0.0000  0.0000  0.0000  0.0000  0.0000  0.0000  0.0000  0.0000  0.0000  0.0000  0.0000  0.0000  
0.0000  0.0000  0.0000  -0.0000 0.0000  0.0000  0.0000  0.0000  0.0000  -0.0000 0.0000  0.0000  0.0000  0.0000  -0.0000 0.0000  0.0000  0.0000  -0.0000 0.0000  
-0.0000 0.0000  -0.0000 0.0000  0.0000  0.0000  0.0000  0.0000  -0.0000 0.0000  0.0000  0.0000  0.0000  0.0000  0.0000  0.0000  0.0000  0.0000  0.0000  0.0000  
0.0000  0.0000  0.0000  -0.0000 0.0000  0.0000  0.0000  0.0000  0.0000  0.0000  0.0000  0.0000  0.0000  0.0000  0.0000  -0.0000 -0.0000 0.0000  0.0000  0.0000  
0.0000  0.0000  -0.0000 -0.0000 0.0000  0.0000  0.0000  0.0000  0.0000  0.0000  0.0000  -0.0000 0.0000  0.0000  -0.0000 0.0000  0.0000  0.0000  0.0000  0.0000  
0.0000  0.0000  -0.0000 0.0000  0.0000  0.0000  0.0000  0.0000  0.0000  0.0000  0.0000  0.0000  0.0000  0.0000  0.0000  0.0000  0.0000  0.0000  0.0000  0.0000  
0.0000  0.0000  0.0000  0.0000  0.0000  0.0000  0.0000  0.0000  -0.0000 0.0000  0.0000  -0.0000 0.0000  0.0000  0.0000  0.0000  -0.0000 0.0000  0.0000  0.0000  
0.0000  0.0000  0.0000  0.0000  0.0000  0.0000  0.0000  0.0000  0.0000  0.0000  0.0000  0.0000  0.0000  -0.0000 0.0000  0.0000  0.0000  0.0000  -0.0000 0.0000  
0.0000  0.0000  0.0000  0.0000  0.0000  0.0000  -0.0000 0.0000  0.0000  0.0000  0.0000  0.0000  0.0000  0.0000  -0.0000 0.0000  0.0000  0.0000  0.0000  0.0000  
0.0000  0.0000  0.0000  0.0000  0.0000  -0.0000 0.0000  0.0000  -0.0000 0.0000  0.0000  -0.0000 0.0000  0.0000  0.0000  0.0000  0.0000  0.0000  0.0000  0.0000  
0.0000  0.0000  0.0000  -0.0000 0.0000  0.0000  0.0000  0.0000  0.0000  0.0000  0.0000  0.0000  0.0000  0.0000  0.0000  0.0000  0.0000  0.0000  0.0000  0.0000  
0.0000  0.0000  0.0000  0.0000  0.0000  0.0000  0.0000  0.0000  0.0000  0.0000  0.0000  0.0000  0.0000  0.0000  0.0000  0.0000  0.0000  0.0000  0.0000  0.0000  
0.0000  0.0000  0.0000  -0.0000 0.0000  0.0000  0.0000  0.0000  0.0000  0.0000  0.0000  0.0000  0.0000  0.0000  0.0000  0.0000  0.0000  0.0000  0.0000  0.0000  
H 0.628 E 0.847    1.978   1.264   0.692   2.962   2.342   0.659   2.302   3.696   0.895   3.787   2.347  -0.827   5.006   1.480  -0.725
Kernel d0: 0.49 sigma: 0.05 SUM:     0.51 maxCount:   0.29 PSEUDO 200+0.2
0.0000  0.0000  0.0000  0.0000  -0.0000 0.0000  0.0000  0.0000  -0.0000 0.0000  0.0000  0.0000  0.0000  0.0000  0.0000  0.0000  0.0000  0.0000  0.0000  0.0000  
0.0000  0.0000  0.0000  0.0000  0.0000  0.0000  0.0000  0.0000  0.0000  0.0000  0.0000  0.0000  0.0000  0.0000  0.0000  0.0000  0.0000  0.0000  0.0000  0.0000  
0.0000  0.0000  0.0000  0.0000  0.0000  0.0000  0.0000  0.0000  0.0000  0.0000  0.0000  0.0000  0.0000  0.0000  0.0000  0.0000  0.0000  0.0000  0.0000  0.0000  
0.0000  0.0000  0.0000  0.0000  0.0000  0.0000  0.0000  0.0000  0.0000  0.0000  0.0000  0.0000  0.0000  0.0000  0.0000  0.0000  0.0000  0.0000  0.0000  0.0000  
0.0000  0.0000  0.0000  0.0000  0.0000  0.0000  0.0000  0.0000  0.0000  0.0000  0.0000  0.0000  0.0000  0.0000  0.0000  0.0000  -0.0000 0.0000  0.0000  0.0000  
0.0000  0.0000  0.0000  0.0000  0.0000  0.0000  0.0000  0.0000  0.0000  0.0000  0.0000  0.0000  0.0000  0.0000  0.0000  0.0000  0.0000  0.0000  0.0000  0.0000  
0.0000  0.0000  0.0000  0.0000  0.0000  0.0000  0.0000  0.0000  0.0000  0.0000  0.0000  0.0000  0.0000  0.0000  0.0000  0.0000  0.0000  0.0000  0.0000  0.0000  
0.0000  0.0000  0.0000  0.0000  0.0000  0.0000  0.0000  0.0000  0.0000  0.0000  0.0000  0.0000  0.0000  0.0000  0.0000  0.0000  0.0000  0.0000  0.0000  0.0000  
0.0000  0.0000  0.0000  0.0000  0.0000  0.0000  0.0000  0.0000  0.0000  0.0000  0.0000  0.0000  0.0000  0.0000  0.0000  0.0000  0.0000  0.0000  0.0000  0.0000  
0.0000  0.0000  0.0000  0.0000  0.0000  0.0000  0.0000  0.0000  0.0000  0.0000  0.0000  0.0000  0.0000  0.0000  0.0000  0.0000  0.0000  0.0000  0.0000  0.0000  
0.0000  0.0000  0.0000  -0.0000 0.0000  0.0000  0.0000  0.0000  0.0000  0.0000  0.0000  0.0000  0.0000  0.0000  0.0000  0.0000  0.0000  0.0000  0.0000  0.0000  
0.0000  0.0000  -0.0000 0.0000  0.0000  0.0000  0.0000  0.0000  0.0000  0.0000  0.0000  0.0000  0.0000  0.0000  0.0000  0.0000  0.0000  0.0000  0.0000  0.0000  
0.0000  0.0000  0.0000  0.0000  0.0000  0.0000  0.0000  0.0000  0.0000  0.0000  0.0000  0.0000  0.0000  0.0000  0.0000  0.0000  0.0000  0.0000  0.0000  0.0000  
0.0000  0.0000  0.0000  0.0000  0.0000  0.0000  0.0000  0.0000  -0.0000 0.0000  0.0000  0.0000  0.0000  0.0000  0.0000  0.0000  0.0000  0.0000  0.0000  0.0000  
0.0000  0.0000  0.0000  0.0000  0.0000  0.0000  0.0000  0.0000  0.0000  0.0000  0.0000  0.0000  0.0000  0.0000  0.0000  0.0000  0.0000  0.0000  0.0000  0.0000  
0.0000  0.0000  0.0000  0.0000  0.0000  0.0000  0.0000  0.0000  0.0000  0.0000  0.0000  0.0000  0.0000  0.0000  0.0000  0.0000  0.0000  0.0000  0.0000  0.0000  
0.0000  0.0000  0.0000  0.0000  0.0000  0.0000  0.0000  0.0000  0.0000  0.0000  0.0000  0.0000  0.0000  0.0000  0.0000  0.0000  0.0000  0.0000  0.0000  0.0000  
0.0000  0.0000  0.0000  0.0000  0.0000  0.0000  0.0000  0.0000  0.0000  0.0000  0.0000  0.0000  0.0000  0.0000  0.0000  0.0000  0.0000  0.0000  0.0000  0.0000  
0.0000  0.0000  0.0000  0.0000  0.0000  0.0000  0.0000  0.0000  0.0000  0.0000  0.0000  0.0000  0.0000  0.0000  0.0000  0.0000  0.0000  0.0000  0.0000  0.0000  
0.0000  0.0000  0.0000  0.0000  0.0000  0.0000  0.0000  0.0000  0.0000  0.0000  0.0000  0.0000  0.0000  0.0000  0.0000  0.0000  0.0000  0.0000  0.0000  0.0000  
H 0.628 E 0.847    2.136   1.150  -0.190   3.031   2.286  -0.390   3.388   2.451  -1.862   4.445   2.096   0.535   4.247   2.719   1.885
Kernel d0: 0.49 sigma: 0.05 SUM:    19.50 maxCount:   2.00 PSEUDO 200+0.2
0.0000  0.0000  0.0000  -0.0000 0.0000  0.0000  -0.0000 0.0000  -0.0000 -0.0000 0.0000  -0.0000 -0.0000 0.0000  0.0000  0.0000  0.0000  -0.0000 0.0000  -0.0000 
0.0000  0.0000  0.0000  0.0000  0.0000  0.0000  0.0000  0.0000  -0.0000 0.0000  0.0000  0.0000  0.0000  0.0000  0.0000  -0.0000 -0.0000 0.0000  0.0000  0.0000  
0.0000  0.0000  0.0000  0.0000  -0.0000 -0.0000 0.0000  0.0000  -0.0000 0.0000  0.0000  0.0000  0.0000  0.0000  0.0000  0.0000  -0.0000 0.0000  0.0000  -0.0000 
0.0000  0.0000  -0.0000 -0.0000 0.0000  -0.0000 -0.0000 0.0000  -0.0000 0.0000  -0.0000 -0.0000 0.0000  0.0000  -0.0000 0.0000  -0.0000 0.0000  -0.0000 0.0000  
0.0000  0.0000  0.0000  0.0000  -0.0000 0.0000  0.0000  0.0000  0.0000  0.0000  0.0000  0.0000  0.0000  0.0000  0.0000  0.0000  0.0000  0.0000  0.0000  0.0000  
-0.0000 0.0000  0.0000  0.0000  0.0000  0.0000  0.0000  0.0000  -0.0000 0.0000  0.0000  0.0000  0.0000  0.0000  0.0000  0.0000  0.0000  0.0000  0.0000  0.0000  
0.0000  0.0000  0.0000  0.0000  0.0000  0.0000  0.0000  0.0000  0.0000  -0.0000 0.0000  0.0000  0.0000  0.0000  -0.0000 -0.0000 -0.0000 0.0000  0.0000  0.0000  
0.0000  0.0000  0.0000  0.0000  0.0000  0.0000  0.0000  0.0000  0.0000  -0.0000 0.0000  -0.0000 0.0000  0.0000  0.0000  0.0000  0.0000  0.0000  0.0000  0.0000  
-0.0000 0.0000  -0.0000 -0.0000 -0.0000 0.0000  0.0000  -0.0000 0.0000  -0.0000 0.0000  0.0000  0.0000  0.0000  -0.0000 -0.0000 -0.0000 0.0000  0.0000  -0.0000 
-0.0000 0.0000  -0.0000 -0.0000 -0.0000 0.0000  0.0000  -0.0000 0.0000  0.0000  0.0000  0.0000  0.0000  -0.0000 0.0000  -0.0000 -0.0000 0.0000  0.0000  -0.0000 
0.0000  0.0000  0.0000  -0.0000 0.0000  -0.0000 0.0000  0.0000  0.0000  0.0000  0.0000  0.0000  0.0000  0.0000  -0.0000 0.0000  -0.0000 0.0000  0.0000  0.0000  
-0.0000 0.0000  0.0000  0.0000  0.0000  -0.0000 0.0000  0.0000  0.0000  -0.0000 0.0000  -0.0000 0.0000  0.0000  -0.0000 0.0000  0.0000  0.0000  0.0000  0.0000  
0.0000  0.0000  0.0000  0.0000  0.0000  0.0000  0.0000  0.0000  0.0000  0.0000  0.0000  -0.0000 0.0000  0.0000  -0.0000 0.0000  0.0000  0.0000  0.0000  0.0000  
-0.0000 0.0000  0.0000  0.0000  0.0000  0.0000  0.0000  -0.0000 -0.0000 0.0000  0.0000  0.0000  0.0000  0.0000  -0.0000 0.0000  -0.0000 0.0000  0.0000  -0.0000 
-0.0000 0.0000  -0.0000 -0.0000 0.0000  0.0000  -0.0000 0.0000  0.0000  -0.0000 0.0000  -0.0000 0.0000  -0.0000 -0.0000 -0.0000 -0.0000 0.0000  0.0000  0.0000  
0.0000  0.0000  -0.0000 -0.0000 0.0000  0.0000  0.0000  -0.0000 0.0000  0.0000  0.0000  0.0000  -0.0000 0.0000  0.0000  0.0000  0.0000  0.0000  0.0000  0.0000  
0.0000  0.0000  0.0000  0.0000  -0.0000 0.0000  -0.0000 -0.0000 0.0000  0.0000  0.0000  -0.0000 0.0000  -0.0000 0.0000  0.0000  -0.0000 0.0000  0.0000  0.0000  
0.0000  0.0000  0.0000  0.0000  -0.0000 0.0000  0.0000  -0.0000 0.0000  -0.0000 0.0000  0.0000  0.0000  0.0000  0.0000  0.0000  0.0000  0.0000  0.0000  0.0000  
-0.0000 0.0000  0.0000  -0.0000 0.0000  0.0000  0.0000  0.0000  0.0000  0.0000  0.0000  0.0000  0.0000  0.0000  0.0000  0.0000  0.0000  0.0000  0.0000  0.0000  
0.0000  0.0000  -0.0000 0.0000  0.0000  0.0000  0.0000  0.0000  0.0000  0.0000  0.0000  -0.0000 0.0000  0.0000  0.0000  0.0000  -0.0000 0.0000  0.0000  0.0000  
H 0.628 E 0.847    2.118   1.165   0.199   2.992   2.335   0.198   3.263   2.818   1.618   2.307   3.588  -0.724   2.764   3.468  -2.148
Kernel d0: 0.49 sigma: 0.05 SUM:     1.50 maxCount:   1.00 PSEUDO 200+0.2
0.0000  0.0000  0.0000  0.0000  -0.0000 0.0000  0.0000  0.0000  -0.0000 0.0000  0.0000  0.0000  0.0000  0.0000  0.0000  0.0000  0.0000  0.0000  0.0000  0.0000  
0.0000  0.0000  0.0000  0.0000  0.0000  0.0000  0.0000  0.0000  0.0000  0.0000  0.0000  0.0000  0.0000  0.0000  0.0000  0.0000  0.0000  0.0000  0.0000  0.0000  
0.0000  0.0000  0.0000  0.0000  0.0000  0.0000  0.0000  0.0000  0.0000  0.0000  0.0000  0.0000  0.0000  0.0000  0.0000  0.0000  0.0000  0.0000  0.0000  0.0000  
0.0000  0.0000  0.0000  0.0000  0.0000  0.0000  0.0000  0.0000  0.0000  0.0000  0.0000  0.0000  0.0000  0.0000  0.0000  0.0000  0.0000  0.0000  0.0000  0.0000  
0.0000  0.0000  0.0000  0.0000  0.0000  0.0000  0.0000  0.0000  0.0000  0.0000  0.0000  0.0000  0.0000  0.0000  0.0000  0.0000  -0.0000 0.0000  0.0000  0.0000  
0.0000  0.0000  0.0000  0.0000  0.0000  0.0000  0.0000  0.0000  0.0000  0.0000  0.0000  0.0000  0.0000  0.0000  0.0000  0.0000  0.0000  0.0000  0.0000  0.0000  
0.0000  0.0000  0.0000  0.0000  0.0000  0.0000  0.0000  0.0000  0.0000  0.0000  0.0000  0.0000  0.0000  0.0000  0.0000  0.0000  0.0000  0.0000  0.0000  0.0000  
0.0000  0.0000  0.0000  0.0000  0.0000  0.0000  0.0000  0.0000  0.0000  0.0000  0.0000  0.0000  0.0000  0.0000  0.0000  0.0000  0.0000  0.0000  0.0000  0.0000  
0.0000  0.0000  0.0000  0.0000  0.0000  0.0000  0.0000  0.0000  0.0000  0.0000  0.0000  0.0000  0.0000  0.0000  0.0000  0.0000  0.0000  0.0000  0.0000  0.0000  
0.0000  0.0000  0.0000  0.0000  0.0000  0.0000  0.0000  0.0000  0.0000  0.0000  0.0000  0.0000  0.0000  0.0000  0.0000  0.0000  0.0000  0.0000  0.0000  0.0000  
0.0000  0.0000  0.0000  -0.0000 0.0000  0.0000  0.0000  0.0000  0.0000  0.0000  0.0000  0.0000  0.0000  0.0000  0.0000  0.0000  0.0000  0.0000  0.0000  0.0000  
0.0000  0.0000  -0.0000 0.0000  0.0000  0.0000  0.0000  0.0000  0.0000  0.0000  0.0000  0.0000  0.0000  0.0000  0.0000  0.0000  0.0000  0.0000  0.0000  0.0000  
0.0000  0.0000  0.0000  0.0000  0.0000  0.0000  0.0000  0.0000  0.0000  0.0000  0.0000  0.0000  0.0000  0.0000  0.0000  0.0000  0.0000  0.0000  0.0000  0.0000  
0.0000  0.0000  0.0000  0.0000  0.0000  0.0000  0.0000  0.0000  -0.0000 0.0000  0.0000  0.0000  0.0000  0.0000  0.0000  0.0000  0.0000  0.0000  0.0000  0.0000  
0.0000  0.0000  0.0000  0.0000  0.0000  0.0000  0.0000  0.0000  0.0000  0.0000  0.0000  0.0000  0.0000  0.0000  0.0000  0.0000  0.0000  0.0000  0.0000  0.0000  
0.0000  0.0000  0.0000  0.0000  0.0000  0.0000  0.0000  0.0000  0.0000  0.0000  0.0000  0.0000  0.0000  0.0000  0.0000  0.0000  0.0000  0.0000  0.0000  0.0000  
0.0000  0.0000  0.0000  0.0000  0.0000  0.0000  0.0000  0.0000  0.0000  0.0000  0.0000  0.0000  0.0000  0.0000  0.0000  0.0000  0.0000  0.0000  0.0000  0.0000  
0.0000  0.0000  0.0000  0.0000  0.0000  0.0000  0.0000  0.0000  0.0000  0.0000  0.0000  0.0000  0.0000  0.0000  0.0000  0.0000  0.0000  0.0000  0.0000  0.0000  
0.0000  0.0000  0.0000  0.0000  0.0000  0.0000  0.0000  0.0000  0.0000  0.0000  0.0000  0.0000  0.0000  0.0000  0.0000  0.0000  0.0000  0.0000  0.0000  0.0000  
0.0000  0.0000  0.0000  0.0000  0.0000  0.0000  0.0000  0.0000  0.0000  0.0000  0.0000  0.0000  0.0000  0.0000  0.0000  0.0000  0.0000  0.0000  0.0000  0.0000  
H 0.628 E 0.847    2.112   1.180   0.260   3.040   2.301   0.142   4.151   1.991  -0.854   3.707   2.681   1.659   2.845   3.700   2.343
Kernel d0: 0.49 sigma: 0.05 SUM:    13.34 maxCount:   1.12 PSEUDO 200+0.2
-0.0000 0.0000  0.0000  0.0000  -0.0000 0.0000  0.0000  0.0000  -0.0000 -0.0000 0.0000  0.0000  0.0000  -0.0000 0.0000  0.0000  -0.0000 0.0000  0.0000  0.0000  
0.0000  0.0000  0.0000  0.0000  0.0000  0.0000  0.0000  0.0000  0.0000  0.0000  0.0000  0.0000  0.0000  0.0000  0.0000  0.0000  0.0000  0.0000  0.0000  0.0000  
0.0000  0.0000  0.0000  -0.0000 -0.0000 0.0000  0.0000  0.0000  0.0000  0.0000  0.0000  0.0000  0.0000  -0.0000 0.0000  0.0000  0.0000  -0.0000 0.0000  -0.0000 
-0.0000 0.0000  0.0000  0.0000  0.0000  -0.0000 0.0000  0.0000  -0.0000 0.0000  0.0000  0.0000  0.0000  -0.0000 0.0000  0.0000  -0.0000 -0.0000 0.0000  0.0000  
0.0000  0.0000  0.0000  0.0000  0.0000  0.0000  0.0000  0.0000  0.0000  0.0000  0.0000  0.0000  0.0000  0.0000  0.0000  0.0000  -0.0000 0.0000  0.0000  0.0000  
0.0000  0.0000  -0.0000 0.0000  0.0000  0.0000  0.0000  0.0000  0.0000  0.0000  0.0000  0.0000  -0.0000 0.0000  0.0000  0.0000  0.0000  0.0000  0.0000  -0.0000 
-0.0000 0.0000  0.0000  0.0000  0.0000  0.0000  0.0000  0.0000  0.0000  0.0000  0.0000  0.0000  0.0000  0.0000  0.0000  0.0000  0.0000  -0.0000 0.0000  0.0000  
0.0000  0.0000  0.0000  0.0000  0.0000  -0.0000 0.0000  0.0000  0.0000  -0.0000 0.0000  0.0000  -0.0000 0.0000  0.0000  0.0000  -0.0000 0.0000  -0.0000 -0.0000 
0.0000  0.0000  -0.0000 0.0000  0.0000  0.0000  -0.0000 0.0000  -0.0000 0.0000  -0.0000 0.0000  0.0000  0.0000  -0.0000 -0.0000 0.0000  0.0000  0.0000  -0.0000 
0.0000  0.0000  -0.0000 -0.0000 -0.0000 0.0000  0.0000  0.0000  -0.0000 0.0000  0.0000  0.0000  0.0000  0.0000  0.0000  0.0000  0.0000  0.0000  -0.0000 0.0000  
0.0000  0.0000  0.0000  -0.0000 0.0000  -0.0000 0.0000  0.0000  0.0000  0.0000  0.0000  0.0000  0.0000  0.0000  0.0000  0.0000  0.0000  0.0000  0.0000  0.0000  
0.0000  0.0000  -0.0000 0.0000  0.0000  0.0000  0.0000  0.0000  0.0000  0.0000  0.0000  0.0000  0.0000  0.0000  0.0000  0.0000  0.0000  0.0000  0.0000  0.0000  
0.0000  0.0000  0.0000  0.0000  0.0000  0.0000  -0.0000 0.0000  0.0000  0.0000  0.0000  0.0000  -0.0000 0.0000  -0.0000 0.0000  0.0000  0.0000  0.0000  0.0000  
0.0000  0.0000  0.0000  0.0000  0.0000  0.0000  0.0000  -0.0000 -0.0000 0.0000  0.0000  -0.0000 -0.0000 -0.0000 -0.0000 0.0000  -0.0000 0.0000  0.0000  0.0000  
-0.0000 0.0000  -0.0000 0.0000  0.0000  0.0000  0.0000  0.0000  -0.0000 0.0000  0.0000  0.0000  0.0000  0.0000  0.0000  -0.0000 0.0000  0.0000  0.0000  0.0000  
0.0000  0.0000  0.0000  0.0000  0.0000  0.0000  -0.0000 0.0000  -0.0000 -0.0000 0.0000  0.0000  0.0000  0.0000  0.0000  0.0000  0.0000  -0.0000 0.0000  -0.0000 
0.0000  0.0000  -0.0000 0.0000  0.0000  0.0000  0.0000  0.0000  -0.0000 0.0000  0.0000  0.0000  0.0000  0.0000  0.0000  -0.0000 0.0000  -0.0000 0.0000  0.0000  
0.0000  0.0000  0.0000  0.0000  0.0000  0.0000  -0.0000 0.0000  0.0000  0.0000  0.0000  0.0000  0.0000  -0.0000 -0.0000 0.0000  0.0000  0.0000  0.0000  0.0000  
0.0000  0.0000  0.0000  0.0000  0.0000  0.0000  0.0000  0.0000  0.0000  0.0000  0.0000  0.0000  0.0000  0.0000  0.0000  0.0000  0.0000  0.0000  0.0000  0.0000  
0.0000  0.0000  0.0000  0.0000  0.0000  0.0000  0.0000  0.0000  0.0000  -0.0000 0.0000  0.0000  0.0000  0.0000  0.0000  0.0000  0.0000  0.0000  0.0000  0.0000  
H 0.628 E 0.847    1.782   1.352   0.924   2.620   2.530   1.125   4.033   2.294   0.606   2.666   2.951   2.772   1.554   3.912   3.073
Kernel d0: 0.49 sigma: 0.05 SUM:     7.57 maxCount:   1.00 PSEUDO 200+0.2
0.0000  0.0000  -0.0000 0.0000  0.0000  0.0000  0.0000  0.0000  0.0000  -0.0000 0.0000  0.0000  0.0000  0.0000  -0.0000 0.0000  0.0000  -0.0000 0.0000  0.0000  
0.0000  0.0000  0.0000  0.0000  0.0000  0.0000  0.0000  0.0000  0.0000  0.0000  0.0000  0.0000  0.0000  0.0000  0.0000  0.0000  0.0000  0.0000  0.0000  -0.0000 
0.0000  0.0000  0.0000  0.0000  0.0000  -0.0000 0.0000  0.0000  0.0000  0.0000  0.0000  0.0000  0.0000  0.0000  0.0000  0.0000  0.0000  0.0000  0.0000  0.0000  
0.0000  0.0000  0.0000  0.0000  0.0000  -0.0000 0.0000  -0.0000 0.0000  -0.0000 0.0000  -0.0000 0.0000  -0.0000 0.0000  -0.0000 -0.0000 -0.0000 0.0000  -0.0000 
-0.0000 0.0000  0.0000  0.0000  0.0000  0.0000  0.0000  0.0000  0.0000  0.0000  0.0000  0.0000  0.0000  0.0000  0.0000  0.0000  0.0000  -0.0000 0.0000  0.0000  
0.0000  0.0000  0.0000  0.0000  0.0000  0.0000  0.0000  0.0000  0.0000  0.0000  0.0000  0.0000  0.0000  0.0000  0.0000  0.0000  -0.0000 0.0000  0.0000  0.0000  
0.0000  0.0000  -0.0000 0.0000  -0.0000 0.0000  0.0000  -0.0000 0.0000  0.0000  0.0000  0.0000  -0.0000 0.0000  0.0000  0.0000  0.0000  0.0000  0.0000  0.0000  
0.0000  0.0000  0.0000  0.0000  0.0000  0.0000  -0.0000 0.0000  0.0000  0.0000  0.0000  0.0000  -0.0000 0.0000  0.0000  0.0000  0.0000  0.0000  0.0000  0.0000  
0.0000  0.0000  0.0000  0.0000  0.0000  0.0000  0.0000  0.0000  0.0000  0.0000  0.0000  -0.0000 0.0000  -0.0000 0.0000  -0.0000 -0.0000 0.0000  0.0000  0.0000  
-0.0000 0.0000  0.0000  -0.0000 0.0000  0.0000  0.0000  0.0000  0.0000  0.0000  0.0000  -0.0000 0.0000  -0.0000 0.0000  0.0000  0.0000  0.0000  0.0000  0.0000  
0.0000  0.0000  0.0000  0.0000  0.0000  0.0000  0.0000  0.0000  0.0000  0.0000  0.0000  0.0000  0.0000  0.0000  0.0000  0.0000  0.0000  0.0000  0.0000  0.0000  
0.0000  0.0000  0.0000  0.0000  0.0000  0.0000  0.0000  0.0000  0.0000  0.0000  0.0000  0.0000  0.0000  0.0000  0.0000  0.0000  0.0000  0.0000  0.0000  0.0000  
0.0000  0.0000  0.0000  0.0000  0.0000  0.0000  0.0000  0.0000  0.0000  0.0000  0.0000  0.0000  0.0000  0.0000  -0.0000 -0.0000 0.0000  0.0000  0.0000  0.0000  
0.0000  0.0000  0.0000  0.0000  0.0000  0.0000  0.0000  0.0000  0.0000  0.0000  0.0000  0.0000  0.0000  0.0000  0.0000  0.0000  -0.0000 -0.0000 0.0000  0.0000  
-0.0000 0.0000  -0.0000 0.0000  0.0000  0.0000  0.0000  0.0000  0.0000  0.0000  0.0000  0.0000  0.0000  -0.0000 0.0000  0.0000  0.0000  0.0000  0.0000  0.0000  
0.0000  0.0000  0.0000  0.0000  0.0000  0.0000  0.0000  0.0000  0.0000  0.0000  0.0000  0.0000  0.0000  0.0000  0.0000  0.0000  0.0000  0.0000  0.0000  0.0000  
0.0000  0.0000  0.0000  0.0000  0.0000  0.0000  0.0000  0.0000  0.0000  0.0000  0.0000  0.0000  0.0000  0.0000  0.0000  -0.0000 0.0000  0.0000  0.0000  0.0000  
0.0000  0.0000  -0.0000 -0.0000 0.0000  0.0000  0.0000  0.0000  0.0000  0.0000  0.0000  0.0000  0.0000  0.0000  0.0000  -0.0000 0.0000  0.0000  0.0000  0.0000  
0.0000  0.0000  0.0000  0.0000  0.0000  0.0000  0.0000  0.0000  0.0000  0.0000  0.0000  0.0000  0.0000  0.0000  0.0000  0.0000  0.0000  0.0000  0.0000  0.0000  
-0.0000 0.0000  0.0000  0.0000  0.0000  0.0000  0.0000  0.0000  0.0000  0.0000  0.0000  0.0000  0.0000  0.0000  0.0000  0.0000  0.0000  0.0000  0.0000  0.0000  
H 0.628 E 0.847    2.056   1.207   0.483   2.922   2.379   0.575   3.772   2.534  -0.681   3.922   2.272   1.946   3.235   2.911   3.116
Kernel d0: 0.49 sigma: 0.05 SUM:    16.59 maxCount:   1.83 PSEUDO 200+0.2
0.0000  0.0000  0.0000  0.0000  -0.0000 -0.0000 0.0000  0.0000  -0.0000 0.0000  0.0000  0.0000  0.0000  -0.0000 0.0000  0.0000  -0.0000 0.0000  0.0000  0.0000  
0.0000  0.0000  0.0000  0.0000  0.0000  0.0000  0.0000  0.0000  0.0000  0.0000  0.0000  0.0000  0.0000  0.0000  0.0000  0.0000  0.0000  0.0000  0.0000  0.0000  
0.0000  0.0000  -0.0000 -0.0000 0.0000  0.0000  -0.0000 0.0000  -0.0000 0.0000  0.0000  0.0000  -0.0000 0.0000  0.0000  -0.0000 -0.0000 0.0000  0.0000  0.0000  
-0.0000 0.0000  0.0000  0.0000  0.0000  0.0000  0.0000  0.0000  0.0000  0.0000  0.0000  0.0000  -0.0000 0.0000  0.0000  0.0000  -0.0000 -0.0000 0.0000  0.0000  
0.0000  0.0000  0.0000  -0.0000 0.0000  0.0000  0.0000  0.0000  0.0000  0.0000  0.0000  -0.0000 0.0000  0.0000  -0.0000 -0.0000 -0.0000 0.0000  0.0000  -0.0000 
-0.0000 0.0000  0.0000  0.0000  0.0000  0.0000  0.0000  0.0000  0.0000  0.0000  0.0000  0.0000  -0.0000 -0.0000 0.0000  0.0000  0.0000  0.0000  0.0000  0.0000  
0.0000  0.0000  0.0000  -0.0000 0.0000  0.0000  0.0000  0.0000  0.0000  0.0000  0.0000  0.0000  0.0000  -0.0000 0.0000  -0.0000 -0.0000 0.0000  0.0000  0.0000  
-0.0000 0.0000  0.0000  0.0000  0.0000  0.0000  0.0000  0.0000  -0.0000 0.0000  0.0000  -0.0000 0.0000  0.0000  -0.0000 0.0000  -0.0000 0.0000  0.0000  0.0000  
-0.0000 0.0000  -0.0000 0.0000  0.0000  0.0000  0.0000  -0.0000 -0.0000 0.0000  0.0000  -0.0000 -0.0000 0.0000  -0.0000 0.0000  0.0000  0.0000  0.0000  -0.0000 
0.0000  0.0000  -0.0000 0.0000  0.0000  0.0000  0.0000  0.0000  -0.0000 0.0000  0.0000  0.0000  -0.0000 0.0000  0.0000  0.0000  -0.0000 0.0000  0.0000  -0.0000 
0.0000  0.0000  0.0000  -0.0000 0.0000  0.0000  -0.0000 0.0000  0.0000  0.0000  0.0000  0.0000  0.0000  0.0000  0.0000  0.0000  0.0000  0.0000  0.0000  0.0000  
0.0000  0.0000  0.0000  0.0000  -0.0000 0.0000  0.0000  -0.0000 0.0000  0.0000  0.0000  0.0000  -0.0000 0.0000  0.0000  0.0000  -0.0000 0.0000  0.0000  0.0000  
0.0000  0.0000  0.0000  0.0000  0.0000  -0.0000 0.0000  0.0000  0.0000  0.0000  0.0000  0.0000  0.0000  0.0000  0.0000  -0.0000 0.0000  0.0000  0.0000  -0.0000 
-0.0000 0.0000  -0.0000 0.0000  -0.0000 0.0000  0.0000  -0.0000 0.0000  -0.0000 0.0000  0.0000  0.0000  -0.0000 -0.0000 0.0000  0.0000  -0.0000 -0.0000 0.0000  
0.0000  0.0000  -0.0000 0.0000  0.0000  0.0000  0.0000  0.0000  -0.0000 0.0000  0.0000  -0.0000 -0.0000 0.0000  -0.0000 -0.0000 0.0000  -0.0000 0.0000  -0.0000 
-0.0000 0.0000  0.0000  0.0000  0.0000  0.0000  0.0000  0.0000  0.0000  0.0000  0.0000  -0.0000 0.0000  0.0000  0.0000  0.0000  0.0000  -0.0000 0.0000  -0.0000 
0.0000  0.0000  0.0000  -0.0000 0.0000  0.0000  0.0000  0.0000  0.0000  0.0000  0.0000  0.0000  0.0000  0.0000  0.0000  0.0000  0.0000  0.0000  0.0000  0.0000  
0.0000  0.0000  0.0000  0.0000  0.0000  0.0000  0.0000  0.0000  0.0000  0.0000  0.0000  0.0000  0.0000  -0.0000 -0.0000 -0.0000 0.0000  0.0000  0.0000  0.0000  
0.0000  0.0000  -0.0000 0.0000  0.0000  0.0000  0.0000  0.0000  0.0000  0.0000  0.0000  0.0000  0.0000  0.0000  0.0000  0.0000  0.0000  0.0000  0.0000  0.0000  
0.0000  0.0000  -0.0000 -0.0000 0.0000  0.0000  0.0000  0.0000  0.0000  0.0000  0.0000  0.0000  0.0000  0.0000  0.0000  -0.0000 -0.0000 -0.0000 0.0000  0.0000  
H 0.628 E 0.847    2.129   1.166   0.243   2.983   2.345   0.350   4.314   2.125  -0.359   3.251   2.736   1.983   2.188   3.686   2.450
Kernel d0: 0.49 sigma: 0.05 SUM:    11.21 maxCount:   1.00 PSEUDO 200+0.2
-0.0000 0.0000  0.0000  0.0000  0.0000  0.0000  0.0000  0.0000  0.0000  0.0000  0.0000  0.0000  0.0000  0.0000  -0.0000 0.0000  -0.0000 0.0000  0.0000  0.0000  
0.0000  0.0000  0.0000  0.0000  0.0000  0.0000  0.0000  0.0000  0.0000  0.0000  0.0000  -0.0000 0.0000  0.0000  0.0000  0.0000  0.0000  0.0000  0.0000  0.0000  
0.0000  0.0000  0.0000  -0.0000 0.0000  0.0000  0.0000  0.0000  -0.0000 0.0000  0.0000  -0.0000 -0.0000 0.0000  0.0000  0.0000  0.0000  0.0000  0.0000  0.0000  
0.0000  0.0000  0.0000  0.0000  0.0000  0.0000  -0.0000 0.0000  -0.0000 0.0000  0.0000  0.0000  0.0000  -0.0000 -0.0000 -0.0000 -0.0000 0.0000  -0.0000 0.0000  
0.0000  0.0000  0.0000  0.0000  0.0000  -0.0000 0.0000  0.0000  0.0000  0.0000  0.0000  0.0000  0.0000  0.0000  0.0000  0.0000  0.0000  0.0000  0.0000  0.0000  
0.0000  0.0000  -0.0000 -0.0000 0.0000  0.0000  -0.0000 0.0000  0.0000  -0.0000 0.0000  0.0000  0.0000  0.0000  -0.0000 0.0000  0.0000  0.0000  0.0000  0.0000  
0.0000  0.0000  0.0000  0.0000  0.0000  0.0000  0.0000  0.0000  0.0000  0.0000  0.0000  0.0000  0.0000  0.0000  -0.0000 0.0000  0.0000  0.0000  -0.0000 0.0000  
0.0000  0.0000  -0.0000 0.0000  0.0000  0.0000  0.0000  0.0000  0.0000  0.0000  0.0000  0.0000  0.0000  -0.0000 0.0000  0.0000  0.0000  0.0000  0.0000  0.0000  
0.0000  0.0000  -0.0000 0.0000  -0.0000 -0.0000 -0.0000 0.0000  0.0000  0.0000  0.0000  0.0000  0.0000  -0.0000 -0.0000 0.0000  0.0000  -0.0000 0.0000  0.0000  
0.0000  0.0000  -0.0000 0.0000  0.0000  0.0000  0.0000  0.0000  -0.0000 -0.0000 0.0000  0.0000  0.0000  0.0000  0.0000  0.0000  0.0000  0.0000  0.0000  0.0000  
0.0000  0.0000  0.0000  -0.0000 0.0000  0.0000  0.0000  0.0000  0.0000  0.0000  0.0000  0.0000  0.0000  0.0000  0.0000  0.0000  0.0000  -0.0000 0.0000  0.0000  
0.0000  0.0000  -0.0000 0.0000  0.0000  0.0000  0.0000  0.0000  -0.0000 0.0000  0.0000  0.0000  0.0000  0.0000  0.0000  -0.0000 0.0000  0.0000  0.0000  0.0000  
0.0000  0.0000  0.0000  -0.0000 0.0000  0.0000  0.0000  0.0000  -0.0000 0.0000  0.0000  -0.0000 0.0000  0.0000  0.0000  -0.0000 0.0000  0.0000  0.0000  0.0000  
0.0000  0.0000  0.0000  0.0000  -0.0000 -0.0000 0.0000  0.0000  -0.0000 0.0000  0.0000  -0.0000 0.0000  -0.0000 0.0000  -0.0000 -0.0000 -0.0000 0.0000  -0.0000 
0.0000  0.0000  0.0000  0.0000  -0.0000 -0.0000 -0.0000 -0.0000 0.0000  -0.0000 0.0000  0.0000  0.0000  0.0000  0.0000  0.0000  -0.0000 0.0000  0.0000  0.0000  
0.0000  0.0000  0.0000  -0.0000 0.0000  -0.0000 0.0000  0.0000  0.0000  -0.0000 0.0000  0.0000  0.0000  -0.0000 -0.0000 -0.0000 0.0000  0.0000  0.0000  0.0000  
0.0000  0.0000  0.0000  0.0000  0.0000  0.0000  0.0000  -0.0000 -0.0000 0.0000  0.0000  0.0000  -0.0000 0.0000  -0.0000 0.0000  0.0000  -0.0000 0.0000  -0.0000 
0.0000  0.0000  0.0000  0.0000  0.0000  0.0000  0.0000  0.0000  -0.0000 0.0000  0.0000  0.0000  0.0000  0.0000  -0.0000 0.0000  -0.0000 -0.0000 0.0000  0.0000  
0.0000  0.0000  0.0000  0.0000  0.0000  0.0000  0.0000  0.0000  0.0000  0.0000  0.0000  0.0000  0.0000  0.0000  0.0000  0.0000  0.0000  0.0000  0.0000  0.0000  
0.0000  0.0000  0.0000  0.0000  0.0000  0.0000  0.0000  0.0000  0.0000  0.0000  0.0000  0.0000  0.0000  -0.0000 0.0000  0.0000  0.0000  0.0000  0.0000  0.0000  
H 0.628 E 0.847    1.950   1.249   0.707   2.764   2.446   0.901   4.068   2.356   0.117   3.092   2.678   2.553   2.017   3.529   3.162
Kernel d0: 0.49 sigma: 0.05 SUM:    11.40 maxCount:   1.00 PSEUDO 200+0.2
-0.0000 0.0000  0.0000  0.0000  0.0000  0.0000  0.0000  0.0000  0.0000  0.0000  0.0000  0.0000  0.0000  0.0000  -0.0000 0.0000  -0.0000 0.0000  0.0000  0.0000  
0.0000  0.0000  0.0000  0.0000  0.0000  0.0000  0.0000  0.0000  0.0000  0.0000  0.0000  -0.0000 0.0000  0.0000  0.0000  0.0000  0.0000  0.0000  0.0000  0.0000  
0.0000  0.0000  0.0000  -0.0000 0.0000  0.0000  0.0000  0.0000  -0.0000 0.0000  0.0000  -0.0000 -0.0000 0.0000  0.0000  0.0000  0.0000  0.0000  0.0000  0.0000  
0.0000  0.0000  0.0000  0.0000  0.0000  0.0000  -0.0000 0.0000  -0.0000 0.0000  0.0000  0.0000  0.0000  -0.0000 -0.0000 -0.0000 -0.0000 0.0000  -0.0000 0.0000  
0.0000  0.0000  0.0000  0.0000  0.0000  -0.0000 0.0000  0.0000  0.0000  0.0000  0.0000  0.0000  0.0000  0.0000  0.0000  0.0000  0.0000  0.0000  0.0000  0.0000  
0.0000  0.0000  -0.0000 -0.0000 0.0000  0.0000  -0.0000 0.0000  0.0000  -0.0000 0.0000  0.0000  0.0000  0.0000  -0.0000 0.0000  0.0000  0.0000  0.0000  0.0000  
0.0000  0.0000  0.0000  0.0000  0.0000  0.0000  0.0000  0.0000  0.0000  0.0000  0.0000  0.0000  0.0000  0.0000  -0.0000 0.0000  0.0000  0.0000  -0.0000 0.0000  
0.0000  0.0000  -0.0000 0.0000  0.0000  0.0000  0.0000  0.0000  0.0000  0.0000  0.0000  0.0000  0.0000  -0.0000 0.0000  0.0000  0.0000  0.0000  0.0000  0.0000  
0.0000  0.0000  -0.0000 0.0000  -0.0000 -0.0000 -0.0000 0.0000  0.0000  0.0000  0.0000  0.0000  0.0000  -0.0000 -0.0000 0.0000  0.0000  -0.0000 0.0000  0.0000  
0.0000  0.0000  -0.0000 0.0000  0.0000  0.0000  0.0000  0.0000  -0.0000 -0.0000 0.0000  0.0000  0.0000  0.0000  0.0000  0.0000  0.0000  0.0000  0.0000  0.0000  
0.0000  0.0000  0.0000  -0.0000 0.0000  0.0000  0.0000  0.0000  0.0000  0.0000  0.0000  0.0000  0.0000  0.0000  0.0000  0.0000  0.0000  -0.0000 0.0000  0.0000  
0.0000  0.0000  -0.0000 0.0000  0.0000  0.0000  0.0000  0.0000  -0.0000 0.0000  0.0000  0.0000  0.0000  0.0000  0.0000  -0.0000 0.0000  0.0000  0.0000  0.0000  
0.0000  0.0000  0.0000  -0.0000 0.0000  0.0000  0.0000  0.0000  -0.0000 0.0000  0.0000  -0.0000 0.0000  0.0000  0.0000  -0.0000 0.0000  0.0000  0.0000  0.0000  
0.0000  0.0000  0.0000  0.0000  -0.0000 -0.0000 0.0000  0.0000  -0.0000 0.0000  0.0000  -0.0000 0.0000  -0.0000 0.0000  -0.0000 -0.0000 -0.0000 0.0000  -0.0000 
0.0000  0.0000  0.0000  0.0000  -0.0000 -0.0000 -0.0000 -0.0000 0.0000  -0.0000 0.0000  0.0000  0.0000  0.0000  0.0000  0.0000  -0.0000 0.0000  0.0000  0.0000  
0.0000  0.0000  0.0000  -0.0000 0.0000  -0.0000 0.0000  0.0000  0.0000  -0.0000 0.0000  0.0000  0.0000  -0.0000 -0.0000 -0.0000 0.0000  0.0000  0.0000  0.0000  
0.0000  0.0000  0.0000  0.0000  0.0000  0.0000  0.0000  -0.0000 -0.0000 0.0000  0.0000  0.0000  -0.0000 0.0000  -0.0000 0.0000  0.0000  -0.0000 0.0000  -0.0000 
0.0000  0.0000  0.0000  0.0000  0.0000  0.0000  0.0000  0.0000  -0.0000 0.0000  0.0000  0.0000  0.0000  0.0000  -0.0000 0.0000  -0.0000 -0.0000 0.0000  0.0000  
0.0000  0.0000  0.0000  0.0000  0.0000  0.0000  0.0000  0.0000  0.0000  0.0000  0.0000  0.0000  0.0000  0.0000  0.0000  0.0000  0.0000  0.0000  0.0000  0.0000  
0.0000  0.0000  0.0000  0.0000  0.0000  0.0000  0.0000  0.0000  0.0000  0.0000  0.0000  0.0000  0.0000  -0.0000 0.0000  0.0000  0.0000  0.0000  0.0000  0.0000  
H 0.628 E 0.847    2.158   1.133   0.025   3.040   2.277  -0.191   3.652   2.754   1.122   2.191   3.549  -0.934   2.296   3.416  -2.424
Kernel d0: 0.49 sigma: 0.05 SUM:     1.43 maxCount:   0.97 PSEUDO 200+0.2
0.0000  0.0000  0.0000  0.0000  -0.0000 0.0000  0.0000  0.0000  -0.0000 0.0000  0.0000  0.0000  0.0000  0.0000  0.0000  0.0000  0.0000  0.0000  0.0000  0.0000  
0.0000  0.0000  0.0000  0.0000  0.0000  0.0000  0.0000  0.0000  0.0000  0.0000  0.0000  0.0000  0.0000  0.0000  0.0000  0.0000  0.0000  0.0000  0.0000  0.0000  
0.0000  0.0000  0.0000  0.0000  0.0000  0.0000  0.0000  0.0000  0.0000  0.0000  0.0000  0.0000  0.0000  0.0000  0.0000  0.0000  0.0000  0.0000  0.0000  0.0000  
0.0000  0.0000  0.0000  0.0000  0.0000  0.0000  0.0000  0.0000  0.0000  0.0000  0.0000  0.0000  0.0000  0.0000  0.0000  0.0000  0.0000  0.0000  0.0000  0.0000  
0.0000  0.0000  0.0000  0.0000  0.0000  0.0000  0.0000  0.0000  0.0000  0.0000  0.0000  0.0000  0.0000  0.0000  0.0000  0.0000  -0.0000 0.0000  0.0000  0.0000  
0.0000  0.0000  0.0000  0.0000  0.0000  0.0000  0.0000  0.0000  0.0000  0.0000  0.0000  0.0000  0.0000  0.0000  0.0000  0.0000  0.0000  0.0000  0.0000  0.0000  
0.0000  0.0000  0.0000  0.0000  0.0000  0.0000  0.0000  0.0000  0.0000  0.0000  0.0000  0.0000  0.0000  0.0000  0.0000  0.0000  0.0000  0.0000  0.0000  0.0000  
0.0000  0.0000  0.0000  0.0000  0.0000  0.0000  0.0000  0.0000  0.0000  0.0000  0.0000  0.0000  0.0000  0.0000  0.0000  0.0000  0.0000  0.0000  0.0000  0.0000  
0.0000  0.0000  0.0000  0.0000  0.0000  0.0000  0.0000  0.0000  0.0000  0.0000  0.0000  0.0000  0.0000  0.0000  0.0000  0.0000  0.0000  0.0000  0.0000  0.0000  
0.0000  0.0000  0.0000  0.0000  0.0000  0.0000  0.0000  0.0000  0.0000  0.0000  0.0000  0.0000  0.0000  0.0000  0.0000  0.0000  0.0000  0.0000  0.0000  0.0000  
0.0000  0.0000  0.0000  -0.0000 0.0000  0.0000  0.0000  0.0000  0.0000  0.0000  0.0000  0.0000  0.0000  0.0000  0.0000  0.0000  0.0000  0.0000  0.0000  0.0000  
0.0000  0.0000  -0.0000 0.0000  0.0000  0.0000  0.0000  0.0000  0.0000  0.0000  0.0000  0.0000  0.0000  0.0000  0.0000  0.0000  0.0000  0.0000  0.0000  0.0000  
0.0000  0.0000  0.0000  0.0000  0.0000  0.0000  0.0000  0.0000  0.0000  0.0000  0.0000  0.0000  0.0000  0.0000  0.0000  0.0000  0.0000  0.0000  0.0000  0.0000  
0.0000  0.0000  0.0000  0.0000  0.0000  0.0000  0.0000  0.0000  -0.0000 0.0000  0.0000  0.0000  0.0000  0.0000  0.0000  0.0000  0.0000  0.0000  0.0000  0.0000  
0.0000  0.0000  0.0000  0.0000  0.0000  0.0000  0.0000  0.0000  0.0000  0.0000  0.0000  0.0000  0.0000  0.0000  0.0000  0.0000  0.0000  0.0000  0.0000  0.0000  
0.0000  0.0000  0.0000  0.0000  0.0000  0.0000  0.0000  0.0000  0.0000  0.0000  0.0000  0.0000  0.0000  0.0000  0.0000  0.0000  0.0000  0.0000  0.0000  0.0000  
0.0000  0.0000  0.0000  0.0000  0.0000  0.0000  0.0000  0.0000  0.0000  0.0000  0.0000  0.0000  0.0000  0.0000  0.0000  0.0000  0.0000  0.0000  0.0000  0.0000  
0.0000  0.0000  0.0000  0.0000  0.0000  0.0000  0.0000  0.0000  0.0000  0.0000  0.0000  0.0000  0.0000  0.0000  0.0000  0.0000  0.0000  0.0000  0.0000  0.0000  
0.0000  0.0000  0.0000  0.0000  0.0000  0.0000  0.0000  0.0000  0.0000  0.0000  0.0000  0.0000  0.0000  0.0000  0.0000  0.0000  0.0000  0.0000  0.0000  0.0000  
0.0000  0.0000  0.0000  0.0000  0.0000  0.0000  0.0000  0.0000  0.0000  0.0000  0.0000  0.0000  0.0000  0.0000  0.0000  0.0000  0.0000  0.0000  0.0000  0.0000  
H 0.628 E 0.847    2.115   1.141   0.257   3.011   2.294   0.231   4.012   2.238   1.379   2.120   3.740   0.305   1.787   4.194  -1.085
Kernel d0: 0.49 sigma: 0.05 SUM:     0.32 maxCount:   0.27 PSEUDO 200+0.2
0.0000  0.0000  0.0000  0.0000  0.0000  0.0000  0.0000  0.0000  0.0000  0.0000  0.0000  0.0000  0.0000  0.0000  0.0000  0.0000  0.0000  0.0000  0.0000  0.0000  
0.0000  0.0000  0.0000  0.0000  0.0000  0.0000  0.0000  0.0000  0.0000  0.0000  0.0000  0.0000  0.0000  0.0000  0.0000  0.0000  0.0000  0.0000  0.0000  0.0000  
0.0000  0.0000  0.0000  0.0000  0.0000  0.0000  0.0000  0.0000  0.0000  0.0000  0.0000  0.0000  0.0000  0.0000  0.0000  0.0000  0.0000  0.0000  0.0000  0.0000  
0.0000  0.0000  0.0000  0.0000  0.0000  0.0000  0.0000  0.0000  0.0000  0.0000  0.0000  0.0000  0.0000  0.0000  0.0000  0.0000  0.0000  0.0000  0.0000  0.0000  
0.0000  0.0000  0.0000  0.0000  0.0000  0.0000  0.0000  0.0000  0.0000  0.0000  0.0000  0.0000  0.0000  0.0000  0.0000  0.0000  0.0000  0.0000  0.0000  0.0000  
0.0000  0.0000  0.0000  0.0000  0.0000  0.0000  0.0000  0.0000  0.0000  0.0000  0.0000  0.0000  0.0000  0.0000  0.0000  0.0000  0.0000  0.0000  0.0000  0.0000  
0.0000  0.0000  0.0000  0.0000  0.0000  0.0000  0.0000  0.0000  0.0000  0.0000  0.0000  0.0000  0.0000  0.0000  0.0000  0.0000  0.0000  0.0000  0.0000  0.0000  
0.0000  0.0000  0.0000  0.0000  0.0000  0.0000  0.0000  0.0000  0.0000  0.0000  0.0000  0.0000  0.0000  0.0000  0.0000  0.0000  0.0000  0.0000  0.0000  0.0000  
0.0000  0.0000  0.0000  0.0000  0.0000  0.0000  0.0000  0.0000  0.0000  0.0000  0.0000  0.0000  0.0000  0.0000  0.0000  0.0000  0.0000  0.0000  0.0000  0.0000  
0.0000  0.0000  0.0000  0.0000  0.0000  0.0000  0.0000  0.0000  0.0000  0.0000  0.0000  0.0000  0.0000  0.0000  0.0000  0.0000  0.0000  0.0000  0.0000  0.0000  
0.0000  0.0000  0.0000  0.0000  0.0000  0.0000  0.0000  0.0000  0.0000  0.0000  0.0000  0.0000  0.0000  0.0000  0.0000  0.0000  0.0000  0.0000  0.0000  0.0000  
0.0000  0.0000  0.0000  0.0000  0.0000  0.0000  0.0000  0.0000  0.0000  0.0000  0.0000  0.0000  0.0000  0.0000  0.0000  0.0000  0.0000  0.0000  0.0000  0.0000  
0.0000  0.0000  0.0000  0.0000  0.0000  0.0000  0.0000  0.0000  0.0000  0.0000  0.0000  0.0000  0.0000  0.0000  0.0000  0.0000  0.0000  0.0000  0.0000  0.0000  
0.0000  0.0000  0.0000  0.0000  0.0000  0.0000  0.0000  0.0000  0.0000  0.0000  0.0000  0.0000  0.0000  0.0000  0.0000  0.0000  0.0000  0.0000  0.0000  0.0000  
0.0000  0.0000  0.0000  0.0000  0.0000  0.0000  0.0000  0.0000  0.0000  0.0000  0.0000  0.0000  0.0000  0.0000  0.0000  0.0000  0.0000  0.0000  0.0000  0.0000  
0.0000  0.0000  0.0000  0.0000  0.0000  0.0000  0.0000  0.0000  0.0000  0.0000  0.0000  0.0000  0.0000  0.0000  0.0000  0.0000  0.0000  0.0000  0.0000  0.0000  
0.0000  0.0000  0.0000  0.0000  0.0000  0.0000  0.0000  0.0000  0.0000  0.0000  0.0000  0.0000  0.0000  0.0000  0.0000  0.0000  0.0000  0.0000  0.0000  0.0000  
0.0000  0.0000  0.0000  0.0000  0.0000  0.0000  0.0000  0.0000  0.0000  0.0000  0.0000  0.0000  0.0000  0.0000  0.0000  0.0000  0.0000  0.0000  0.0000  0.0000  
0.0000  0.0000  0.0000  0.0000  0.0000  0.0000  0.0000  0.0000  0.0000  0.0000  0.0000  0.0000  0.0000  0.0000  0.0000  0.0000  0.0000  0.0000  0.0000  0.0000  
0.0000  0.0000  0.0000  0.0000  0.0000  0.0000  0.0000  0.0000  0.0000  0.0000  0.0000  0.0000  0.0000  0.0000  0.0000  0.0000  0.0000  0.0000  0.0000  0.0000  
H 0.628 E 0.847    2.008   1.162  -0.622   2.902   2.301  -0.804   2.983   2.706  -2.272   4.455   1.938  -0.214   4.544   2.329   1.231
Kernel d0: 0.49 sigma: 0.05 SUM:    19.11 maxCount:   1.94 PSEUDO 200+0.2
0.0000  0.0000  0.0000  -0.0000 0.0000  0.0000  -0.0000 0.0000  -0.0000 -0.0000 0.0000  -0.0000 -0.0000 0.0000  0.0000  0.0000  0.0000  -0.0000 0.0000  -0.0000 
0.0000  0.0000  0.0000  0.0000  0.0000  0.0000  0.0000  0.0000  -0.0000 0.0000  0.0000  0.0000  0.0000  0.0000  0.0000  -0.0000 -0.0000 0.0000  0.0000  0.0000  
0.0000  0.0000  0.0000  0.0000  -0.0000 -0.0000 0.0000  0.0000  -0.0000 0.0000  0.0000  0.0000  0.0000  0.0000  0.0000  0.0000  -0.0000 0.0000  0.0000  -0.0000 
0.0000  0.0000  -0.0000 -0.0000 0.0000  -0.0000 -0.0000 0.0000  -0.0000 0.0000  -0.0000 -0.0000 0.0000  0.0000  -0.0000 0.0000  -0.0000 0.0000  -0.0000 0.0000  
0.0000  0.0000  0.0000  0.0000  -0.0000 0.0000  0.0000  0.0000  0.0000  0.0000  0.0000  0.0000  0.0000  0.0000  0.0000  0.0000  0.0000  0.0000  0.0000  0.0000  
-0.0000 0.0000  0.0000  0.0000  0.0000  0.0000  0.0000  0.0000  -0.0000 0.0000  0.0000  0.0000  0.0000  0.0000  0.0000  0.0000  0.0000  0.0000  0.0000  0.0000  
0.0000  0.0000  0.0000  0.0000  0.0000  0.0000  0.0000  0.0000  0.0000  -0.0000 0.0000  0.0000  0.0000  0.0000  -0.0000 -0.0000 -0.0000 0.0000  0.0000  0.0000  
0.0000  0.0000  0.0000  0.0000  0.0000  0.0000  0.0000  0.0000  0.0000  -0.0000 0.0000  -0.0000 0.0000  0.0000  0.0000  0.0000  0.0000  0.0000  0.0000  0.0000  
-0.0000 0.0000  -0.0000 -0.0000 -0.0000 0.0000  0.0000  -0.0000 0.0000  -0.0000 0.0000  0.0000  0.0000  0.0000  -0.0000 -0.0000 -0.0000 0.0000  0.0000  -0.0000 
-0.0000 0.0000  -0.0000 -0.0000 -0.0000 0.0000  0.0000  -0.0000 0.0000  0.0000  0.0000  0.0000  0.0000  -0.0000 0.0000  -0.0000 -0.0000 0.0000  0.0000  -0.0000 
0.0000  0.0000  0.0000  -0.0000 0.0000  -0.0000 0.0000  0.0000  0.0000  0.0000  0.0000  0.0000  0.0000  0.0000  -0.0000 0.0000  -0.0000 0.0000  0.0000  0.0000  
-0.0000 0.0000  0.0000  0.0000  0.0000  -0.0000 0.0000  0.0000  0.0000  -0.0000 0.0000  -0.0000 0.0000  0.0000  -0.0000 0.0000  0.0000  0.0000  0.0000  0.0000  
0.0000  0.0000  0.0000  0.0000  0.0000  0.0000  0.0000  0.0000  0.0000  0.0000  0.0000  -0.0000 0.0000  0.0000  -0.0000 0.0000  0.0000  0.0000  0.0000  0.0000  
-0.0000 0.0000  0.0000  0.0000  0.0000  0.0000  0.0000  -0.0000 -0.0000 0.0000  0.0000  0.0000  0.0000  0.0000  -0.0000 0.0000  -0.0000 0.0000  0.0000  -0.0000 
-0.0000 0.0000  -0.0000 -0.0000 0.0000  0.0000  -0.0000 0.0000  0.0000  -0.0000 0.0000  -0.0000 0.0000  -0.0000 -0.0000 -0.0000 -0.0000 0.0000  0.0000  0.0000  
0.0000  0.0000  -0.0000 -0.0000 0.0000  0.0000  0.0000  -0.0000 0.0000  0.0000  0.0000  0.0000  -0.0000 0.0000  0.0000  0.0000  0.0000  0.0000  0.0000  0.0000  
0.0000  0.0000  0.0000  0.0000  -0.0000 0.0000  -0.0000 -0.0000 0.0000  0.0000  0.0000  -0.0000 0.0000  -0.0000 0.0000  0.0000  -0.0000 0.0000  0.0000  0.0000  
0.0000  0.0000  0.0000  0.0000  -0.0000 0.0000  0.0000  -0.0000 0.0000  -0.0000 0.0000  0.0000  0.0000  0.0000  0.0000  0.0000  0.0000  0.0000  0.0000  0.0000  
-0.0000 0.0000  0.0000  -0.0000 0.0000  0.0000  0.0000  0.0000  0.0000  0.0000  0.0000  0.0000  0.0000  0.0000  0.0000  0.0000  0.0000  0.0000  0.0000  0.0000  
0.0000  0.0000  -0.0000 0.0000  0.0000  0.0000  0.0000  0.0000  0.0000  0.0000  0.0000  -0.0000 0.0000  0.0000  0.0000  0.0000  -0.0000 0.0000  0.0000  0.0000  
H 0.628 E 0.847    2.107   1.176   0.383   3.067   2.262   0.201   3.487   2.385  -1.259   4.433   2.017   1.182   4.216   2.672   2.514
Kernel d0: 0.49 sigma: 0.05 SUM:    18.31 maxCount:   1.99 PSEUDO 200+0.2
0.0000  0.0000  0.0000  -0.0000 0.0000  0.0000  0.0000  0.0000  0.0000  0.0000  0.0000  0.0000  -0.0000 0.0000  0.0000  0.0000  -0.0000 0.0000  -0.0000 0.0000  
0.0000  0.0000  0.0000  -0.0000 0.0000  0.0000  0.0000  0.0000  -0.0000 0.0000  0.0000  0.0000  0.0000  0.0000  0.0000  0.0000  0.0000  0.0000  0.0000  0.0000  
0.0000  0.0000  -0.0000 -0.0000 0.0000  -0.0000 -0.0000 0.0000  -0.0000 0.0000  0.0000  -0.0000 0.0000  0.0000  0.0000  -0.0000 -0.0000 0.0000  0.0000  0.0000  
-0.0000 0.0000  0.0000  -0.0000 -0.0000 0.0000  0.0000  0.0000  -0.0000 -0.0000 0.0000  -0.0000 -0.0000 0.0000  0.0000  0.0000  -0.0000 0.0000  0.0000  -0.0000 
0.0000  0.0000  0.0000  -0.0000 -0.0000 0.0000  0.0000  0.0000  0.0000  0.0000  0.0000  -0.0000 0.0000  0.0000  0.0000  0.0000  0.0000  0.0000  0.0000  0.0000  
0.0000  0.0000  -0.0000 0.0000  0.0000  0.0000  0.0000  0.0000  0.0000  -0.0000 0.0000  0.0000  -0.0000 -0.0000 -0.0000 -0.0000 -0.0000 0.0000  0.0000  0.0000  
0.0000  0.0000  0.0000  0.0000  0.0000  0.0000  0.0000  0.0000  0.0000  0.0000  0.0000  0.0000  0.0000  0.0000  0.0000  0.0000  0.0000  -0.0000 0.0000  0.0000  
0.0000  0.0000  0.0000  0.0000  0.0000  -0.0000 0.0000  -0.0000 0.0000  0.0000  0.0000  0.0000  -0.0000 0.0000  -0.0000 0.0000  -0.0000 0.0000  0.0000  0.0000  
0.0000  0.0000  0.0000  0.0000  0.0000  0.0000  -0.0000 0.0000  0.0000  0.0000  -0.0000 0.0000  0.0000  0.0000  -0.0000 -0.0000 -0.0000 0.0000  -0.0000 0.0000  
0.0000  0.0000  -0.0000 0.0000  0.0000  0.0000  0.0000  0.0000  -0.0000 0.0000  0.0000  0.0000  0.0000  0.0000  0.0000  -0.0000 0.0000  -0.0000 0.0000  0.0000  
0.0000  0.0000  0.0000  0.0000  0.0000  0.0000  0.0000  0.0000  0.0000  0.0000  0.0000  0.0000  0.0000  0.0000  0.0000  0.0000  0.0000  0.0000  0.0000  0.0000  
-0.0000 0.0000  -0.0000 0.0000  -0.0000 0.0000  0.0000  0.0000  -0.0000 -0.0000 -0.0000 0.0000  0.0000  0.0000  -0.0000 0.0000  0.0000  0.0000  0.0000  -0.0000 
0.0000  0.0000  -0.0000 -0.0000 0.0000  0.0000  0.0000  0.0000  -0.0000 0.0000  -0.0000 0.0000  0.0000  0.0000  -0.0000 0.0000  -0.0000 0.0000  0.0000  0.0000  
0.0000  0.0000  -0.0000 -0.0000 0.0000  0.0000  0.0000  0.0000  -0.0000 0.0000  0.0000  0.0000  0.0000  0.0000  -0.0000 0.0000  0.0000  0.0000  0.0000  0.0000  
0.0000  0.0000  -0.0000 -0.0000 0.0000  0.0000  0.0000  0.0000  0.0000  0.0000  0.0000  -0.0000 0.0000  -0.0000 -0.0000 -0.0000 -0.0000 -0.0000 0.0000  -0.0000 
0.0000  0.0000  0.0000  -0.0000 0.0000  0.0000  0.0000  0.0000  0.0000  -0.0000 0.0000  0.0000  0.0000  0.0000  0.0000  0.0000  0.0000  0.0000  0.0000  0.0000  
0.0000  0.0000  0.0000  0.0000  0.0000  0.0000  0.0000  0.0000  0.0000  -0.0000 0.0000  0.0000  -0.0000 0.0000  0.0000  0.0000  -0.0000 0.0000  0.0000  0.0000  
-0.0000 0.0000  0.0000  -0.0000 0.0000  0.0000  0.0000  0.0000  0.0000  -0.0000 0.0000  0.0000  -0.0000 0.0000  0.0000  0.0000  0.0000  -0.0000 0.0000  0.0000  
0.0000  0.0000  0.0000  -0.0000 -0.0000 0.0000  0.0000  0.0000  0.0000  0.0000  0.0000  0.0000  0.0000  0.0000  0.0000  0.0000  0.0000  -0.0000 0.0000  0.0000  
0.0000  0.0000  0.0000  0.0000  0.0000  0.0000  0.0000  -0.0000 0.0000  0.0000  0.0000  0.0000  0.0000  0.0000  0.0000  0.0000  0.0000  -0.0000 -0.0000 0.0000  
