H 0.144 E 0.129    2.151   1.143  -0.050   3.044   2.299  -0.025   3.357   2.780  -1.437   4.484   1.919   0.794   4.328   2.235   2.252
Kernel d0: 0.49 sigma: 0.05 SUM:   288.11 maxCount:  12.59 PSEUDO 200+0.2
0.1868  0.1061  0.6057  -0.2912 0.0230  0.0681  0.6019  0.3065  0.4976  0.5719  -0.6184 0.3168  0.6695  -0.2725 0.5988  0.4637  0.7490  0.2171  0.2564  0.1727  
0.5506  0.2903  0.2056  0.1588  -0.4145 0.5064  0.2022  -0.1036 0.1305  -0.3856 0.2422  0.2233  0.2744  0.1642  0.1995  0.4014  -0.4905 -0.4317 0.2414  -1.0586 
-0.5931 0.2357  0.1622  -0.7013 -1.3991 -0.5360 -1.0720 -0.8254 -1.1902 0.5690  -0.5952 0.1772  0.2216  0.1278  0.1570  0.3386  -0.1538 -1.1762 0.1927  -0.7041 
0.4882  0.2343  0.1611  0.1225  -0.5287 -0.5236 0.1583  -0.1567 0.0996  -0.6647 0.1922  0.1761  0.2202  0.1269  -0.4503 0.3369  -1.3340 -0.4157 0.1915  0.3634  
-0.2397 0.5001  0.3979  0.3301  -0.1577 -0.4943 0.3933  0.2936  0.2839  0.2286  0.4449  0.4213  0.4826  -0.7605 0.3895  -0.4041 0.1705  0.1339  0.4440  0.6267  
-0.6421 0.4861  0.3837  0.3166  -0.5937 0.6732  0.3791  -0.4337 0.2713  -0.1704 0.4306  -0.3631 0.4685  0.3247  -0.1369 0.3715  0.0080  0.0478  0.4297  -0.1712 
-0.5023 0.2108  -1.1188 0.1082  -0.5034 0.4114  0.1406  -1.1437 0.0877  -1.4865 0.1717  0.1569  0.1977  0.1121  0.1385  -0.8196 -0.6783 -1.0678 0.1711  -0.8468 
0.1355  0.5962  0.5025  0.4339  0.0678  0.7399  0.4980  0.7841  0.3840  0.7216  0.5469  0.5249  0.5809  0.4426  0.4943  0.3550  -0.3579 0.8004  0.5461  0.6989  
-1.2144 -0.4623 0.0973  0.0723  0.3133  -0.7991 0.0954  -1.2570 0.0580  0.0087  0.1182  -1.1781 0.1378  0.0750  0.0939  0.2268  0.2365  0.4991  0.1177  0.2489  
-0.0516 -0.0447 0.6207  -0.6910 0.5243  0.7878  0.6171  0.0612  0.5155  0.5162  0.0279  0.6387  0.6817  0.5697  0.6140  0.0127  0.4035  0.3647  0.6553  0.7624  
0.5978  -0.3506 0.2478  0.1944  0.2422  0.5569  0.2440  0.6544  0.1612  0.5723  0.2884  0.2676  0.3235  0.2006  0.2409  0.4552  -0.4844 0.1574  0.2876  0.4822  
-1.3353 -1.6650 0.1868  0.1433  -1.4290 -0.7128 -1.0493 -2.1397 0.1172  -1.7787 -1.2556 0.2034  0.2518  0.1483  0.1811  -0.6746 -1.3592 -1.7501 -0.9783 0.4023  
0.5241  0.2652  0.1854  0.1422  0.4729  0.4786  0.1822  0.5898  0.1163  0.5995  0.2196  0.2019  0.2501  0.1471  0.1797  0.3731  0.3852  0.6407  0.2189  0.4002  
-0.6720 0.2416  0.1668  -1.1459 0.4450  0.4508  0.1639  -0.8546 -1.5361 -0.8327 0.1987  0.1822  0.2273  0.1316  0.1616  -0.1607 -0.7187 -0.0199 0.1980  -1.0466 
0.4922  -0.9218 0.1636  0.1245  0.4399  0.4457  0.1608  -0.7758 0.1013  -0.9187 -0.8553 -1.0485 0.2233  0.1289  0.1584  0.3408  -1.0153 -1.0137 0.1944  0.3674  
-0.3634 -1.3935 -0.1998 0.2799  -0.1917 0.6450  -0.7557 -0.3161 0.2375  -0.6547 -0.0883 0.3671  0.4284  -1.1531 0.1261  -0.2612 0.5686  -0.2662 0.3895  0.5819  
0.2278  -0.5638 0.3296  0.2665  0.6291  -0.0228 0.3252  0.2068  0.2253  0.5315  0.3752  0.3521  0.4131  0.2740  0.3216  0.1790  -0.7130 0.2803  0.3743  0.5684  
0.7628  0.6031  0.5105  0.4422  0.6249  0.3342  -0.3924 0.7865  0.3922  0.3073  -0.2610 0.5327  0.5881  0.4509  0.5024  0.6873  0.6948  0.6607  0.5537  0.7002  
0.5065  0.2497  0.1731  0.1322  0.4547  0.4605  -1.0720 0.5739  0.1078  -0.1900 -0.3771 0.1888  0.2350  0.1368  0.1677  0.3551  0.3670  0.4569  -0.9426 -0.6616 
0.4043  0.4186  0.3180  0.2560  -0.0859 -0.6216 0.3137  0.5492  0.2158  -0.3270 -0.1605 0.3402  0.4008  0.2634  0.3101  0.1705  0.5435  -0.0951 0.3622  0.5573  
H 0.144 E 0.129    2.147   1.155  -0.127   3.011   2.330  -0.190   2.750   3.135  -1.458   4.646   1.869  -0.118   5.094   1.840   1.313
Kernel d0: 0.49 sigma: 0.05 SUM:   163.92 maxCount:   8.45 PSEUDO 200+0.2
-0.0736 -0.0692 0.3384  -0.0809 0.2109  -0.0413 0.3356  0.3559  0.2630  0.3515  -0.6676 0.3523  0.3867  -0.1795 0.3333  0.4189  0.4514  0.2146  0.0266  0.3668  
0.2990  0.1385  0.0942  0.0712  0.0995  0.2688  0.0925  0.0144  0.0577  -0.2492 0.1129  0.1032  0.1299  0.0738  0.0911  0.2022  -0.3302 -0.1628 0.1125  -0.5324 
-0.5629 0.1095  0.0728  -0.2030 -0.2779 -0.6244 -0.1379 -0.2060 -1.0404 0.3119  -0.5601 0.0801  0.1023  0.0564  0.0703  0.1654  -0.2371 -0.3902 0.0878  0.1054  
0.2568  0.1088  0.0723  0.0539  0.1370  -0.6282 0.0709  0.1126  0.0434  -0.1521 0.0875  0.0795  0.1016  0.0560  -0.3902 0.1644  -0.7033 0.2723  0.0871  0.1797  
-0.5254 0.2646  0.2001  0.1605  -0.3395 -0.6958 0.1973  0.3689  0.1350  0.2302  0.2290  0.2143  0.2531  -0.7195 0.1951  -0.5790 -0.0015 0.3152  0.2284  0.3540  
-0.6563 0.2554  0.1916  0.1530  -0.3015 0.3896  0.1889  -0.3641 0.1282  -0.3781 0.2201  0.0939  0.2440  0.1575  -0.7670 -0.0610 -0.0061 0.0828  0.2195  -0.3102 
-0.1861 0.0968  -0.9960 0.0473  -0.3398 0.2082  0.0625  -0.5757 0.0380  -0.7827 0.0774  0.0702  0.0902  0.0491  0.0615  -0.8160 -0.6912 -0.6282 0.0771  -0.7843 
-0.1132 0.3314  0.2662  0.2221  -0.1404 0.4438  0.2633  0.4818  0.1918  0.4826  0.2964  0.2813  0.3204  0.2275  0.2608  0.1262  -0.3980 0.4962  0.2958  0.4100  
-1.0032 -0.4094 0.0423  0.0311  0.1511  -0.6086 0.0415  -0.9143 0.0248  -0.0226 0.0520  -1.0355 0.0611  0.0323  0.0408  0.1049  0.1099  0.2640  0.0517  0.1164  
-0.1697 0.2217  0.3495  -0.6283 0.4632  0.4851  0.3467  0.1488  0.2749  0.4576  0.1309  0.3630  0.3963  0.3124  0.3445  -0.0050 0.4302  0.4589  0.3757  0.4629  
0.3326  -0.2393 0.1158  0.0886  0.2918  0.3033  0.1138  0.3750  0.0723  0.3812  0.1375  0.1263  0.1568  0.0917  0.1122  0.2355  -0.5158 0.0786  0.1370  0.2529  
-1.1425 -0.6346 0.0848  0.0637  -0.7296 -0.6010 -0.9136 -1.8847 0.0515  -1.2969 -0.9443 0.0931  0.1179  0.0661  0.0820  -0.7281 -1.2577 -1.1656 -0.2613 0.2027  
0.2807  0.1250  0.0841  0.0632  0.2468  0.2506  0.0825  0.3268  0.0510  0.3338  0.1013  0.0923  0.1170  0.0655  0.0813  0.1853  0.1925  0.3645  0.1009  0.2015  
-0.4569 0.1126  0.0750  -0.8893 0.2291  0.2327  0.0736  -0.4179 -1.0507 -0.7561 0.0907  0.0825  0.1052  0.0582  0.0725  -0.1210 -0.2167 0.3071  0.0904  -0.4472 
0.2594  -0.0159 0.0735  0.0549  0.2259  0.2295  0.0721  0.1731  0.0442  -0.4140 -0.8348 -0.1938 0.1032  0.0570  0.0710  0.1666  -0.8879 -0.6727 0.0886  0.1820  
-0.5566 -0.1414 -0.7456 0.1329  0.0209  0.3678  -0.3725 -0.3653 0.1105  -0.6965 -0.1855 0.1818  0.2187  -0.9436 0.1640  -0.3174 0.3116  -0.0649 0.1950  0.3210  
-0.1607 -0.2651 0.1603  0.1257  0.3557  -0.2465 0.1578  0.0027  0.1042  0.2579  0.1866  0.1731  0.2093  0.1297  0.1558  -0.0169 -0.6680 0.0589  0.1860  0.3114  
0.4632  0.3365  0.2716  0.2273  0.4447  0.0803  -0.4975 0.4839  0.1967  0.1832  0.1472  0.2866  0.3255  0.2327  0.2661  0.4008  0.4068  0.4978  0.3011  0.4139  
0.2689  0.1168  0.0781  0.0585  0.2352  0.2389  -0.8197 0.3154  0.0471  -0.2685 -0.3648 0.0858  0.1092  0.0607  0.0754  0.1748  0.1818  0.3539  0.0414  -0.7186 
0.2225  0.2127  0.1538  0.1201  0.3485  -0.7296 0.1513  0.2777  0.0993  -0.2686 -0.0624 0.1663  0.2018  0.1240  0.1494  0.2275  0.2940  -0.2564 0.1790  0.3037  
H 0.144 E 0.129    2.158   1.129  -0.013   3.062   2.274   0.049   3.970   2.323  -1.174   3.998   2.216   1.467   3.286   2.947   2.566
Kernel d0: 0.49 sigma: 0.05 SUM:   290.52 maxCount:  12.19 PSEUDO 200+0.2
0.3619  0.1134  0.6107  -0.2906 -0.0363 0.0647  0.4801  0.2592  0.5022  0.5691  -0.5974 -0.2181 0.6746  -0.2698 0.6037  0.1967  0.7542  0.1325  0.3154  0.0314  
0.5554  0.2936  0.2081  0.1608  -0.6628 0.5111  0.2047  -0.1021 0.1322  -0.4789 0.2450  0.2260  0.2775  0.1663  0.2019  0.4054  -0.4872 -0.5262 0.2442  -1.0596 
0.0099  0.2384  0.1642  -0.7068 -1.4681 -0.0458 -1.0929 -0.8372 -0.9555 0.5739  -0.2051 0.1794  0.2242  0.1294  0.1590  0.3422  -0.1335 -1.2258 0.1951  -0.7382 
0.4927  0.2370  0.1631  0.1241  -0.5539 0.3592  0.1603  -0.1614 0.1010  -0.6717 0.1945  0.1782  0.2228  0.1285  -0.4438 0.3405  -1.3430 -0.4650 0.1939  0.3672  
0.1457  0.5047  0.4020  0.3336  0.2225  -0.1533 0.3973  0.1319  0.2871  0.0344  0.4492  0.4254  0.4871  -0.7384 0.3935  -0.0039 0.1777  0.0905  0.4483  0.6318  
-0.4820 0.4907  0.3876  0.3200  -0.7426 0.6783  0.3831  -0.3202 0.2744  -0.1342 0.4349  -0.3764 0.4729  0.3283  0.3793  0.5978  -0.0407 0.0527  0.4339  -0.0969 
-0.5018 0.2133  -1.0117 0.1096  -0.5010 0.4155  0.1424  -1.1523 0.0888  -1.4941 0.1738  0.1589  0.2001  0.1136  0.1403  -0.5691 -0.5308 -1.1773 0.1732  -0.8419 
0.2477  0.1331  0.5071  0.4382  0.0492  0.7451  0.5026  0.7893  0.3880  0.7190  0.5517  0.5296  0.5859  0.4469  0.4989  0.3627  -0.3050 0.8056  0.5508  0.7040  
-1.2120 -0.4443 0.0985  0.0732  0.3168  -0.7963 0.0967  -1.2367 0.0588  0.0117  0.1197  -0.6829 0.1395  0.0760  0.0951  0.2295  0.2393  0.5037  0.1193  0.2518  
-0.0931 -0.1933 0.6257  -0.6865 0.4036  0.7930  0.6221  0.0667  0.5202  0.5171  0.0322  0.6438  0.6868  0.5746  0.6190  0.0169  0.3918  0.1869  0.6604  0.6091  
0.6028  -0.3470 0.2507  0.1967  0.1982  0.5617  0.2468  0.6595  0.1632  0.1598  0.2917  0.2706  0.3270  0.2030  0.2437  0.4595  -0.4770 0.1618  0.2908  0.4867  
-1.2216 -1.7047 0.1891  0.1452  -1.4679 -0.5125 -1.0413 -2.1067 0.1188  -1.7796 -1.2539 0.2059  0.2547  0.1502  0.1833  0.1841  -1.0972 -1.7811 -0.9845 -0.1626 
0.5288  0.2682  0.1876  0.1440  0.4774  0.4831  0.1845  0.5947  0.1178  0.6045  0.2222  0.2043  0.2530  0.1489  0.1819  0.3770  0.3891  0.6458  0.2215  0.4043  
-0.6708 0.2445  0.1689  -1.1459 0.4493  0.4552  0.1660  -0.8660 -1.5386 -0.8262 0.2011  0.1844  0.2300  0.1333  0.1636  -0.1587 -0.7210 -0.0861 0.2004  -1.0529 
0.4967  -0.9532 0.1657  0.1261  0.4442  0.4501  -0.3539 -1.0567 0.1027  -0.9605 0.1501  -1.0593 0.2260  0.1306  0.1604  0.3444  -0.7293 -1.0168 0.1967  0.3712  
0.1462  -1.4299 0.3480  0.2831  -0.3448 0.6501  -0.7562 -0.3016 0.2403  -0.5055 -0.0796 0.3709  0.4327  -1.1482 -0.3540 -0.2562 0.5734  -0.3701 0.3935  0.5868  
0.6725  -0.5641 0.3332  0.2695  0.3125  0.5744  0.3288  0.1051  0.2280  0.6563  0.3791  0.3558  0.4172  0.2771  0.3251  0.2648  -0.6413 0.3221  0.3782  0.5732  
0.7680  0.6081  0.5151  0.4465  0.3309  0.3500  -0.3769 0.7917  0.3962  0.3633  -0.2663 0.5374  0.5930  0.4552  0.5070  0.6925  0.7000  0.4258  0.5585  0.6221  
0.5112  0.2526  0.1752  0.1338  0.4591  0.4649  -1.0688 0.5788  0.1092  -0.1846 -0.3486 0.1911  0.2378  0.1386  0.1697  0.3589  0.3709  -0.0598 -1.0125 0.2189  
0.4094  0.0835  0.3215  0.2589  -0.4946 -0.4240 0.3171  0.5634  0.2184  -0.5868 -0.3861 0.3438  0.4048  0.2664  0.3135  0.1629  0.5483  0.0230  0.3660  0.5622  
H 0.144 E 0.129    2.094   1.186   0.339   2.980   2.346   0.380   4.405   1.961  -0.001   2.960   3.053   1.926   1.886   4.097   1.985
Kernel d0: 0.49 sigma: 0.05 SUM:   106.12 maxCount:   5.32 PSEUDO 200+0.2
0.2726  0.2217  0.1938  -0.0314 -0.2649 -0.1026 -0.3755 0.0129  0.1434  0.2760  0.1696  -0.4622 0.2288  0.0721  0.1903  -0.1488 0.2793  0.0548  0.2131  -0.1143 
0.1669  0.0699  0.0463  0.0345  -0.5765 0.1472  0.0454  0.0235  0.0277  -0.3124 0.0561  0.0510  0.0652  0.0358  0.0447  0.1061  -0.0290 -0.2608 0.0559  -0.1838 
-0.0575 0.0543  0.0353  -0.1555 -1.0798 0.1217  -0.5816 -0.4591 0.0209  0.1756  0.0431  0.0390  0.0505  0.0271  0.0340  0.0848  0.0886  -0.7734 0.0429  -0.5451 
0.1395  0.0539  0.0350  0.0259  -0.4800 0.1210  0.0344  -0.1251 0.0207  -0.3078 0.0428  0.0387  0.0501  0.0269  0.0338  0.0843  -0.5692 -0.5303 0.0426  0.0930  
-0.1481 0.1445  0.1049  0.0821  0.2168  0.2365  0.1032  -0.1175 0.0680  -0.1043 0.1222  0.1133  0.1372  0.0848  0.1019  0.1934  0.1939  -0.0280 0.1219  0.2049  
0.1432  0.1386  0.0999  0.0779  -0.5256 0.2310  0.0983  0.0117  0.0643  0.2690  0.1168  -0.2607 0.1315  0.0804  0.0970  0.1873  -0.1353 0.0672  0.1164  -0.2066 
0.0521  0.0476  0.0307  0.0226  0.0176  0.1097  0.0301  -0.3348 0.0181  -0.7546 0.0377  0.0340  0.0442  0.0235  0.0296  0.0753  0.0789  -0.5828 0.0375  -0.7027 
0.2868  -0.3854 0.1455  0.1180  0.0788  0.2731  0.1436  0.3046  0.1000  0.2565  0.1652  0.1552  0.1814  0.1213  0.1420  0.2316  0.1328  0.3170  0.1648  0.2465  
-0.0075 0.0318  0.0202  0.0147  0.0769  0.0380  0.0198  -0.1761 0.0117  0.0875  0.0249  0.0224  0.0294  0.0153  0.0194  0.0519  0.0545  0.1441  0.0248  0.0580  
-0.0856 -0.2264 0.2017  0.0381  -0.0281 0.3074  0.1997  0.1018  0.1511  0.2053  0.2058  0.2114  0.2360  0.1759  0.1981  0.2032  0.0585  -0.1384 0.2207  0.1341  
0.1898  0.0669  0.0576  0.0434  -0.0578 0.1698  0.0566  0.2201  0.0351  -0.1920 0.0693  0.0632  0.0800  0.0450  0.0557  0.1262  0.1128  0.2009  0.0691  0.1370  
-0.3985 -0.9065 0.0414  0.0308  -1.0964 0.0025  0.0406  -0.8788 0.0247  -0.6042 -0.0633 0.0457  0.0588  0.0319  0.0400  0.0970  -0.0438 -1.0740 -0.1622 -0.3353 
0.1549  0.0626  0.0411  0.0305  0.1332  0.1356  0.0403  0.1858  0.0244  0.1907  0.0500  0.0453  0.0583  0.0317  0.0396  0.0962  0.1004  0.2125  0.0498  0.1057  
0.0093  0.0559  0.0364  -0.0407 0.1223  0.1245  0.0357  -0.1919 -0.1859 -0.0192 0.0445  0.0403  0.0520  0.0280  0.0351  0.0496  -0.0894 -0.2349 0.0443  -0.3640 
0.1411  -0.5780 0.0357  0.0263  0.1203  0.1225  -0.3431 -0.8721 0.0211  -0.4629 0.0435  -0.4702 0.0510  0.0274  0.0344  0.0855  0.0372  -0.2949 0.0434  0.0943  
0.2176  -0.9970 0.0867  0.0668  -0.4089 0.2149  -0.0151 0.0115  0.0548  -0.3403 0.1022  0.0942  0.1160  -0.0196 -0.3749 0.1328  0.1753  -0.1026 0.1019  0.1818  
0.2276  -0.0592 0.0820  0.0629  -0.3261 0.2085  0.0806  0.0949  0.0515  0.2588  0.0970  0.0892  0.1103  0.0651  0.0794  0.1636  0.1091  0.1496  0.0967  0.1753  
0.2890  0.1925  0.1489  0.1212  -0.0634 0.2757  0.1470  0.3064  0.1029  0.2069  -0.1585 0.1587  0.1849  0.1245  0.1454  0.2394  0.2440  -0.0075 0.1683  0.1787  
0.1472  0.0582  0.0380  0.0281  0.1260  0.1283  -0.0541 0.1779  0.0225  0.1557  0.0463  0.0419  0.0541  0.0292  0.0366  0.0902  0.0942  -0.3278 -0.7306 0.0993  
0.2098  -0.3219 0.0783  0.0599  -0.6802 0.1608  0.0770  0.2505  0.0490  -0.3763 -0.2347 0.0853  0.1059  0.0620  0.0759  0.0459  0.1636  0.2296  0.0926  0.1700  
H 0.144 E 0.129    2.132   1.148   0.251   3.000   2.313   0.403   3.690   2.658  -0.911   4.159   2.035   1.616   3.617   2.491   2.939
Kernel d0: 0.49 sigma: 0.05 SUM:   298.48 maxCount:  12.59 PSEUDO 200+0.2
0.2548  0.1248  0.6253  -0.2798 0.0118  0.0766  0.6214  0.2616  0.5152  0.5844  -0.6028 -0.1271 0.6899  -0.2591 0.6182  0.4103  0.7702  0.1590  0.2789  0.0437  
0.5692  0.3024  0.2147  0.1661  -0.6430 0.5242  0.2112  -0.0897 0.1366  -0.4682 0.2526  0.2331  0.2860  0.1717  0.2084  0.4167  -0.4817 -0.5096 0.2518  -1.0533 
-0.3092 0.2459  0.1696  -0.7066 -1.4574 -0.4633 -1.0912 -0.8273 -1.1653 0.5879  -0.5487 0.1852  0.2313  0.1337  0.1642  0.3522  -0.1430 -1.2140 0.2014  -0.7307 
0.5056  0.2444  0.1685  0.1283  -0.5442 -0.1309 0.1656  -0.1497 0.1044  -0.6605 0.2008  0.1840  0.2299  0.1328  -0.4476 0.3504  -1.3388 -0.4514 0.2001  0.3777  
0.1795  0.5177  0.4132  0.3434  0.1040  -0.3610 0.4084  0.1731  0.2958  0.0670  0.4613  0.4371  0.4999  -0.7541 0.4045  -0.2124 0.1879  0.1076  0.4604  0.6466  
-0.5861 0.5035  0.3986  0.3295  -0.7183 0.6937  0.3939  -0.3954 0.2827  -0.1498 0.4467  -0.3680 0.4855  0.3379  0.3900  0.6023  -0.0249 0.0607  0.4457  -0.0833 
-0.4940 0.2201  -1.1157 0.1133  -0.4991 0.4270  0.1472  -1.1422 0.0919  -1.4848 0.1795  0.1641  0.2065  0.1174  0.1450  -0.7980 -0.6425 -1.1728 0.1789  -1.0183 
0.1689  0.5155  0.5202  0.4501  0.0841  0.7611  0.5156  0.8057  0.3989  0.7354  0.5655  0.5430  0.6001  0.4589  0.5118  0.3742  -0.3370 0.8221  0.5646  0.7197  
-1.2086 -0.4608 0.1019  0.0758  0.3261  -0.7944 0.1000  -1.2583 0.0609  0.0214  0.1238  -1.1336 0.1442  0.0787  0.0984  0.2367  0.2467  0.5168  0.1233  0.2596  
-0.0429 -0.1001 0.6405  -0.6782 0.5217  0.8094  0.6368  0.0767  0.5335  0.5332  0.0420  0.6588  0.7023  0.5887  0.6337  0.0312  0.4074  0.2181  0.6756  0.7415  
0.6173  -0.3434 0.2584  0.2031  0.2117  0.5756  0.2545  0.6746  0.1686  0.3557  0.3005  0.2789  0.3366  0.2095  0.2513  0.4718  -0.4724 0.1752  0.2996  0.4995  
-1.2212 -1.7021 0.1952  0.1500  -1.4796 -0.6914 -1.0485 -2.1270 0.1228  -1.7697 -1.2562 0.2124  0.2626  0.1551  0.1892  -0.3200 -1.3176 -1.7737 -0.9831 0.2407  
0.5422  0.2764  0.1937  0.1488  0.4900  0.4958  0.1904  0.6091  0.1218  0.6190  0.2292  0.2108  0.2608  0.1539  0.1878  0.3877  0.4001  0.6608  0.2285  0.4155  
-0.6620 0.2521  0.1744  -1.1496 0.4614  0.4674  0.1714  -0.8565 -1.5430 -0.8221 0.2075  0.1904  0.2372  0.1378  0.1689  -0.1518 -0.7154 -0.0703 0.2068  -1.0471 
0.5096  -0.9506 0.1711  0.1304  0.4562  0.4622  0.0045  -0.9814 0.1062  -0.9509 -0.1750 -1.0589 0.2331  0.1350  0.1657  0.3544  -0.9280 -1.0065 0.2031  0.3818  
-0.0863 -1.4204 0.3236  0.2916  -0.3561 0.6652  -0.7515 -0.3274 0.2478  -0.6274 -0.0765 0.3815  0.4444  -1.1500 -0.2814 -0.2470 0.5875  -0.3322 0.4045  0.6010  
0.6517  -0.5559 0.3429  0.2778  0.5941  0.3223  0.3384  0.1541  0.2351  0.5671  0.3899  0.3660  0.4287  0.2856  0.3347  0.2006  -0.6890 0.3010  0.3889  0.5873  
0.7842  0.6227  0.5283  0.4586  0.3739  0.3552  -0.3785 0.8081  0.4073  0.3213  -0.2553 0.5510  0.6074  0.4674  0.5200  0.7080  0.7155  0.4808  0.5723  0.6792  
0.5243  0.2604  0.1809  0.1383  0.4713  0.4773  -1.0729 0.5930  0.1129  -0.1749 -0.3695 0.1973  0.2452  0.1432  0.1753  0.3692  0.3814  0.0226  -1.0092 -0.3689 
0.4229  0.3967  0.3309  0.2669  -0.4616 -0.5894 0.3265  0.5704  0.2253  -0.4564 -0.3635 0.3538  0.4161  0.2745  0.3228  0.1787  0.5620  -0.0637 0.3765  0.5761  
H 0.144 E 0.129    2.072   1.184   0.430   2.930   2.359   0.555   2.634   3.120   1.842   2.732   3.383  -0.788   3.713   3.003  -1.856
Kernel d0: 0.49 sigma: 0.05 SUM:    11.82 maxCount:   2.45 PSEUDO 200+0.2
0.0000  0.0000  0.0000  0.0000  0.0000  0.0000  0.0000  0.0000  0.0000  0.0000  0.0000  0.0000  0.0000  0.0000  0.0000  0.0000  0.0000  0.0000  0.0000  0.0000  
0.0000  0.0000  0.0000  0.0000  0.0000  0.0000  0.0000  0.0000  0.0000  0.0000  0.0000  0.0000  0.0000  0.0000  0.0000  0.0000  0.0000  0.0000  0.0000  0.0000  
0.0000  0.0000  0.0000  0.0000  0.0000  0.0000  0.0000  0.0000  0.0000  0.0000  0.0000  0.0000  0.0000  0.0000  0.0000  0.0000  0.0000  0.0000  0.0000  0.0000  
0.0000  0.0000  0.0000  0.0000  0.0000  0.0000  0.0000  0.0000  0.0000  0.0000  0.0000  0.0000  0.0000  0.0000  0.0000  0.0000  0.0000  0.0000  0.0000  0.0000  
0.0000  0.0000  0.0000  0.0000  0.0000  0.0000  0.0000  0.0000  0.0000  0.0000  0.0000  0.0000  0.0000  0.0000  0.0000  0.0000  0.0000  0.0000  0.0000  0.0000  
0.0000  0.0000  0.0000  0.0000  0.0000  0.0000  0.0000  0.0000  0.0000  0.0000  0.0000  0.0000  0.0000  0.0000  0.0000  0.0000  0.0000  0.0000  0.0000  0.0000  
0.0000  0.0000  0.0000  0.0000  0.0000  0.0000  0.0000  0.0000  0.0000  0.0000  0.0000  0.0000  0.0000  0.0000  0.0000  0.0000  0.0000  0.0000  0.0000  0.0000  
0.0000  0.0000  0.0000  0.0000  0.0000  0.0000  0.0000  0.0000  0.0000  0.0000  0.0000  0.0000  0.0000  0.0000  0.0000  0.0000  0.0000  0.0000  0.0000  0.0000  
0.0000  0.0000  0.0000  0.0000  0.0000  0.0000  0.0000  0.0000  0.0000  0.0000  0.0000  0.0000  0.0000  0.0000  0.0000  0.0000  0.0000  0.0000  0.0000  0.0000  
0.0000  0.0000  0.0000  0.0000  0.0000  0.0000  0.0000  0.0000  0.0000  0.0000  0.0000  0.0000  0.0000  0.0000  0.0000  0.0000  0.0000  0.0000  0.0000  0.0000  
0.0000  0.0000  0.0000  0.0000  0.0000  0.0000  0.0000  0.0000  0.0000  0.0000  0.0000  0.0000  0.0000  0.0000  0.0000  0.0000  0.0000  0.0000  0.0000  0.0000  
0.0000  0.0000  0.0000  0.0000  0.0000  0.0000  0.0000  0.0000  0.0000  0.0000  0.0000  0.0000  0.0000  0.0000  0.0000  0.0000  0.0000  0.0000  0.0000  0.0000  
0.0000  0.0000  0.0000  0.0000  0.0000  0.0000  0.0000  0.0000  0.0000  0.0000  0.0000  0.0000  0.0000  0.0000  0.0000  0.0000  0.0000  0.0000  0.0000  0.0000  
0.0000  0.0000  0.0000  0.0000  0.0000  0.0000  0.0000  0.0000  0.0000  0.0000  0.0000  0.0000  0.0000  0.0000  0.0000  0.0000  0.0000  0.0000  0.0000  0.0000  
0.0000  0.0000  0.0000  0.0000  0.0000  0.0000  0.0000  0.0000  0.0000  0.0000  0.0000  0.0000  0.0000  0.0000  0.0000  0.0000  0.0000  0.0000  0.0000  0.0000  
0.0000  0.0000  0.0000  0.0000  0.0000  0.0000  0.0000  0.0000  0.0000  0.0000  0.0000  0.0000  0.0000  0.0000  0.0000  0.0000  0.0000  0.0000  0.0000  0.0000  
0.0000  0.0000  0.0000  0.0000  0.0000  0.0000  0.0000  0.0000  0.0000  0.0000  0.0000  0.0000  0.0000  0.0000  0.0000  0.0000  0.0000  0.0000  0.0000  0.0000  
0.0000  0.0000  0.0000  0.0000  0.0000  0.0000  0.0000  0.0000  0.0000  0.0000  0.0000  0.0000  0.0000  0.0000  0.0000  0.0000  0.0000  0.0000  0.0000  0.0000  
0.0000  0.0000  0.0000  0.0000  0.0000  0.0000  0.0000  0.0000  0.0000  0.0000  0.0000  0.0000  0.0000  0.0000  0.0000  0.0000  0.0000  0.0000  0.0000  0.0000  
0.0000  0.0000  0.0000  0.0000  0.0000  0.0000  0.0000  0.0000  0.0000  0.0000  0.0000  0.0000  0.0000  0.0000  0.0000  0.0000  0.0000  0.0000  0.0000  0.0000  
H 0.144 E 0.129    2.090   1.168  -0.430   2.991   2.315  -0.498   2.466   3.369  -1.465   4.548   1.818  -0.966   5.355   1.485   0.254
Kernel d0: 0.49 sigma: 0.05 SUM:    68.74 maxCount:   2.72 PSEUDO 200+0.2
-0.1723 0.0568  0.0985  0.0714  0.1118  -0.1439 0.0974  0.1427  0.0694  0.1705  -0.0953 0.1046  0.1206  0.0628  0.0964  0.1528  0.1554  0.1643  -0.0712 0.1283  
0.0826  0.0315  0.0204  0.0151  0.0701  0.0714  0.0200  0.0915  0.0120  -0.0445 0.0250  0.0226  0.0293  0.0157  0.0197  0.0495  -0.0130 0.0751  0.0249  0.0428  
-0.4622 0.0241  0.0154  0.0113  0.0564  -0.4545 0.0151  0.0727  -0.6033 0.0876  -0.3397 0.0171  0.0224  0.0118  0.0149  0.0388  -0.0861 0.0793  0.0189  0.0431  
0.0672  0.0240  0.0153  0.0112  0.0561  -0.4976 0.0150  0.0843  0.0089  0.0731  0.0188  0.0170  0.0222  0.0117  -0.0619 0.0385  -0.0120 0.1004  0.0188  0.0428  
-0.5325 0.0699  0.0489  0.0375  -0.2764 -0.5509 0.0480  0.1523  0.0306  0.1420  0.0579  0.0532  0.0659  -0.0790 0.0474  -0.3937 0.0573  0.1572  0.0577  0.1053  
-0.5236 0.0667  0.0463  0.0354  -0.1636 0.1220  0.0455  -0.1854 0.0289  -0.1583 0.0550  0.0505  0.0628  0.0366  -0.6024 -0.1612 -0.0788 0.0709  0.0549  -0.3376 
0.0471  0.0211  -0.4676 0.0098  -0.0234 0.0514  0.0131  0.0294  0.0078  0.0156  0.0165  0.0149  0.0195  0.0102  0.0129  -0.5072 -0.4295 -0.0474 0.0164  -0.5597 
-0.1623 0.0956  0.0705  0.0557  0.0060  0.1510  0.0694  0.1743  0.0464  0.1762  0.0816  0.0759  0.0910  0.0574  0.0686  0.0863  -0.2540 0.1840  0.0814  0.1324  
-0.0721 -0.0857 0.0087  0.0063  0.0349  -0.0117 0.0085  -0.2512 0.0050  0.0482  0.0108  -0.6295 0.0128  0.0066  0.0084  0.0230  0.0243  0.0697  0.0107  0.0259  
-0.0759 0.1299  0.1033  -0.0083 0.1755  0.1765  0.1022  0.1083  0.0736  0.1937  0.1060  0.1094  0.1253  0.0878  0.1012  0.1278  0.1593  0.1975  0.1153  0.1624  
0.0961  0.0224  0.0257  0.0191  0.0828  0.0843  0.0252  0.1150  0.0153  0.1180  0.0313  0.0284  0.0364  0.0198  0.0248  0.0600  -0.0529 0.1169  0.0311  0.0658  
-0.4927 -0.0311 0.0182  0.0134  -0.3512 -0.4205 -0.1962 -0.8343 0.0107  -0.0683 -0.0477 0.0202  0.0262  0.0139  0.0176  -0.5388 -0.6506 -0.2124 0.0222  0.0497  
0.0757  0.0280  0.0180  0.0133  0.0638  0.0651  0.0177  0.0937  0.0106  0.0966  0.0221  0.0200  0.0260  0.0138  0.0174  0.0445  0.0466  0.1101  0.0220  0.0493  
0.0335  0.0249  0.0159  -0.0724 0.0579  0.0591  0.0156  0.0474  -0.0887 -0.1209 0.0196  0.0177  0.0231  0.0122  0.0154  0.0291  0.0419  0.1028  0.0195  0.0237  
0.0681  0.0244  0.0156  0.0114  0.0569  0.0581  0.0153  0.0853  0.0091  -0.0325 -0.5425 0.0173  0.0226  0.0119  0.0150  0.0391  -0.5319 -0.0020 0.0191  0.0435  
-0.4765 0.0582  -0.5566 0.0301  -0.0382 0.1116  0.0203  -0.0791 0.0244  -0.5340 -0.0296 0.0435  0.0546  -0.1378 0.0384  0.0331  0.0875  0.0959  0.0474  0.0913  
-0.2653 0.0406  0.0374  0.0282  0.1061  -0.3097 0.0367  0.0834  0.0228  0.0302  0.0449  0.0410  0.0517  0.0292  0.0362  -0.0776 -0.3501 -0.0806 0.0447  0.0874  
0.1626  0.0977  0.0724  0.0574  0.1515  0.0113  -0.1510 0.1757  0.0478  0.0248  0.0836  0.0779  0.0932  0.0591  0.0705  0.1276  0.1307  0.1851  0.0834  0.1344  
0.0714  0.0260  0.0166  0.0122  0.0599  0.0611  -0.0685 0.0890  0.0097  0.0363  -0.1250 0.0184  0.0241  0.0127  0.0160  0.0415  0.0435  0.1053  0.0204  -0.5353 
0.1105  0.0527  0.0356  0.0268  0.1029  -0.5611 0.0349  0.0722  0.0217  0.0624  0.0316  0.0390  0.0494  0.0278  0.0344  0.0777  0.0807  -0.1611 0.0426  0.0844  
H 0.144 E 0.129    2.145   1.128  -0.207   3.067   2.260  -0.229   3.665   2.453  -1.618   4.306   2.039   0.914   3.888   2.636   2.225
Kernel d0: 0.49 sigma: 0.05 SUM:   299.64 maxCount:  12.61 PSEUDO 200+0.2
0.2529  0.1260  0.6280  -0.2788 0.0195  0.0731  0.6241  0.2640  0.5178  0.5871  -0.6002 -0.1200 0.6926  -0.2581 0.6209  0.4256  0.7729  0.1714  0.2796  0.0568  
0.5719  0.3043  0.2162  0.1673  -0.6314 0.5268  0.2127  -0.0884 0.1376  -0.4639 0.2543  0.2347  0.2878  0.1730  0.2098  0.4190  -0.4819 -0.4957 0.2535  -1.0527 
-0.4199 0.2475  0.1709  -0.7088 -1.4579 -0.4693 -1.0944 -0.8266 -1.1846 0.5906  -0.5572 0.1866  0.2328  0.1348  0.1654  0.3543  -0.1423 -1.2089 0.2028  -0.7304 
0.5081  0.2461  0.1697  0.1292  -0.5439 -0.1884 0.1668  -0.1482 0.1052  -0.6599 0.2022  0.1853  0.2314  0.1338  -0.4498 0.3525  -1.3393 -0.4486 0.2015  0.3799  
0.0742  0.5203  0.4155  0.3455  0.0083  -0.3702 0.4108  0.1711  0.2977  0.0897  0.4638  0.4395  0.5024  -0.7519 0.4068  -0.2444 0.1897  0.1114  0.4628  0.6493  
-0.5929 0.5060  0.4008  0.3315  -0.7097 0.6964  0.3961  -0.4134 0.2846  -0.1482 0.4491  -0.3668 0.4880  0.3400  0.3327  0.5902  -0.0208 0.0621  0.4481  -0.0816 
-0.4931 0.2216  -1.1157 0.1142  -0.4974 0.4293  0.1483  -1.1434 0.0926  -1.4849 0.1808  0.1653  0.2079  0.1183  0.1460  -0.7967 -0.6668 -1.1605 0.1802  -1.0576 
0.1635  0.5441  0.5227  0.4525  0.0870  0.7638  0.5182  0.8082  0.4012  0.7386  0.5681  0.5456  0.6028  0.4614  0.5144  0.3763  -0.3377 0.8246  0.5672  0.7223  
-1.2097 -0.4608 0.1027  0.0764  0.3281  -0.7944 0.1007  -1.2600 0.0614  0.0227  0.1247  -1.1456 0.1452  0.0793  0.0991  0.2383  0.2484  0.5193  0.1242  0.2613  
-0.0292 -0.0975 0.6432  -0.6776 0.5288  0.8120  0.6395  0.0781  0.5361  0.5357  0.0444  0.6615  0.7049  0.5913  0.6364  0.0324  0.4111  0.2322  0.6783  0.7549  
0.6200  -0.3422 0.2601  0.2045  0.2181  0.5783  0.2562  0.6773  0.1698  0.3823  0.3024  0.2807  0.3387  0.2110  0.2529  0.4743  -0.4724 0.1774  0.3015  0.5020  
-1.2267 -1.7033 0.1966  0.1511  -1.4949 -0.6889 -1.0515 -2.1277 0.1237  -1.7698 -1.2572 0.2139  0.2643  0.1563  0.1906  -0.5095 -1.3190 -1.7741 -0.9838 0.2558  
0.5448  0.2782  0.1951  0.1499  0.4925  0.4984  0.1918  0.6118  0.1227  0.6217  0.2308  0.2123  0.2625  0.1550  0.1891  0.3899  0.4023  0.6635  0.2300  0.4179  
-0.6628 0.2538  0.1757  -1.1521 0.4639  0.4698  0.1727  -0.8548 -1.5468 -0.8213 0.2090  0.1917  0.2388  0.1388  0.1702  -0.1510 -0.7151 -0.0676 0.2083  -1.0477 
0.5122  -0.9484 0.1724  0.1313  0.4587  0.4646  0.0563  -0.9594 0.1070  -0.9493 -0.3536 -1.0600 0.2347  0.1360  0.1669  0.3566  -0.9947 -1.0064 0.2045  0.3840  
-0.1259 -1.4213 0.2631  0.2935  -0.3547 0.6679  -0.7516 -0.3230 0.2495  -0.6347 -0.0759 0.3837  0.4468  -1.1512 -0.2869 -0.2456 0.5902  -0.3163 0.4068  0.6037  
0.6232  -0.5562 0.3450  0.2796  0.6280  0.1946  0.3405  0.1720  0.2367  0.5711  0.3921  0.3682  0.4310  0.2874  0.3367  0.2030  -0.6968 0.3033  0.3911  0.5900  
0.7868  0.6253  0.5309  0.4610  0.3993  0.3566  -0.3783 0.8106  0.4096  0.3258  -0.2532 0.5536  0.6100  0.4699  0.5226  0.7107  0.7182  0.5019  0.5750  0.6891  
0.5269  0.2621  0.1822  0.1394  0.4738  0.4797  -1.0758 0.5956  0.1138  -0.1735 -0.3727 0.1987  0.2469  0.1442  0.1766  0.3714  0.3837  0.0336  -1.0080 -0.4469 
0.4254  0.3985  0.3330  0.2687  -0.4448 -0.5916 0.3285  0.5721  0.2269  -0.4610 -0.3518 0.3559  0.4184  0.2763  0.3248  0.1765  0.5646  -0.0663 0.3787  0.5787  
H 0.144 E 0.129    2.145   1.149   0.178   3.006   2.318   0.340   4.183   2.271  -0.627   3.569   2.423   1.941   2.611   3.239   2.756
Kernel d0: 0.49 sigma: 0.05 SUM:   255.92 maxCount:  10.49 PSEUDO 200+0.2
0.3931  0.1318  0.5421  -0.3220 -0.1373 0.1508  -0.0209 0.2084  0.4406  0.5209  -0.4353 -0.2768 0.6029  -0.2976 0.5355  0.0752  0.6796  0.0885  0.5041  -0.0107 
0.4901  0.2517  0.1767  0.1358  -0.6975 0.4488  0.1737  -0.1426 0.1112  -0.4264 0.2089  0.1922  0.2375  0.1405  0.1713  0.3520  -0.4471 -0.5557 0.2082  -1.0694 
0.0417  0.2031  0.1387  -0.6865 -1.4858 0.3478  -1.0742 -0.8536 -0.1354 0.5074  0.1346  0.1518  0.1907  0.1088  0.1342  0.2950  0.0560  -1.2604 0.1654  -0.7575 
0.4319  0.2019  0.1378  0.1043  -0.5837 0.3889  0.1353  -0.2054 0.0846  -0.7051 0.1649  0.1508  0.1895  0.1081  -0.2968 0.2935  -1.3258 -0.5138 0.1643  0.3175  
0.0706  0.4429  0.3488  0.2873  0.2408  0.2977  0.3446  0.0680  0.2460  -0.0169 0.3919  0.3702  0.4267  -0.5028 0.3412  0.3946  0.1841  0.0355  0.3910  0.5621  
-0.2365 0.4300  0.3359  0.2752  -0.6603 0.6064  0.3317  -0.2772 0.2347  0.0888  0.3788  -0.4057 0.4136  0.2825  0.3283  0.5299  -0.0834 0.0618  0.3779  -0.1505 
-0.5156 0.1812  -0.2924 0.0920  -0.4334 0.3611  0.1200  -1.1486 0.0744  -1.4968 0.1470  0.1341  0.1697  0.0954  0.1182  0.1151  0.1030  -1.1586 0.1465  -0.7844 
0.5015  -0.1615 0.4452  0.3818  0.0561  0.6708  0.4410  0.7139  0.3362  0.6447  0.4867  0.4660  0.5187  0.3897  0.4375  0.3602  -0.0611 0.7299  0.4859  0.6311  
-1.1544 -0.2232 0.0826  0.0612  0.2723  -0.7528 0.0810  -1.1146 0.0490  -0.0166 0.1006  0.0112  0.1175  0.0636  0.0797  0.1953  0.2039  0.4420  0.1002  0.2148  
-0.1075 -0.2571 0.5563  -0.6610 0.2465  0.7176  0.5529  0.0594  0.4573  0.4459  0.0195  0.5735  0.6146  0.5081  0.5500  -0.0171 0.3239  0.1185  0.5893  0.5062  
0.5346  -0.3298 0.2139  0.1668  0.1430  0.4960  0.2105  0.5884  0.1378  0.0693  0.2500  0.2314  0.2814  0.1723  0.2077  0.4013  -0.3903 0.1143  0.2493  0.4263  
-1.1965 -1.6653 0.1602  0.1223  -1.3925 -0.1804 -0.8202 -2.0071 0.0998  -1.7755 -1.1824 0.1747  0.2174  0.1266  0.1552  0.3281  -0.8067 -1.7433 -0.9730 -0.2676 
0.4653  0.2293  0.1589  0.1213  0.4177  0.4230  0.1562  0.5270  0.0989  0.5362  0.1890  0.1734  0.2159  0.1256  0.1539  0.3263  0.3372  0.5754  0.1883  0.3509  
-0.6631 0.2084  0.1427  -1.0557 0.3920  0.3973  0.1402  -0.8809 -1.4437 -0.7361 0.1706  0.1561  0.1958  0.1122  0.1381  -0.1729 -0.7313 -0.1399 0.1700  -1.0524 
0.4356  -0.9508 0.1400  0.1060  0.3873  0.3926  -0.4407 -1.0998 0.0861  -0.9306 0.1674  -1.0458 0.1923  0.1099  0.1354  0.2970  -0.3724 -1.0099 0.1668  0.3211  
0.2687  -1.4501 0.3002  0.2424  -0.3272 0.5795  -0.7519 -0.1988 0.2048  -0.3740 0.0069  0.3208  0.3767  -1.0384 -0.3810 -0.2541 0.5070  -0.3903 0.3412  0.5195  
0.6009  -0.5734 0.2869  0.2304  -0.0839 0.5685  0.2830  0.1138  0.1940  0.6454  0.3282  0.3072  0.3627  0.2372  0.2797  0.4370  -0.3540 0.4270  0.3273  0.5068  
0.6931  0.5397  0.4526  0.3894  0.2610  0.4493  -0.1754 0.7162  0.3437  0.4185  -0.3106 0.4733  0.5254  0.3974  0.4450  0.6200  0.6272  0.3510  0.4930  0.5452  
0.4489  0.2155  0.1482  0.1126  0.4009  0.4062  -0.9409 0.5120  0.0916  -0.1797 -0.0654 0.1619  0.2026  0.1167  0.1435  0.3099  0.3208  -0.1189 -1.0064 0.3343  
0.3563  -0.2084 0.2765  0.2211  -0.5459 0.1716  0.2726  0.5831  0.1856  -0.6061 -0.3924 0.2965  0.3514  0.2277  0.2694  0.1221  0.4834  0.1512  0.3164  0.4964  
H 0.144 E 0.129    1.939   1.260   0.761   2.795   2.438   0.879   2.186   3.466   1.825   3.056   3.135  -0.650   4.280   2.531  -1.272
Kernel d0: 0.49 sigma: 0.05 SUM:     7.16 maxCount:   1.23 PSEUDO 200+0.2
0.0000  0.0000  0.0000  0.0000  0.0000  0.0000  0.0000  0.0000  0.0000  0.0000  0.0000  0.0000  0.0000  0.0000  0.0000  0.0000  0.0000  0.0000  0.0000  0.0000  
0.0000  0.0000  0.0000  0.0000  0.0000  0.0000  0.0000  0.0000  0.0000  0.0000  0.0000  0.0000  0.0000  0.0000  0.0000  0.0000  0.0000  0.0000  0.0000  0.0000  
0.0000  0.0000  0.0000  0.0000  0.0000  0.0000  0.0000  0.0000  0.0000  0.0000  0.0000  0.0000  0.0000  0.0000  0.0000  0.0000  0.0000  0.0000  0.0000  0.0000  
0.0000  0.0000  0.0000  0.0000  0.0000  0.0000  0.0000  0.0000  0.0000  0.0000  0.0000  0.0000  0.0000  0.0000  0.0000  0.0000  0.0000  0.0000  0.0000  0.0000  
0.0000  0.0000  0.0000  0.0000  0.0000  0.0000  0.0000  0.0000  0.0000  0.0000  0.0000  0.0000  0.0000  0.0000  0.0000  0.0000  0.0000  0.0000  0.0000  0.0000  
0.0000  0.0000  0.0000  0.0000  0.0000  0.0000  0.0000  0.0000  0.0000  0.0000  0.0000  0.0000  0.0000  0.0000  0.0000  0.0000  0.0000  0.0000  0.0000  0.0000  
0.0000  0.0000  0.0000  0.0000  0.0000  0.0000  0.0000  0.0000  0.0000  0.0000  0.0000  0.0000  0.0000  0.0000  0.0000  0.0000  0.0000  0.0000  0.0000  0.0000  
0.0000  0.0000  0.0000  0.0000  0.0000  0.0000  0.0000  0.0000  0.0000  0.0000  0.0000  0.0000  0.0000  0.0000  0.0000  0.0000  0.0000  0.0000  0.0000  0.0000  
0.0000  0.0000  0.0000  0.0000  0.0000  0.0000  0.0000  0.0000  0.0000  0.0000  0.0000  0.0000  0.0000  0.0000  0.0000  0.0000  0.0000  0.0000  0.0000  0.0000  
0.0000  0.0000  0.0000  0.0000  0.0000  0.0000  0.0000  0.0000  0.0000  0.0000  0.0000  0.0000  0.0000  0.0000  0.0000  0.0000  0.0000  0.0000  0.0000  0.0000  
0.0000  0.0000  0.0000  0.0000  0.0000  0.0000  0.0000  0.0000  0.0000  0.0000  0.0000  0.0000  0.0000  0.0000  0.0000  0.0000  0.0000  0.0000  0.0000  0.0000  
0.0000  0.0000  0.0000  0.0000  0.0000  0.0000  0.0000  0.0000  0.0000  0.0000  0.0000  0.0000  0.0000  0.0000  0.0000  0.0000  0.0000  0.0000  0.0000  0.0000  
0.0000  0.0000  0.0000  0.0000  0.0000  0.0000  0.0000  0.0000  0.0000  0.0000  0.0000  0.0000  0.0000  0.0000  0.0000  0.0000  0.0000  0.0000  0.0000  0.0000  
0.0000  0.0000  0.0000  0.0000  0.0000  0.0000  0.0000  0.0000  0.0000  0.0000  0.0000  0.0000  0.0000  0.0000  0.0000  0.0000  0.0000  0.0000  0.0000  0.0000  
0.0000  0.0000  0.0000  0.0000  0.0000  0.0000  0.0000  0.0000  0.0000  0.0000  0.0000  0.0000  0.0000  0.0000  0.0000  0.0000  0.0000  0.0000  0.0000  0.0000  
0.0000  0.0000  0.0000  0.0000  0.0000  0.0000  0.0000  0.0000  0.0000  0.0000  0.0000  0.0000  0.0000  0.0000  0.0000  0.0000  0.0000  0.0000  0.0000  0.0000  
0.0000  0.0000  0.0000  0.0000  0.0000  0.0000  0.0000  0.0000  0.0000  0.0000  0.0000  0.0000  0.0000  0.0000  0.0000  0.0000  0.0000  0.0000  0.0000  0.0000  
0.0000  0.0000  0.0000  0.0000  0.0000  0.0000  0.0000  0.0000  0.0000  0.0000  0.0000  0.0000  0.0000  0.0000  0.0000  0.0000  0.0000  0.0000  0.0000  0.0000  
0.0000  0.0000  0.0000  0.0000  0.0000  0.0000  0.0000  0.0000  0.0000  0.0000  0.0000  0.0000  0.0000  0.0000  0.0000  0.0000  0.0000  0.0000  0.0000  0.0000  
0.0000  0.0000  0.0000  0.0000  0.0000  0.0000  0.0000  0.0000  0.0000  0.0000  0.0000  0.0000  0.0000  0.0000  0.0000  0.0000  0.0000  0.0000  0.0000  0.0000  
H 0.144 E 0.129    2.152   1.146   0.156   3.023   2.318   0.156   3.060   2.974  -1.220   4.595   1.890   0.640   4.713   2.025   2.129
Kernel d0: 0.49 sigma: 0.05 SUM:   246.15 maxCount:  11.93 PSEUDO 200+0.2
0.0411  0.0367  0.5219  -0.3058 0.1296  0.0852  0.5184  0.3421  0.4226  0.5152  -0.6711 0.5053  0.5817  -0.3029 0.5154  0.4751  0.6575  0.2111  0.1810  0.3452  
0.4709  0.2396  0.1677  0.1287  -0.1007 0.4306  0.1649  -0.1333 0.1053  -0.1985 0.1986  0.1826  0.2260  0.1331  0.1626  0.3364  -0.4939 -0.3674 0.1979  -1.0321 
-0.5783 0.1930  0.1315  -0.6054 -1.0508 -0.5771 -0.8154 -0.6834 -1.1586 0.4878  -0.5967 0.1439  0.1811  0.1030  0.1272  0.2814  -0.1899 -0.9502 0.1569  -0.3318 
0.4141  0.1918  0.1306  0.0987  -0.2571 -0.5800 0.1282  -0.1241 0.0800  -0.5590 0.1565  0.1430  0.1800  0.1023  -0.4461 0.2799  -1.2215 -0.0471 0.1559  0.3030  
-0.3775 0.4248  0.3334  0.2740  -0.2360 -0.5815 0.3293  0.3730  0.2341  0.2316  0.3752  0.3541  0.4090  -0.7772 0.3260  -0.4796 0.1025  0.2739  0.3743  0.5415  
-0.6866 0.4122  0.3208  0.2623  -0.5239 0.5852  0.3168  -0.4258 0.2233  -0.2462 0.3624  -0.2331 0.3963  0.2693  -0.5873 0.1217  0.0540  0.0514  0.3615  -0.2878 
-0.4895 0.1720  -1.0971 0.0870  -0.4843 0.3453  0.1136  -1.0184 0.0703  -1.3753 0.1394  0.1271  0.1610  0.0902  0.1119  -0.8334 -0.6954 -0.9812 0.1389  -0.7868 
0.0541  0.5130  0.4270  0.3653  -0.0083 0.6488  0.4230  0.6915  0.3211  0.6658  0.4676  0.4474  0.4989  0.3731  0.4196  0.2762  -0.4063 0.7074  0.4668  0.6096  
-1.2094 -0.4589 0.0781  0.0578  0.2595  -0.7995 0.0766  -1.1923 0.0463  -0.0320 0.0952  -1.1493 0.1113  0.0601  0.0753  0.1855  0.1937  0.4240  0.0948  0.2042  
-0.0982 0.0004  0.5359  -0.7264 0.5200  0.6952  0.5324  0.0524  0.4388  0.4857  0.0137  0.5527  0.5932  0.4885  0.5296  -0.0367 0.4293  0.5035  0.5683  0.6705  
0.5146  -0.3665 0.2033  0.1583  0.3455  0.4767  0.2001  0.5674  0.1306  0.5644  0.2380  0.2202  0.2683  0.1635  0.1974  0.3843  -0.5198 0.0920  0.2373  0.4087  
-1.4047 -1.3257 0.1519  0.1159  -1.1267 -0.7112 -1.0316 -2.1357 0.0944  -1.7345 -1.2283 0.1658  0.2067  0.1200  0.1472  -0.7099 -1.3285 -1.5787 -0.8691 0.3373  
0.4467  0.2181  0.1508  0.1149  0.4003  0.4054  0.1481  0.5071  0.0936  0.5161  0.1795  0.1646  0.2052  0.1190  0.1460  0.3115  0.3221  0.5546  0.1788  0.3354  
-0.6787 0.1981  0.1353  -1.1103 0.3752  0.3804  0.1329  -0.7744 -1.4595 -0.8406 0.1619  0.1481  0.1860  0.1062  0.1309  -0.1850 -0.6718 0.2277  0.1613  -0.9406 
0.4177  -0.6780 0.1327  0.1004  0.3707  0.3759  0.1303  -0.4244 0.0814  -0.6961 -0.8923 -0.8983 0.1826  0.1040  0.1283  0.2833  -1.0142 -0.9503 0.1583  0.3065  
-0.4562 -1.0093 -0.5332 0.2307  0.0232  0.5586  -0.7267 -0.3183 0.1946  -0.6544 -0.1303 0.3062  0.3604  -1.1425 0.2793  -0.3120 0.4874  -0.1405 0.3260  0.4997  
0.0034  -0.5516 0.2736  0.2192  0.5437  -0.1067 0.2698  0.1363  0.1843  0.4452  0.3134  0.2931  0.3468  0.2257  0.2666  0.1126  -0.7521 0.2025  0.3126  0.4873  
0.6709  0.5195  0.4343  0.3727  0.6402  0.2518  -0.4397 0.6938  0.3284  0.2769  -0.2060 0.4545  0.5055  0.3805  0.4269  0.5986  0.6057  0.6915  0.4737  0.6142  
0.4307  0.2049  0.1405  0.1066  0.3839  0.3891  -1.0429 0.4924  0.0867  -0.2440 -0.3844 0.1536  0.1925  0.1105  0.1360  0.2958  0.3062  0.5414  -0.4378 -0.6985 
0.3286  0.3517  0.2635  0.2103  0.4210  -0.6751 0.2598  0.4637  0.1763  -0.3256 -0.0765 0.2828  0.3359  0.2166  0.2567  0.1990  0.4644  -0.1664 0.3020  0.4771  
H 0.144 E 0.129    2.127   1.157  -0.186   3.027   2.294  -0.350   3.734   2.245  -1.699   4.170   2.332   0.907   3.635   3.149   2.046
Kernel d0: 0.49 sigma: 0.05 SUM:   296.77 maxCount:  12.49 PSEUDO 200+0.2
0.3063  0.1217  0.6225  -0.2828 0.0114  0.0705  0.5863  0.2589  0.5128  0.5815  -0.5961 -0.1988 0.6869  -0.2617 0.6154  0.3270  0.7669  0.1527  0.2841  0.0469  
0.5666  0.3008  0.2136  0.1652  -0.6481 0.5217  0.2101  -0.0930 0.1358  -0.4705 0.2513  0.2318  0.2845  0.1708  0.2072  0.4146  -0.4841 -0.5071 0.2505  -1.0542 
-0.1904 0.2446  0.1687  -0.7080 -1.4627 -0.3764 -1.0944 -0.8305 -1.1343 0.5852  -0.4518 0.1842  0.2300  0.1330  0.1633  0.3504  -0.1403 -1.2131 0.2003  -0.7331 
0.5032  0.2431  0.1676  0.1275  -0.5476 0.1591  0.1646  -0.1527 0.1038  -0.6636 0.1997  0.1830  0.2286  0.1321  -0.4490 0.3487  -1.3404 -0.4545 0.1990  0.3758  
0.1295  0.5153  0.4111  0.3416  0.1499  -0.2842 0.4064  0.1435  0.2942  0.0585  0.4591  0.4350  0.4975  -0.7448 0.4025  -0.1195 0.1864  0.1055  0.4581  0.6437  
-0.5591 0.5011  0.3966  0.3278  -0.7454 0.6906  0.3919  -0.3903 0.2813  -0.1451 0.4445  -0.3701 0.4831  0.3362  0.3880  0.6094  -0.0297 0.0584  0.4435  -0.0866 
-0.4939 0.2189  -1.0878 0.1127  -0.4972 0.4249  0.1464  -1.1459 0.0914  -1.4880 0.1785  0.1632  0.2054  0.1168  0.1442  -0.7349 -0.6458 -1.1693 0.1779  -0.9971 
0.1777  0.3295  0.5177  0.4479  0.0761  0.7579  0.5132  0.8023  0.3969  0.7322  0.5629  0.5405  0.5974  0.4567  0.5094  0.3717  -0.3296 0.8186  0.5620  0.7165  
-1.2101 -0.4541 0.1013  0.0754  0.3245  -0.7929 0.0994  -1.2568 0.0605  0.0192  0.1231  -1.0121 0.1434  0.0782  0.0978  0.2354  0.2454  0.5143  0.1226  0.2582  
-0.0384 -0.1592 0.6376  -0.6807 0.4925  0.8060  0.6339  0.0735  0.5310  0.5299  0.0474  0.6559  0.6992  0.5860  0.6308  0.0275  0.4042  0.2076  0.6726  0.6922  
0.6145  -0.3408 0.2571  0.2020  0.2093  0.5730  0.2531  0.6716  0.1676  0.2508  0.2989  0.2774  0.3349  0.2084  0.2499  0.4695  -0.4736 0.1729  0.2980  0.4971  
-1.2154 -1.7035 0.1941  0.1491  -1.5009 -0.6349 -1.0489 -2.1219 0.1221  -1.7730 -1.2546 0.2113  0.2612  0.1543  0.1882  -0.1918 -1.2369 -1.7784 -0.9827 0.0239  
0.5397  0.2750  0.1927  0.1479  0.4876  0.4935  0.1894  0.6064  0.1211  0.6162  0.2280  0.2097  0.2594  0.1530  0.1868  0.3857  0.3981  0.6578  0.2272  0.4135  
-0.6657 0.2507  0.1735  -1.1502 0.4592  0.4651  0.1705  -0.8563 -1.5443 -0.8221 0.2064  0.1893  0.2360  0.1370  0.1680  -0.1534 -0.7161 -0.0747 0.2057  -1.0493 
0.5072  -0.9511 0.1702  0.1296  0.4540  0.4599  -0.1158 -1.0288 0.1056  -0.9525 0.0053  -1.0596 0.2319  0.1342  0.1648  0.3526  -0.9380 -1.0098 0.2020  0.3799  
0.0138  -1.4240 0.3563  0.2901  -0.3613 0.6622  -0.7518 -0.3140 0.2465  -0.5840 -0.0776 0.3796  0.4423  -1.1502 -0.3318 -0.2488 0.5848  -0.3404 0.4025  0.5983  
0.6684  -0.5589 0.3412  0.2763  0.5705  0.4844  0.3367  0.1285  0.2339  0.6088  0.3879  0.3642  0.4266  0.2841  0.3330  0.2175  -0.6882 0.3116  0.3870  0.5846  
0.7808  0.6198  0.5258  0.4563  0.3558  0.3532  -0.3787 0.8046  0.4053  0.3338  -0.2571 0.5484  0.6046  0.4652  0.5176  0.7049  0.7124  0.4504  0.5697  0.6482  
0.5218  0.2590  0.1800  0.1376  0.4691  0.4750  -1.0748 0.5902  0.1123  -0.1767 -0.3645 0.1962  0.2439  0.1424  0.1743  0.3673  0.3795  -0.0259 -1.0110 -0.0720 
0.4206  0.2694  0.3293  0.2655  -0.4748 -0.5354 0.3248  0.5680  0.2241  -0.5428 -0.3690 0.3520  0.4140  0.2731  0.3212  0.1711  0.5594  -0.0457 0.3746  0.5734  
H 0.144 E 0.129    2.021   1.192  -0.706   2.723   2.444  -0.972   1.787   3.479  -1.584   4.048   2.174  -2.002   5.267   1.874  -1.182
Kernel d0: 0.49 sigma: 0.05 SUM:    19.22 maxCount:   1.72 PSEUDO 200+0.2
0.0000  0.0000  0.0000  0.0000  0.0000  0.0000  0.0000  0.0000  0.0000  0.0000  0.0000  0.0000  0.0000  0.0000  0.0000  0.0000  0.0000  0.0000  0.0000  0.0000  
0.0000  0.0000  0.0000  0.0000  0.0000  0.0000  0.0000  0.0000  0.0000  0.0000  0.0000  0.0000  0.0000  0.0000  0.0000  0.0000  0.0000  0.0000  0.0000  0.0000  
0.0000  0.0000  0.0000  0.0000  0.0000  0.0000  0.0000  0.0000  0.0000  0.0000  0.0000  0.0000  0.0000  0.0000  0.0000  0.0000  0.0000  0.0000  0.0000  0.0000  
0.0000  0.0000  0.0000  0.0000  0.0000  0.0000  0.0000  0.0000  0.0000  0.0000  0.0000  0.0000  0.0000  0.0000  0.0000  0.0000  0.0000  0.0000  0.0000  0.0000  
0.0000  0.0000  0.0000  0.0000  0.0000  0.0000  0.0000  0.0000  0.0000  0.0000  0.0000  0.0000  0.0000  0.0000  0.0000  0.0000  0.0000  0.0000  0.0000  0.0000  
0.0000  0.0000  0.0000  0.0000  0.0000  0.0000  0.0000  0.0000  0.0000  0.0000  0.0000  0.0000  0.0000  0.0000  0.0000  0.0000  0.0000  0.0000  0.0000  0.0000  
0.0000  0.0000  0.0000  0.0000  0.0000  0.0000  0.0000  0.0000  0.0000  0.0000  0.0000  0.0000  0.0000  0.0000  0.0000  0.0000  0.0000  0.0000  0.0000  0.0000  
0.0000  0.0000  0.0000  0.0000  0.0000  0.0000  0.0000  0.0000  0.0000  0.0000  0.0000  0.0000  0.0000  0.0000  0.0000  0.0000  0.0000  0.0000  0.0000  0.0000  
0.0000  0.0000  0.0000  0.0000  0.0000  0.0000  0.0000  0.0000  0.0000  0.0000  0.0000  0.0000  0.0000  0.0000  0.0000  0.0000  0.0000  0.0000  0.0000  0.0000  
0.0000  0.0000  0.0000  0.0000  0.0000  0.0000  0.0000  0.0000  0.0000  0.0000  0.0000  0.0000  0.0000  0.0000  0.0000  0.0000  0.0000  0.0000  0.0000  0.0000  
0.0000  0.0000  0.0000  0.0000  0.0000  0.0000  0.0000  0.0000  0.0000  0.0000  0.0000  0.0000  0.0000  0.0000  0.0000  0.0000  0.0000  0.0000  0.0000  0.0000  
0.0000  0.0000  0.0000  0.0000  0.0000  0.0000  0.0000  0.0000  0.0000  0.0000  0.0000  0.0000  0.0000  0.0000  0.0000  0.0000  0.0000  0.0000  0.0000  0.0000  
0.0000  0.0000  0.0000  0.0000  0.0000  0.0000  0.0000  0.0000  0.0000  0.0000  0.0000  0.0000  0.0000  0.0000  0.0000  0.0000  0.0000  0.0000  0.0000  0.0000  
0.0000  0.0000  0.0000  0.0000  0.0000  0.0000  0.0000  0.0000  0.0000  0.0000  0.0000  0.0000  0.0000  0.0000  0.0000  0.0000  0.0000  0.0000  0.0000  0.0000  
0.0000  0.0000  0.0000  0.0000  0.0000  0.0000  0.0000  0.0000  0.0000  0.0000  0.0000  0.0000  0.0000  0.0000  0.0000  0.0000  0.0000  0.0000  0.0000  0.0000  
0.0000  0.0000  0.0000  0.0000  0.0000  0.0000  0.0000  0.0000  0.0000  0.0000  0.0000  0.0000  0.0000  0.0000  0.0000  0.0000  0.0000  0.0000  0.0000  0.0000  
0.0000  0.0000  0.0000  0.0000  0.0000  0.0000  0.0000  0.0000  0.0000  0.0000  0.0000  0.0000  0.0000  0.0000  0.0000  0.0000  0.0000  0.0000  0.0000  0.0000  
0.0000  0.0000  0.0000  0.0000  0.0000  0.0000  0.0000  0.0000  0.0000  0.0000  0.0000  0.0000  0.0000  0.0000  0.0000  0.0000  0.0000  0.0000  0.0000  0.0000  
0.0000  0.0000  0.0000  0.0000  0.0000  0.0000  0.0000  0.0000  0.0000  0.0000  0.0000  0.0000  0.0000  0.0000  0.0000  0.0000  0.0000  0.0000  0.0000  0.0000  
0.0000  0.0000  0.0000  0.0000  0.0000  0.0000  0.0000  0.0000  0.0000  0.0000  0.0000  0.0000  0.0000  0.0000  0.0000  0.0000  0.0000  0.0000  0.0000  0.0000  
H 0.144 E 0.129    1.978   1.264   0.692   2.962   2.342   0.659   2.302   3.696   0.895   3.787   2.347  -0.827   5.006   1.480  -0.725
Kernel d0: 0.49 sigma: 0.05 SUM:     2.56 maxCount:   0.89 PSEUDO 200+0.2
0.0000  0.0000  0.0000  0.0000  0.0000  0.0000  0.0000  0.0000  0.0000  0.0000  0.0000  0.0000  0.0000  0.0000  0.0000  0.0000  0.0000  0.0000  0.0000  0.0000  
0.0000  0.0000  0.0000  0.0000  0.0000  0.0000  0.0000  0.0000  0.0000  0.0000  0.0000  0.0000  0.0000  0.0000  0.0000  0.0000  0.0000  0.0000  0.0000  0.0000  
0.0000  0.0000  0.0000  0.0000  0.0000  0.0000  0.0000  0.0000  0.0000  0.0000  0.0000  0.0000  0.0000  0.0000  0.0000  0.0000  0.0000  0.0000  0.0000  0.0000  
0.0000  0.0000  0.0000  0.0000  0.0000  0.0000  0.0000  0.0000  0.0000  0.0000  0.0000  0.0000  0.0000  0.0000  0.0000  0.0000  0.0000  0.0000  0.0000  0.0000  
0.0000  0.0000  0.0000  0.0000  0.0000  0.0000  0.0000  0.0000  0.0000  0.0000  0.0000  0.0000  0.0000  0.0000  0.0000  0.0000  0.0000  0.0000  0.0000  0.0000  
0.0000  0.0000  0.0000  0.0000  0.0000  0.0000  0.0000  0.0000  0.0000  0.0000  0.0000  0.0000  0.0000  0.0000  0.0000  0.0000  0.0000  0.0000  0.0000  0.0000  
0.0000  0.0000  0.0000  0.0000  0.0000  0.0000  0.0000  0.0000  0.0000  0.0000  0.0000  0.0000  0.0000  0.0000  0.0000  0.0000  0.0000  0.0000  0.0000  0.0000  
0.0000  0.0000  0.0000  0.0000  0.0000  0.0000  0.0000  0.0000  0.0000  0.0000  0.0000  0.0000  0.0000  0.0000  0.0000  0.0000  0.0000  0.0000  0.0000  0.0000  
0.0000  0.0000  0.0000  0.0000  0.0000  0.0000  0.0000  0.0000  0.0000  0.0000  0.0000  0.0000  0.0000  0.0000  0.0000  0.0000  0.0000  0.0000  0.0000  0.0000  
0.0000  0.0000  0.0000  0.0000  0.0000  0.0000  0.0000  0.0000  0.0000  0.0000  0.0000  0.0000  0.0000  0.0000  0.0000  0.0000  0.0000  0.0000  0.0000  0.0000  
0.0000  0.0000  0.0000  0.0000  0.0000  0.0000  0.0000  0.0000  0.0000  0.0000  0.0000  0.0000  0.0000  0.0000  0.0000  0.0000  0.0000  0.0000  0.0000  0.0000  
0.0000  0.0000  0.0000  0.0000  0.0000  0.0000  0.0000  0.0000  0.0000  0.0000  0.0000  0.0000  0.0000  0.0000  0.0000  0.0000  0.0000  0.0000  0.0000  0.0000  
0.0000  0.0000  0.0000  0.0000  0.0000  0.0000  0.0000  0.0000  0.0000  0.0000  0.0000  0.0000  0.0000  0.0000  0.0000  0.0000  0.0000  0.0000  0.0000  0.0000  
0.0000  0.0000  0.0000  0.0000  0.0000  0.0000  0.0000  0.0000  0.0000  0.0000  0.0000  0.0000  0.0000  0.0000  0.0000  0.0000  0.0000  0.0000  0.0000  0.0000  
0.0000  0.0000  0.0000  0.0000  0.0000  0.0000  0.0000  0.0000  0.0000  0.0000  0.0000  0.0000  0.0000  0.0000  0.0000  0.0000  0.0000  0.0000  0.0000  0.0000  
0.0000  0.0000  0.0000  0.0000  0.0000  0.0000  0.0000  0.0000  0.0000  0.0000  0.0000  0.0000  0.0000  0.0000  0.0000  0.0000  0.0000  0.0000  0.0000  0.0000  
0.0000  0.0000  0.0000  0.0000  0.0000  0.0000  0.0000  0.0000  0.0000  0.0000  0.0000  0.0000  0.0000  0.0000  0.0000  0.0000  0.0000  0.0000  0.0000  0.0000  
0.0000  0.0000  0.0000  0.0000  0.0000  0.0000  0.0000  0.0000  0.0000  0.0000  0.0000  0.0000  0.0000  0.0000  0.0000  0.0000  0.0000  0.0000  0.0000  0.0000  
0.0000  0.0000  0.0000  0.0000  0.0000  0.0000  0.0000  0.0000  0.0000  0.0000  0.0000  0.0000  0.0000  0.0000  0.0000  0.0000  0.0000  0.0000  0.0000  0.0000  
0.0000  0.0000  0.0000  0.0000  0.0000  0.0000  0.0000  0.0000  0.0000  0.0000  0.0000  0.0000  0.0000  0.0000  0.0000  0.0000  0.0000  0.0000  0.0000  0.0000  
H 0.144 E 0.129    2.136   1.150  -0.190   3.031   2.286  -0.390   3.388   2.451  -1.862   4.445   2.096   0.535   4.247   2.719   1.885
Kernel d0: 0.49 sigma: 0.05 SUM:   292.03 maxCount:  12.60 PSEUDO 200+0.2
0.2125  0.1128  0.6133  -0.2883 0.0212  0.0668  0.6095  0.2799  0.5044  0.5768  -0.6107 0.0594  0.6773  -0.2677 0.6063  0.4600  0.7571  0.2129  0.2636  0.1433  
0.5578  0.2950  0.2092  0.1617  -0.4952 0.5133  0.2058  -0.0997 0.1329  -0.4175 0.2463  0.2271  0.2789  0.1672  0.2030  0.4073  -0.4882 -0.4349 0.2455  -1.0555 
-0.5792 0.2397  0.1651  -0.7053 -1.4414 -0.5285 -1.0882 -0.8282 -1.1911 0.5763  -0.5902 0.1804  0.2254  0.1301  0.1599  0.3439  -0.1499 -1.1759 0.1961  -0.7184 
0.4950  0.2382  0.1640  0.1247  -0.5428 -0.4651 0.1611  -0.1570 0.1015  -0.6655 0.1956  0.1792  0.2240  0.1292  -0.4503 0.3422  -1.3384 -0.4339 0.1949  0.3690  
-0.1563 0.5069  0.4039  0.3353  -0.1305 -0.4633 0.3992  0.1922  0.2885  0.1970  0.4513  0.4274  0.4893  -0.7563 0.3954  -0.3752 0.1774  0.1219  0.4503  0.6344  
-0.6207 0.4929  0.3895  0.3216  -0.6234 0.6811  0.3849  -0.4349 0.2758  -0.1629 0.4369  -0.3676 0.4751  0.3299  0.1341  0.4837  -0.0086 0.0515  0.4359  -0.1223 
-0.4959 0.2144  -1.1187 0.1102  -0.4973 0.4175  0.1432  -1.1421 0.0893  -1.4880 0.1748  0.1597  0.2011  0.1142  0.1410  -0.8147 -0.6760 -1.0873 0.1741  -0.9091 
0.1434  0.5827  0.5094  0.4402  0.0752  0.7481  0.5049  0.7924  0.3898  0.7265  0.5541  0.5319  0.5884  0.4490  0.5011  0.3623  -0.3512 0.8087  0.5533  0.7069  
-1.2126 -0.4613 0.0991  0.0736  0.3183  -0.7958 0.0972  -1.2519 0.0591  0.0133  0.1204  -1.1745 0.1403  0.0765  0.0956  0.2307  0.2405  0.5060  0.1199  0.2531  
-0.0311 -0.0530 0.6284  -0.6869 0.5308  0.7961  0.6247  0.0669  0.5225  0.5230  0.0427  0.6465  0.6896  0.5770  0.6216  0.0191  0.4017  0.3134  0.6632  0.7657  
0.6054  -0.3450 0.2519  0.1978  0.2243  0.5641  0.2481  0.6622  0.1641  0.5042  0.2931  0.2720  0.3286  0.2041  0.2449  0.4616  -0.4800 0.1647  0.2923  0.4889  
-1.2777 -1.6747 0.1901  0.1459  -1.4638 -0.7045 -1.0500 -2.1359 0.1194  -1.7764 -1.2551 0.2069  0.2560  0.1510  0.1843  -0.6521 -1.3529 -1.7625 -0.9768 0.3795  
0.5311  0.2696  0.1886  0.1447  0.4795  0.4853  0.1854  0.5973  0.1184  0.6071  0.2234  0.2054  0.2542  0.1497  0.1828  0.3788  0.3910  0.6484  0.2226  0.4062  
-0.6703 0.2457  0.1698  -1.1481 0.4514  0.4572  0.1669  -0.8519 -1.5403 -0.8289 0.2021  0.1854  0.2312  0.1340  0.1644  -0.1574 -0.7155 -0.0463 0.2014  -1.0476 
0.4990  -0.9363 0.1666  0.1268  0.4463  0.4521  0.1467  -0.8240 0.1032  -0.9217 -0.7540 -1.0534 0.2272  0.1313  0.1613  0.3461  -1.0118 -1.0130 0.1978  0.3730  
-0.2986 -1.4090 0.0809  0.2845  -0.2547 0.6528  -0.7526 -0.3268 0.2415  -0.6512 -0.0841 0.3727  0.4347  -1.1523 -0.0128 -0.2557 0.5759  -0.2537 0.3954  0.5893  
0.3957  -0.5626 0.3348  0.2709  0.6368  0.0594  0.3304  0.2023  0.2292  0.5422  0.3809  0.3575  0.4191  0.2785  0.3267  0.1861  -0.7071 0.2909  0.3800  0.5757  
0.7710  0.6107  0.5174  0.4486  0.5473  0.3418  -0.3875 0.7947  0.3981  0.3148  -0.2578 0.5398  0.5956  0.4573  0.5092  0.6953  0.7028  0.5874  0.5609  0.7008  
0.5134  0.2538  0.1762  0.1346  0.4612  0.4670  -1.0739 0.5813  0.1098  -0.1841 -0.3751 0.1921  0.2390  0.1393  0.1706  0.3606  0.3727  0.3337  -0.9801 -0.6233 
0.4118  0.4248  0.3231  0.2603  -0.2378 -0.6110 0.3187  0.5569  0.2195  -0.3731 -0.2080 0.3455  0.4067  0.2677  0.3151  0.1654  0.5507  -0.0875 0.3678  0.5646  
H 0.144 E 0.129    2.118   1.165   0.199   2.992   2.335   0.198   3.263   2.818   1.618   2.307   3.588  -0.724   2.764   3.468  -2.148
Kernel d0: 0.49 sigma: 0.05 SUM:    11.38 maxCount:   2.50 PSEUDO 200+0.2
0.0000  0.0000  0.0000  0.0000  0.0000  0.0000  0.0000  0.0000  0.0000  0.0000  0.0000  0.0000  0.0000  0.0000  0.0000  0.0000  0.0000  0.0000  0.0000  0.0000  
0.0000  0.0000  0.0000  0.0000  0.0000  0.0000  0.0000  0.0000  0.0000  0.0000  0.0000  0.0000  0.0000  0.0000  0.0000  0.0000  0.0000  0.0000  0.0000  0.0000  
0.0000  0.0000  0.0000  0.0000  0.0000  0.0000  0.0000  0.0000  0.0000  0.0000  0.0000  0.0000  0.0000  0.0000  0.0000  0.0000  0.0000  0.0000  0.0000  0.0000  
0.0000  0.0000  0.0000  0.0000  0.0000  0.0000  0.0000  0.0000  0.0000  0.0000  0.0000  0.0000  0.0000  0.0000  0.0000  0.0000  0.0000  0.0000  0.0000  0.0000  
0.0000  0.0000  0.0000  0.0000  0.0000  0.0000  0.0000  0.0000  0.0000  0.0000  0.0000  0.0000  0.0000  0.0000  0.0000  0.0000  0.0000  0.0000  0.0000  0.0000  
0.0000  0.0000  0.0000  0.0000  0.0000  0.0000  0.0000  0.0000  0.0000  0.0000  0.0000  0.0000  0.0000  0.0000  0.0000  0.0000  0.0000  0.0000  0.0000  0.0000  
0.0000  0.0000  0.0000  0.0000  0.0000  0.0000  0.0000  0.0000  0.0000  0.0000  0.0000  0.0000  0.0000  0.0000  0.0000  0.0000  0.0000  0.0000  0.0000  0.0000  
0.0000  0.0000  0.0000  0.0000  0.0000  0.0000  0.0000  0.0000  0.0000  0.0000  0.0000  0.0000  0.0000  0.0000  0.0000  0.0000  0.0000  0.0000  0.0000  0.0000  
0.0000  0.0000  0.0000  0.0000  0.0000  0.0000  0.0000  0.0000  0.0000  0.0000  0.0000  0.0000  0.0000  0.0000  0.0000  0.0000  0.0000  0.0000  0.0000  0.0000  
0.0000  0.0000  0.0000  0.0000  0.0000  0.0000  0.0000  0.0000  0.0000  0.0000  0.0000  0.0000  0.0000  0.0000  0.0000  0.0000  0.0000  0.0000  0.0000  0.0000  
0.0000  0.0000  0.0000  0.0000  0.0000  0.0000  0.0000  0.0000  0.0000  0.0000  0.0000  0.0000  0.0000  0.0000  0.0000  0.0000  0.0000  0.0000  0.0000  0.0000  
0.0000  0.0000  0.0000  0.0000  0.0000  0.0000  0.0000  0.0000  0.0000  0.0000  0.0000  0.0000  0.0000  0.0000  0.0000  0.0000  0.0000  0.0000  0.0000  0.0000  
0.0000  0.0000  0.0000  0.0000  0.0000  0.0000  0.0000  0.0000  0.0000  0.0000  0.0000  0.0000  0.0000  0.0000  0.0000  0.0000  0.0000  0.0000  0.0000  0.0000  
0.0000  0.0000  0.0000  0.0000  0.0000  0.0000  0.0000  0.0000  0.0000  0.0000  0.0000  0.0000  0.0000  0.0000  0.0000  0.0000  0.0000  0.0000  0.0000  0.0000  
0.0000  0.0000  0.0000  0.0000  0.0000  0.0000  0.0000  0.0000  0.0000  0.0000  0.0000  0.0000  0.0000  0.0000  0.0000  0.0000  0.0000  0.0000  0.0000  0.0000  
0.0000  0.0000  0.0000  0.0000  0.0000  0.0000  0.0000  0.0000  0.0000  0.0000  0.0000  0.0000  0.0000  0.0000  0.0000  0.0000  0.0000  0.0000  0.0000  0.0000  
0.0000  0.0000  0.0000  0.0000  0.0000  0.0000  0.0000  0.0000  0.0000  0.0000  0.0000  0.0000  0.0000  0.0000  0.0000  0.0000  0.0000  0.0000  0.0000  0.0000  
0.0000  0.0000  0.0000  0.0000  0.0000  0.0000  0.0000  0.0000  0.0000  0.0000  0.0000  0.0000  0.0000  0.0000  0.0000  0.0000  0.0000  0.0000  0.0000  0.0000  
0.0000  0.0000  0.0000  0.0000  0.0000  0.0000  0.0000  0.0000  0.0000  0.0000  0.0000  0.0000  0.0000  0.0000  0.0000  0.0000  0.0000  0.0000  0.0000  0.0000  
0.0000  0.0000  0.0000  0.0000  0.0000  0.0000  0.0000  0.0000  0.0000  0.0000  0.0000  0.0000  0.0000  0.0000  0.0000  0.0000  0.0000  0.0000  0.0000  0.0000  
H 0.144 E 0.129    2.112   1.180   0.260   3.040   2.301   0.142   4.151   1.991  -0.854   3.707   2.681   1.659   2.845   3.700   2.343
Kernel d0: 0.49 sigma: 0.05 SUM:   256.29 maxCount:  10.97 PSEUDO 200+0.2
0.3893  0.1302  0.5426  -0.3301 -0.1115 0.1630  -0.0367 0.2084  0.4410  0.5232  -0.4276 -0.2777 0.6035  -0.2935 0.5360  0.0783  0.6803  0.0855  0.4736  -0.0025 
0.4906  0.2519  0.1768  0.1359  -0.6948 0.4492  0.1738  -0.1507 0.1113  -0.4204 0.2091  0.1924  0.2377  0.1406  0.1714  0.3523  -0.4668 -0.5524 0.2084  -1.0585 
0.0378  0.2033  0.1388  -0.6864 -1.4866 0.3003  -1.0767 -0.8690 -0.1858 0.5079  0.1200  0.1519  0.1908  0.1089  0.1343  0.2953  0.0509  -1.2524 0.1655  -0.7552 
0.4323  0.2021  0.1379  0.1044  -0.5833 0.3893  0.1354  -0.2069 0.0847  -0.6992 0.1650  0.1509  0.1897  0.1082  -0.3201 0.2937  -1.3125 -0.5123 0.1644  0.3177  
0.0474  0.4433  0.3491  0.2876  0.2328  0.3066  0.3449  0.0671  0.2462  -0.0131 0.3922  0.3705  0.4271  -0.4684 0.3415  0.3980  0.2121  0.0432  0.3914  0.5626  
-0.1937 0.4303  0.3362  0.2754  -0.6629 0.6070  0.3320  -0.2764 0.2349  0.0646  0.3791  -0.4046 0.4140  0.2828  0.3286  0.5304  -0.0803 0.0559  0.3782  -0.1477 
-0.4675 0.1813  -0.3739 0.0920  -0.4114 0.3615  0.1201  -1.1549 0.0744  -1.5007 0.1471  0.1342  0.1698  0.0954  0.1182  0.0795  0.0547  -1.1440 0.1466  -0.7827 
0.4462  -0.1944 0.4456  0.3821  0.0301  0.6715  0.4414  0.7147  0.3364  0.6455  0.4871  0.4664  0.5192  0.3901  0.4379  0.3570  -0.0473 0.7306  0.4863  0.6318  
-1.1284 -0.2010 0.0826  0.0612  0.2725  -0.6923 0.0810  -1.1030 0.0491  -0.0176 0.1007  -0.0120 0.1176  0.0636  0.0797  0.1955  0.2040  0.4424  0.1003  0.2150  
-0.1014 -0.2554 0.5569  -0.6721 0.2489  0.7183  0.5534  0.0517  0.4577  0.4480  0.1537  0.5741  0.6152  0.5085  0.5505  -0.0109 0.3236  0.1245  0.5899  0.5080  
0.5352  -0.2724 0.2140  0.1669  0.1431  0.4965  0.2107  0.5890  0.1379  0.0703  0.2502  0.2316  0.2817  0.1724  0.2079  0.4017  -0.3510 0.1237  0.2495  0.4267  
-1.1640 -1.6739 0.1603  0.1224  -1.4224 -0.1842 -0.8166 -2.0474 0.0999  -1.7787 -1.1700 0.1749  0.2176  0.1267  0.1553  0.3284  -0.8491 -1.7671 -0.9512 -0.2653 
0.4657  0.2295  0.1590  0.1214  0.4181  0.4234  0.1563  0.5275  0.0990  0.5368  0.1891  0.1735  0.2160  0.1257  0.1541  0.3265  0.3375  0.5759  0.1885  0.3512  
-0.6663 0.2086  0.1429  -1.0679 0.3923  0.3977  0.1403  -0.8604 -1.4536 -0.7058 0.1707  0.1562  0.1959  0.1123  0.1383  -0.1710 -0.7144 -0.1381 0.1701  -1.0569 
0.4360  -0.9515 0.1401  0.1061  0.3876  0.3930  -0.4354 -1.0912 0.0862  -0.9498 0.1675  -1.0444 0.1924  0.1100  0.1355  0.2973  -0.3590 -1.0098 0.1669  0.3213  
0.2530  -1.4457 0.3004  0.2426  -0.3272 0.5801  -0.7175 -0.2022 0.2049  -0.4168 0.0054  0.3211  0.3771  -1.0345 -0.3778 -0.2512 0.5075  -0.3628 0.3415  0.5200  
0.6015  -0.5819 0.2872  0.2306  -0.0560 0.5691  0.2832  0.0897  0.1941  0.6449  0.3285  0.3074  0.3630  0.2373  0.2800  0.4236  -0.3621 0.4313  0.3276  0.5073  
0.6938  0.5402  0.4530  0.3897  0.2618  0.4294  -0.1772 0.7170  0.3439  0.4111  -0.3083 0.4737  0.5259  0.3977  0.4454  0.6206  0.6278  0.3515  0.4934  0.5455  
0.4493  0.2157  0.1483  0.1127  0.4013  0.4066  -1.0051 0.5125  0.0917  -0.1610 -0.0157 0.1621  0.2027  0.1168  0.1436  0.3102  0.3210  -0.1167 -1.0058 0.3346  
0.3605  -0.2227 0.2767  0.2213  -0.5445 0.1740  0.2728  0.5714  0.1858  -0.5767 -0.3728 0.2967  0.3517  0.2279  0.2696  0.1112  0.4839  0.1304  0.3167  0.4969  
H 0.144 E 0.129    1.782   1.352   0.924   2.620   2.530   1.125   4.033   2.294   0.606   2.666   2.951   2.772   1.554   3.912   3.073
Kernel d0: 0.49 sigma: 0.05 SUM:   113.48 maxCount:   5.26 PSEUDO 200+0.2
0.2286  0.2427  0.2124  -0.0526 -0.2713 -0.0592 -0.3567 -0.0200 0.1583  0.2933  0.1451  -0.4525 0.2495  0.0831  0.2086  -0.1498 0.3024  0.0112  0.2329  -0.2185 
0.1836  0.0780  0.0518  0.0387  -0.5847 0.1624  0.0509  0.0167  0.0312  -0.3147 0.0627  0.0570  0.0728  0.0402  0.0501  0.1178  -0.0250 -0.3631 0.0625  -0.3431 
-0.0093 0.0607  0.0396  -0.1212 -1.0977 0.1347  -0.5217 -0.4833 0.0235  0.1929  0.0483  0.0438  0.0565  0.0304  0.0382  0.0945  0.0987  -0.8996 0.0481  -0.5472 
0.1541  0.0603  0.0393  0.0291  -0.4625 0.1340  0.0386  -0.1452 0.0233  -0.2623 0.0480  0.0434  0.0561  0.0302  0.0379  0.0939  -0.6494 -0.5172 0.0478  0.1034  
-0.1320 0.1595  0.1164  0.0915  0.2381  0.2500  0.1147  -0.1266 0.0759  -0.1208 0.1354  0.1257  0.1516  0.0625  0.1132  0.2119  0.2051  -0.0808 0.1350  0.2242  
0.2074  0.1532  0.1110  0.0868  -0.5111 0.2518  0.1093  0.0493  0.0718  0.2727  0.1294  -0.2979 0.1454  0.0896  0.1078  0.2054  -0.1221 0.0683  0.1291  -0.1762 
0.0309  0.0533  0.0345  0.0254  -0.0806 0.1217  0.0338  -0.2834 0.0203  -0.8166 0.0422  0.0382  0.0495  0.0264  0.0333  0.0840  0.0879  -0.6872 0.0421  -0.7178 
0.3102  -0.3806 0.1606  0.1308  0.0888  0.2960  0.1585  0.3286  0.1111  0.2729  0.1818  0.1710  0.1991  0.1344  0.1568  0.2496  0.1359  0.3414  0.1813  0.2681  
-0.0008 0.0357  0.0227  0.0166  0.0857  0.0101  0.0222  -0.2415 0.0132  0.0966  0.0280  0.0252  0.0331  0.0172  0.0218  0.0581  0.0610  0.1590  0.0279  0.0648  
-0.1077 -0.1969 0.2208  0.0203  -0.0456 0.3315  0.2187  0.0735  0.1666  0.2026  0.2184  0.2311  0.2571  0.1933  0.2170  0.2427  0.0343  -0.1158 0.2409  0.1550  
0.2081  0.0483  0.0645  0.0486  -0.0692 0.1867  0.0633  0.2403  0.0393  -0.1809 0.0774  0.0707  0.0892  0.0504  0.0623  0.1397  0.1231  0.1865  0.0771  0.1514  
-0.5037 -0.9232 0.0464  0.0345  -1.0426 -0.1288 0.0243  -0.8631 0.0277  -0.5863 -0.0980 0.0512  0.0657  0.0359  0.0448  0.1078  -0.0533 -1.0560 -0.2427 -0.3343 
0.1707  0.0699  0.0460  0.0342  0.1473  0.1498  0.0452  0.2038  0.0275  0.2090  0.0559  0.0508  0.0652  0.0355  0.0444  0.1070  0.1115  0.2322  0.0557  0.1173  
0.0056  0.0626  0.0409  -0.0554 0.1354  0.1378  0.0401  -0.2790 -0.1710 -0.0213 0.0498  0.0451  0.0582  0.0314  0.0394  0.0469  -0.1638 -0.2078 0.0496  -0.3696 
0.1559  -0.7224 0.0400  0.0296  0.1333  0.1357  -0.3538 -0.9552 0.0237  -0.5440 0.0488  -0.5932 0.0570  0.0308  0.0386  0.0952  0.0324  -0.2358 0.0486  0.1049  
0.2164  -0.9057 0.0965  0.0746  -0.4009 0.2348  -0.0382 -0.0116 0.0613  -0.3477 0.1136  0.1048  0.1286  -0.0437 -0.3450 0.1215  0.1927  -0.1436 0.1132  0.1996  
0.2482  -0.0285 0.0913  0.0703  -0.3206 0.2281  0.0898  0.1006  0.0576  0.2810  0.1078  0.0993  0.1224  0.0727  0.0885  0.1801  0.0119  0.1622  0.1074  0.1926  
0.3125  0.2110  0.1643  0.1342  -0.0477 0.2986  0.1622  0.3304  0.1142  0.1897  -0.2694 0.1748  0.2029  0.1378  0.1605  0.2607  0.2655  0.0122  0.1851  0.1988  
0.1624  0.0650  0.0426  0.0316  0.1395  0.1419  -0.0734 0.1954  0.0253  0.1612  0.0519  0.0470  0.0606  0.0328  0.0411  0.1004  0.1048  -0.3106 -0.7781 0.1103  
0.2115  -0.3153 0.0873  0.0670  -0.6815 0.1243  0.0858  0.2723  0.0548  -0.3961 -0.2438 0.0950  0.1175  0.0693  0.0846  0.1043  0.1801  0.2411  0.1030  0.1870  
H 0.144 E 0.129    2.056   1.207   0.483   2.922   2.379   0.575   3.772   2.534  -0.681   3.922   2.272   1.946   3.235   2.911   3.116
Kernel d0: 0.49 sigma: 0.05 SUM:   292.52 maxCount:  12.19 PSEUDO 200+0.2
0.3197  0.1204  0.6145  -0.2878 -0.0214 0.1006  0.5605  0.2574  0.5056  0.5732  -0.6059 -0.2053 0.6786  -0.2659 0.6075  0.2824  0.7583  0.1385  0.2900  0.0281  
0.5591  0.2959  0.2099  0.1623  -0.6580 0.5145  0.2065  -0.0988 0.1334  -0.4748 0.2471  0.2279  0.2798  0.1678  0.2036  0.4084  -0.4840 -0.5221 0.2463  -1.0580 
-0.0395 0.2404  0.1657  -0.7053 -1.4652 -0.3165 -1.0920 -0.8348 -1.0118 0.5776  -0.3848 0.1810  0.2261  0.1306  0.1604  0.3449  -0.1399 -1.2225 0.1968  -0.7359 
0.4962  0.2390  0.1646  0.1252  -0.5511 0.2508  0.1617  -0.1584 0.1019  -0.6675 0.1962  0.1798  0.2247  0.1297  -0.4392 0.3432  -1.3410 -0.4611 0.1955  0.3700  
0.2161  0.5081  0.4050  0.3363  0.2191  -0.2714 0.4003  0.1383  0.2895  0.0413  0.4525  0.4286  0.4905  -0.7537 0.3965  -0.1210 0.1816  0.0948  0.4515  0.6357  
-0.5153 0.4941  0.3906  0.3226  -0.7565 0.6823  0.3860  -0.3357 0.2766  -0.1446 0.4380  -0.3743 0.4763  0.3308  0.3821  0.6016  -0.0327 0.0561  0.4370  -0.0927 
-0.4981 0.2151  -1.0863 0.1106  -0.5025 0.4186  0.1437  -1.1445 0.0897  -1.4889 0.1754  0.1603  0.2018  0.1146  0.1416  -0.7205 -0.5026 -1.1815 0.1748  -0.8818 
0.2134  0.2157  0.5106  0.4413  0.0631  0.7492  0.5061  0.7935  0.3909  0.7231  0.5554  0.5331  0.5896  0.4501  0.5023  0.3654  -0.3120 0.8098  0.5545  0.7081  
-1.2069 -0.4557 0.0995  0.0739  0.3193  -0.7954 0.0976  -1.2449 0.0594  0.0149  0.1208  -0.9132 0.1408  0.0768  0.0960  0.2314  0.2413  0.5072  0.1204  0.2539  
-0.0816 -0.1650 0.6296  -0.6836 0.4611  0.7972  0.6259  0.0712  0.5237  0.5214  0.0407  0.6477  0.6908  0.5783  0.6228  0.0240  0.3954  0.1935  0.6644  0.6576  
0.6066  -0.3468 0.2528  0.1985  0.2009  0.5654  0.2489  0.6634  0.1647  0.2262  0.2940  0.2729  0.3296  0.2048  0.2457  0.4628  -0.4708 0.1652  0.2932  0.4901  
-1.2193 -1.7010 0.1907  0.1465  -1.4566 -0.6234 -1.0363 -2.1047 0.1199  -1.7741 -1.2548 0.2076  0.2568  0.1515  0.1849  0.1496  -1.2114 -1.7741 -0.9836 0.0010  
0.5323  0.2704  0.1893  0.1453  0.4807  0.4865  0.1861  0.5985  0.1188  0.6083  0.2241  0.2061  0.2551  0.1503  0.1835  0.3798  0.3921  0.6497  0.2234  0.4073  
-0.6676 0.2465  0.1704  -1.1458 0.4525  0.4584  0.1675  -0.8634 -1.5367 -0.8242 0.2028  0.1860  0.2320  0.1345  0.1650  -0.1566 -0.7192 -0.0813 0.2021  -1.0505 
0.5001  -0.9536 0.1672  0.1273  0.4474  0.4533  -0.2353 -1.0442 0.1036  -0.9551 0.1200  -1.0596 0.2279  0.1318  0.1619  0.3471  -0.6652 -1.0118 0.1985  0.3741  
0.0475  -1.4256 0.3507  0.2854  -0.3307 0.6540  -0.7533 -0.3265 0.2423  -0.5545 -0.0772 0.3737  0.4358  -1.1481 -0.3249 -0.2540 0.5771  -0.3638 0.3965  0.5905  
0.6765  -0.5607 0.3358  0.2718  0.3938  0.5774  0.3314  0.1098  0.2299  0.6084  0.3820  0.3585  0.4203  0.2794  0.3277  0.2175  -0.6290 0.3140  0.3811  0.5769  
0.7721  0.6119  0.5186  0.4497  0.3380  0.3528  -0.3756 0.7959  0.3992  0.3266  -0.2636 0.5410  0.5968  0.4585  0.5104  0.6965  0.7040  0.4336  0.5621  0.6329  
0.5146  0.2547  0.1768  0.1351  0.4623  0.4682  -1.0696 0.5825  0.1102  -0.1810 -0.3360 0.1928  0.2398  0.1398  0.1713  0.3616  0.3737  -0.0352 -1.0124 0.0948  
0.4125  0.2703  0.3240  0.2611  -0.4873 -0.4932 0.3197  0.5658  0.2203  -0.5465 -0.3801 0.3465  0.4078  0.2686  0.3160  0.1689  0.5519  -0.0227 0.3688  0.5658  
H 0.144 E 0.129    2.129   1.166   0.243   2.983   2.345   0.350   4.314   2.125  -0.359   3.251   2.736   1.983   2.188   3.686   2.450
Kernel d0: 0.49 sigma: 0.05 SUM:   193.27 maxCount:   7.79 PSEUDO 200+0.2
0.3485  0.3023  0.4068  -0.2952 -0.2125 0.0766  -0.2699 0.1079  0.3216  0.4726  -0.0064 -0.3728 0.4599  -0.2025 0.4011  -0.0451 0.5295  0.0709  0.4299  -0.1027 
0.3626  0.1744  0.1200  0.0912  -0.7220 0.3283  0.1179  -0.1471 0.0742  -0.2938 0.1431  0.1311  0.1640  0.0944  0.1161  0.2507  -0.2879 -0.4887 0.1426  -0.9188 
-0.0297 0.1389  0.0932  -0.5701 -1.4632 0.2812  -0.9912 -0.8140 0.0565  0.3771  0.1124  0.1024  0.1300  0.0725  0.0901  0.2069  0.1845  -1.2239 0.1119  -0.7648 
0.3145  0.1380  0.0926  0.0694  -0.6159 0.2799  0.0908  -0.2490 0.0560  -0.6719 0.1116  0.1017  0.1291  0.0720  -0.0070 0.2058  -1.1107 -0.5893 0.1112  0.2240  
0.0105  0.3235  0.2483  0.2011  0.2999  0.4324  0.2450  -0.0320 0.1702  -0.0584 0.2822  0.2650  0.3103  0.0345  0.2423  0.4060  0.3003  -0.0165 0.2815  0.4240  
-0.0708 0.3129  0.2382  0.1920  -0.6867 0.4631  0.2350  -0.1945 0.1619  0.3790  0.2718  -0.4299 0.2997  0.1975  0.2324  0.3963  -0.1168 0.0634  0.2711  -0.2379 
-0.3328 0.1232  0.0390  0.0610  -0.1959 0.2579  0.0802  -0.9835 0.0491  -1.3548 0.0990  0.0900  0.1150  0.0633  0.0789  0.1865  0.1941  -0.9906 0.0986  -0.7940 
0.5154  -0.2925 0.3253  0.2742  0.1933  0.5214  0.3219  0.5615  0.2384  0.4960  0.3597  0.3425  0.3867  0.2805  0.3191  0.4040  0.0264  0.5766  0.3590  0.4853  
-0.6405 0.0375  0.0546  0.0402  0.1898  -0.3215 0.0536  -0.8026 0.0321  0.0226  0.0669  0.0605  0.0785  0.0418  0.0527  0.1333  0.1395  0.3227  0.0666  0.1474  
-0.0203 -0.3307 0.4191  -0.3544 0.1097  0.5650  0.4161  0.0197  0.3353  0.3182  0.2112  0.4340  0.4704  0.3777  0.4135  0.0695  0.1972  0.0021  0.4480  0.3617  
0.4003  -0.0688 0.1467  0.1130  0.0436  0.3675  0.1443  0.4471  0.0926  -0.0467 0.1732  0.1595  0.1967  0.1168  0.1423  0.2898  0.0330  0.1470  0.1726  0.3099  
-0.9538 -1.5026 0.1083  0.0818  -1.3691 -0.1561 -0.1725 -1.7031 0.0663  -1.5389 -0.7150 0.1186  0.1493  0.0848  0.1047  0.2322  -0.3420 -1.5959 -0.8205 -0.3229 
0.3419  0.1580  0.1074  0.0811  0.3030  0.3073  0.1055  0.3938  0.0657  0.4017  0.1287  0.1176  0.1482  0.0841  0.1039  0.2308  0.2393  0.4357  0.1283  0.2499  
-0.4223 0.1428  0.0960  -0.5599 0.2823  0.2866  0.0943  -0.7155 -0.9987 -0.3482 0.1156  0.1054  0.1336  0.0748  0.0928  -0.0882 -0.6222 -0.2271 0.1152  -0.9320 
0.3175  -0.9051 0.0941  0.0706  0.2786  0.2828  -0.4300 -1.1325 0.0570  -0.8063 0.1134  -0.9626 0.1311  0.0732  0.0909  0.2084  -0.2144 -0.8064 0.1130  0.2268  
0.3067  -1.4340 0.2108  0.1676  -0.3863 0.4393  -0.5278 -0.0215 0.1401  -0.3274 0.1762  0.2266  0.2702  -0.5772 -0.4111 -0.0132 0.3768  -0.3079 0.2423  0.3874  
0.4582  -0.4625 0.2008  0.1588  -0.2116 0.4297  0.1978  0.2135  0.1323  0.5022  0.2323  0.2162  0.2591  0.1637  0.1954  0.3570  -0.1196 0.3523  0.2316  0.3766  
0.5420  0.4046  0.3314  0.2803  0.1290  0.4904  0.2039  0.5637  0.2443  0.3375  -0.3566 0.3485  0.3924  0.2866  0.3252  0.4752  0.4817  0.2100  0.3650  0.4035  
0.3284  0.1479  0.0998  0.0751  0.2894  0.2937  -0.5067 0.3811  0.0608  0.0685  0.0952  0.1095  0.1385  0.0779  0.0965  0.2183  0.2266  -0.2202 -0.9653 0.2370  
0.3229  -0.2978 0.1929  0.1520  -0.6316 0.2495  0.1900  0.4846  0.1264  -0.4690 -0.3044 0.2080  0.2503  0.1568  0.1877  0.0643  0.3570  0.2418  0.2232  0.3679  
H 0.144 E 0.129    1.950   1.249   0.707   2.764   2.446   0.901   4.068   2.356   0.117   3.092   2.678   2.553   2.017   3.529   3.162
Kernel d0: 0.49 sigma: 0.05 SUM:   199.29 maxCount:   7.67 PSEUDO 200+0.2
0.2995  0.3246  0.4204  -0.3034 -0.2067 0.1049  -0.2076 0.1084  0.3334  0.4710  -0.1314 -0.3620 0.4744  -0.1862 0.4146  -0.0331 0.5449  0.0516  0.4384  -0.1163 
0.3753  0.1819  0.1253  0.0954  -0.7156 0.3403  0.1231  -0.1472 0.0776  -0.3014 0.1494  0.1369  0.1710  0.0988  0.1214  0.2607  -0.2816 -0.5100 0.1489  -0.9805 
-0.0082 0.1451  0.0975  -0.5388 -1.4620 0.2919  -0.9794 -0.8190 0.0469  0.3902  0.1174  0.1070  0.1358  0.0759  0.0942  0.2155  0.1717  -1.2422 0.1170  -0.7605 
0.3261  0.1441  0.0968  0.0727  -0.6079 0.2906  0.0950  -0.2472 0.0587  -0.6484 0.1166  0.1063  0.1349  0.0754  -0.0009 0.2143  -1.1293 -0.5769 0.1162  0.2331  
0.0284  0.3353  0.2581  0.2095  0.3199  0.3757  0.2548  -0.0291 0.1775  -0.0580 0.2931  0.2753  0.3218  -0.1475 0.2520  0.3806  0.2865  -0.0299 0.2923  0.4380  
0.0379  0.3245  0.2478  0.2000  -0.6799 0.4777  0.2445  -0.1586 0.1689  0.2932  0.2823  -0.4303 0.3110  0.2057  0.2417  0.4098  -0.0667 0.0635  0.2816  -0.2228 
-0.3648 0.1287  -0.0124 0.0639  -0.2678 0.2680  0.0839  -0.9129 0.0514  -1.3218 0.1035  0.0941  0.1202  0.0663  0.0826  0.1666  0.1931  -1.0781 0.1031  -0.7943 
0.5072  -0.2790 0.3372  0.2848  0.1684  0.5367  0.3337  0.5772  0.2480  0.5106  0.3724  0.3548  0.4000  0.2913  0.3308  0.3943  0.0272  0.5924  0.3717  0.5001  
-0.6169 -0.0070 0.0572  0.0422  0.1978  -0.4367 0.0561  -0.8161 0.0337  0.0292  0.0700  0.0633  0.0821  0.0438  0.0552  0.1392  0.1456  0.3346  0.0698  0.1538  
-0.1089 -0.3088 0.4329  -0.3927 0.1219  0.5806  0.4299  0.0145  0.3474  0.3307  0.1948  0.4481  0.4850  0.3908  0.4273  0.1338  0.2048  0.0161  0.4623  0.3771  
0.4139  -0.1772 0.1531  0.1181  0.0509  0.3804  0.1506  0.4615  0.0969  -0.0341 0.1806  0.1664  0.2049  0.1221  0.1485  0.3008  0.0297  0.1069  0.1800  0.3215  
-1.0213 -1.4584 0.1132  0.0856  -1.3422 -0.1844 -0.1825 -1.6637 0.0695  -1.5117 -0.7931 0.1239  0.1558  0.0887  0.1095  0.2416  -0.3685 -1.5756 -0.8507 -0.3145 
0.3542  0.1648  0.1123  0.0849  0.3143  0.3187  0.1102  0.4072  0.0688  0.4153  0.1345  0.1229  0.1546  0.0880  0.1086  0.2401  0.2488  0.4498  0.1340  0.2598  
-0.4469 0.1490  0.1004  -0.6024 0.2931  0.2975  0.0986  -0.7840 -0.9673 -0.4068 0.1208  0.1102  0.1395  0.0783  0.0971  -0.1012 -0.6539 -0.2095 0.1204  -0.9205 
0.3292  -0.9251 0.0984  0.0739  0.2893  0.2937  -0.4311 -1.1324 0.0597  -0.8104 0.1185  -0.9824 0.1369  0.0767  0.0951  0.2170  -0.2217 -0.7873 0.1181  0.2360  
0.2579  -1.4098 0.2195  0.1748  -0.3760 0.4535  -0.5505 -0.1028 0.1463  -0.3382 0.1701  0.2358  0.2807  -0.6223 -0.4028 -0.0880 0.3898  -0.3594 0.2520  0.4007  
0.4727  -0.4271 0.2091  0.1657  -0.2015 0.4437  0.2061  0.1573  0.1382  0.5173  0.2416  0.2250  0.2693  0.1708  0.2035  0.3611  -0.2623 0.3408  0.2410  0.3897  
0.5575  0.4183  0.3435  0.2910  0.1423  0.4958  0.1787  0.5794  0.2540  0.3290  -0.3663 0.3610  0.4058  0.2975  0.3371  0.4900  0.4965  0.2245  0.3778  0.4180  
0.3404  0.1544  0.1044  0.0787  0.3004  0.3048  -0.5448 0.3942  0.0637  0.0347  0.0977  0.1145  0.1446  0.0816  0.1010  0.2272  0.2357  -0.2086 -0.9724 0.2465  
0.2928  -0.2738 0.2010  0.1586  -0.6234 0.2286  0.1980  0.4976  0.1320  -0.5346 -0.3462 0.2166  0.2602  0.1636  0.1955  0.1099  0.3696  0.2342  0.2323  0.3808  
H 0.144 E 0.129    2.158   1.133   0.025   3.040   2.277  -0.191   3.652   2.754   1.122   2.191   3.549  -0.934   2.296   3.416  -2.424
Kernel d0: 0.49 sigma: 0.05 SUM:    10.58 maxCount:   2.46 PSEUDO 200+0.2
0.0000  0.0000  0.0000  0.0000  0.0000  0.0000  0.0000  0.0000  0.0000  0.0000  0.0000  0.0000  0.0000  0.0000  0.0000  0.0000  0.0000  0.0000  0.0000  0.0000  
0.0000  0.0000  0.0000  0.0000  0.0000  0.0000  0.0000  0.0000  0.0000  0.0000  0.0000  0.0000  0.0000  0.0000  0.0000  0.0000  0.0000  0.0000  0.0000  0.0000  
0.0000  0.0000  0.0000  0.0000  0.0000  0.0000  0.0000  0.0000  0.0000  0.0000  0.0000  0.0000  0.0000  0.0000  0.0000  0.0000  0.0000  0.0000  0.0000  0.0000  
0.0000  0.0000  0.0000  0.0000  0.0000  0.0000  0.0000  0.0000  0.0000  0.0000  0.0000  0.0000  0.0000  0.0000  0.0000  0.0000  0.0000  0.0000  0.0000  0.0000  
0.0000  0.0000  0.0000  0.0000  0.0000  0.0000  0.0000  0.0000  0.0000  0.0000  0.0000  0.0000  0.0000  0.0000  0.0000  0.0000  0.0000  0.0000  0.0000  0.0000  
0.0000  0.0000  0.0000  0.0000  0.0000  0.0000  0.0000  0.0000  0.0000  0.0000  0.0000  0.0000  0.0000  0.0000  0.0000  0.0000  0.0000  0.0000  0.0000  0.0000  
0.0000  0.0000  0.0000  0.0000  0.0000  0.0000  0.0000  0.0000  0.0000  0.0000  0.0000  0.0000  0.0000  0.0000  0.0000  0.0000  0.0000  0.0000  0.0000  0.0000  
0.0000  0.0000  0.0000  0.0000  0.0000  0.0000  0.0000  0.0000  0.0000  0.0000  0.0000  0.0000  0.0000  0.0000  0.0000  0.0000  0.0000  0.0000  0.0000  0.0000  
0.0000  0.0000  0.0000  0.0000  0.0000  0.0000  0.0000  0.0000  0.0000  0.0000  0.0000  0.0000  0.0000  0.0000  0.0000  0.0000  0.0000  0.0000  0.0000  0.0000  
0.0000  0.0000  0.0000  0.0000  0.0000  0.0000  0.0000  0.0000  0.0000  0.0000  0.0000  0.0000  0.0000  0.0000  0.0000  0.0000  0.0000  0.0000  0.0000  0.0000  
0.0000  0.0000  0.0000  0.0000  0.0000  0.0000  0.0000  0.0000  0.0000  0.0000  0.0000  0.0000  0.0000  0.0000  0.0000  0.0000  0.0000  0.0000  0.0000  0.0000  
0.0000  0.0000  0.0000  0.0000  0.0000  0.0000  0.0000  0.0000  0.0000  0.0000  0.0000  0.0000  0.0000  0.0000  0.0000  0.0000  0.0000  0.0000  0.0000  0.0000  
0.0000  0.0000  0.0000  0.0000  0.0000  0.0000  0.0000  0.0000  0.0000  0.0000  0.0000  0.0000  0.0000  0.0000  0.0000  0.0000  0.0000  0.0000  0.0000  0.0000  
0.0000  0.0000  0.0000  0.0000  0.0000  0.0000  0.0000  0.0000  0.0000  0.0000  0.0000  0.0000  0.0000  0.0000  0.0000  0.0000  0.0000  0.0000  0.0000  0.0000  
0.0000  0.0000  0.0000  0.0000  0.0000  0.0000  0.0000  0.0000  0.0000  0.0000  0.0000  0.0000  0.0000  0.0000  0.0000  0.0000  0.0000  0.0000  0.0000  0.0000  
0.0000  0.0000  0.0000  0.0000  0.0000  0.0000  0.0000  0.0000  0.0000  0.0000  0.0000  0.0000  0.0000  0.0000  0.0000  0.0000  0.0000  0.0000  0.0000  0.0000  
0.0000  0.0000  0.0000  0.0000  0.0000  0.0000  0.0000  0.0000  0.0000  0.0000  0.0000  0.0000  0.0000  0.0000  0.0000  0.0000  0.0000  0.0000  0.0000  0.0000  
0.0000  0.0000  0.0000  0.0000  0.0000  0.0000  0.0000  0.0000  0.0000  0.0000  0.0000  0.0000  0.0000  0.0000  0.0000  0.0000  0.0000  0.0000  0.0000  0.0000  
0.0000  0.0000  0.0000  0.0000  0.0000  0.0000  0.0000  0.0000  0.0000  0.0000  0.0000  0.0000  0.0000  0.0000  0.0000  0.0000  0.0000  0.0000  0.0000  0.0000  
0.0000  0.0000  0.0000  0.0000  0.0000  0.0000  0.0000  0.0000  0.0000  0.0000  0.0000  0.0000  0.0000  0.0000  0.0000  0.0000  0.0000  0.0000  0.0000  0.0000  
H 0.144 E 0.129    2.115   1.141   0.257   3.011   2.294   0.231   4.012   2.238   1.379   2.120   3.740   0.305   1.787   4.194  -1.085
Kernel d0: 0.49 sigma: 0.05 SUM:     7.18 maxCount:   1.78 PSEUDO 200+0.2
0.0000  0.0000  0.0000  0.0000  0.0000  0.0000  0.0000  0.0000  0.0000  0.0000  0.0000  0.0000  0.0000  0.0000  0.0000  0.0000  0.0000  0.0000  0.0000  0.0000  
0.0000  0.0000  0.0000  0.0000  0.0000  0.0000  0.0000  0.0000  0.0000  0.0000  0.0000  0.0000  0.0000  0.0000  0.0000  0.0000  0.0000  0.0000  0.0000  0.0000  
0.0000  0.0000  0.0000  0.0000  0.0000  0.0000  0.0000  0.0000  0.0000  0.0000  0.0000  0.0000  0.0000  0.0000  0.0000  0.0000  0.0000  0.0000  0.0000  0.0000  
0.0000  0.0000  0.0000  0.0000  0.0000  0.0000  0.0000  0.0000  0.0000  0.0000  0.0000  0.0000  0.0000  0.0000  0.0000  0.0000  0.0000  0.0000  0.0000  0.0000  
0.0000  0.0000  0.0000  0.0000  0.0000  0.0000  0.0000  0.0000  0.0000  0.0000  0.0000  0.0000  0.0000  0.0000  0.0000  0.0000  0.0000  0.0000  0.0000  0.0000  
0.0000  0.0000  0.0000  0.0000  0.0000  0.0000  0.0000  0.0000  0.0000  0.0000  0.0000  0.0000  0.0000  0.0000  0.0000  0.0000  0.0000  0.0000  0.0000  0.0000  
0.0000  0.0000  0.0000  0.0000  0.0000  0.0000  0.0000  0.0000  0.0000  0.0000  0.0000  0.0000  0.0000  0.0000  0.0000  0.0000  0.0000  0.0000  0.0000  0.0000  
0.0000  0.0000  0.0000  0.0000  0.0000  0.0000  0.0000  0.0000  0.0000  0.0000  0.0000  0.0000  0.0000  0.0000  0.0000  0.0000  0.0000  0.0000  0.0000  0.0000  
0.0000  0.0000  0.0000  0.0000  0.0000  0.0000  0.0000  0.0000  0.0000  0.0000  0.0000  0.0000  0.0000  0.0000  0.0000  0.0000  0.0000  0.0000  0.0000  0.0000  
0.0000  0.0000  0.0000  0.0000  0.0000  0.0000  0.0000  0.0000  0.0000  0.0000  0.0000  0.0000  0.0000  0.0000  0.0000  0.0000  0.0000  0.0000  0.0000  0.0000  
0.0000  0.0000  0.0000  0.0000  0.0000  0.0000  0.0000  0.0000  0.0000  0.0000  0.0000  0.0000  0.0000  0.0000  0.0000  0.0000  0.0000  0.0000  0.0000  0.0000  
0.0000  0.0000  0.0000  0.0000  0.0000  0.0000  0.0000  0.0000  0.0000  0.0000  0.0000  0.0000  0.0000  0.0000  0.0000  0.0000  0.0000  0.0000  0.0000  0.0000  
0.0000  0.0000  0.0000  0.0000  0.0000  0.0000  0.0000  0.0000  0.0000  0.0000  0.0000  0.0000  0.0000  0.0000  0.0000  0.0000  0.0000  0.0000  0.0000  0.0000  
0.0000  0.0000  0.0000  0.0000  0.0000  0.0000  0.0000  0.0000  0.0000  0.0000  0.0000  0.0000  0.0000  0.0000  0.0000  0.0000  0.0000  0.0000  0.0000  0.0000  
0.0000  0.0000  0.0000  0.0000  0.0000  0.0000  0.0000  0.0000  0.0000  0.0000  0.0000  0.0000  0.0000  0.0000  0.0000  0.0000  0.0000  0.0000  0.0000  0.0000  
0.0000  0.0000  0.0000  0.0000  0.0000  0.0000  0.0000  0.0000  0.0000  0.0000  0.0000  0.0000  0.0000  0.0000  0.0000  0.0000  0.0000  0.0000  0.0000  0.0000  
0.0000  0.0000  0.0000  0.0000  0.0000  0.0000  0.0000  0.0000  0.0000  0.0000  0.0000  0.0000  0.0000  0.0000  0.0000  0.0000  0.0000  0.0000  0.0000  0.0000  
0.0000  0.0000  0.0000  0.0000  0.0000  0.0000  0.0000  0.0000  0.0000  0.0000  0.0000  0.0000  0.0000  0.0000  0.0000  0.0000  0.0000  0.0000  0.0000  0.0000  
0.0000  0.0000  0.0000  0.0000  0.0000  0.0000  0.0000  0.0000  0.0000  0.0000  0.0000  0.0000  0.0000  0.0000  0.0000  0.0000  0.0000  0.0000  0.0000  0.0000  
0.0000  0.0000  0.0000  0.0000  0.0000  0.0000  0.0000  0.0000  0.0000  0.0000  0.0000  0.0000  0.0000  0.0000  0.0000  0.0000  0.0000  0.0000  0.0000  0.0000  
H 0.144 E 0.129    2.008   1.162  -0.622   2.902   2.301  -0.804   2.983   2.706  -2.272   4.455   1.938  -0.214   4.544   2.329   1.231
Kernel d0: 0.49 sigma: 0.05 SUM:   260.47 maxCount:  12.38 PSEUDO 200+0.2
0.1170  0.0576  0.5510  -0.3065 0.0872  0.0663  0.5474  0.3627  0.4485  0.5409  -0.6432 0.4866  0.6123  -0.3034 0.5443  0.4652  0.6895  0.2394  0.2077  0.4210  
0.4985  0.2568  0.1805  0.1388  -0.1619 0.4568  0.1775  -0.1301 0.1137  -0.2298 0.2133  0.1964  0.2424  0.1436  0.1750  0.3587  -0.5045 -0.3512 0.2126  -1.0378 
-0.6055 0.2074  0.1418  -0.6782 -1.2188 -0.5570 -0.9928 -0.7696 -1.1701 0.5159  -0.5943 0.1551  0.1948  0.1113  0.1372  0.3009  -0.1772 -0.9891 0.1690  -0.5476 
0.4396  0.2062  0.1408  0.1067  -0.4299 -0.5518 0.1383  -0.1439 0.0866  -0.6557 0.1685  0.1541  0.1936  0.1105  -0.4499 0.2993  -1.2686 -0.2259 0.1679  0.3237  
-0.3399 0.4508  0.3555  0.2931  -0.2140 -0.5465 0.3512  0.3805  0.2510  0.2540  0.3991  0.3771  0.4344  -0.7593 0.3477  -0.4426 0.1256  0.2663  0.3982  0.5711  
-0.7151 0.4377  0.3423  0.2807  -0.5803 0.6159  0.3381  -0.4526 0.2396  -0.2171 0.3858  -0.2850 0.4211  0.2882  -0.5294 0.1638  0.0576  0.0330  0.3849  -0.2355 
-0.5057 0.1851  -1.1010 0.0941  -0.4589 0.3680  0.1227  -1.1217 0.0761  -1.4433 0.1503  0.1371  0.1734  0.0975  0.1208  -0.8258 -0.6913 -0.9530 0.1497  -0.7904 
0.0837  0.5419  0.4530  0.3889  0.0194  0.6807  0.4488  0.7240  0.3426  0.6994  0.4950  0.4741  0.5273  0.3969  0.4453  0.3038  -0.3958 0.7400  0.4942  0.6407  
-1.2220 -0.4577 0.0845  0.0626  0.2778  -0.7977 0.0829  -1.2098 0.0502  -0.0227 0.1029  -1.1574 0.1201  0.0651  0.0815  0.1995  0.2082  0.4499  0.1025  0.2194  
-0.0531 -0.0547 0.5653  -0.7172 0.5437  0.7277  0.5618  0.0497  0.4653  0.4910  0.0061  0.5827  0.6240  0.5166  0.5589  -0.0358 0.4682  0.4561  0.5986  0.7027  
0.5435  -0.3511 0.2184  0.1704  0.3841  0.5044  0.2149  0.5977  0.1409  0.5917  0.2551  0.2362  0.2871  0.1760  0.2121  0.4087  -0.5112 0.1169  0.2544  0.4340  
-1.3937 -1.4950 0.1637  0.1251  -1.2826 -0.6713 -1.0408 -2.1548 0.1021  -1.7878 -1.2347 0.1785  0.2220  0.1295  0.1586  -0.7017 -1.3440 -1.6693 -0.9233 0.3595  
0.4734  0.2341  0.1624  0.1240  0.4253  0.4307  0.1596  0.5358  0.1012  0.5451  0.1930  0.1771  0.2204  0.1284  0.1573  0.3326  0.3437  0.5845  0.1924  0.3576  
-0.6876 0.2128  0.1459  -1.1264 0.3992  0.4046  0.1433  -0.8041 -1.5061 -0.8474 0.1743  0.1595  0.1999  0.1147  0.1412  -0.1798 -0.6960 0.1261  0.1737  -1.0157 
0.4433  -0.6302 0.1431  0.1085  0.3945  0.3999  0.1405  -0.5185 0.0881  -0.7691 -0.8835 -0.9473 0.1964  0.1124  0.1385  0.3029  -1.0233 -1.0194 0.1704  0.3273  
-0.4209 -1.2899 -0.6185 0.2474  -0.0282 0.5887  -0.7511 -0.3038 0.2091  -0.6514 -0.1165 0.3270  0.3838  -1.1513 0.2385  -0.2935 0.5155  -0.1772 0.3477  0.5282  
0.0701  -0.5777 0.2926  0.2352  0.5733  -0.0838 0.2887  0.1669  0.1981  0.4769  0.3345  0.3132  0.3695  0.2421  0.2854  0.1368  -0.7196 0.2409  0.3337  0.5154  
0.7031  0.5485  0.4606  0.3966  0.6631  0.2804  -0.4240 0.7263  0.3502  0.3144  -0.2014 0.4815  0.5341  0.4047  0.4529  0.6295  0.6368  0.7063  0.5014  0.6454  
0.4568  0.2200  0.1515  0.1152  0.4082  0.4136  -1.0565 0.5206  0.0937  -0.2271 -0.3835 0.1655  0.2069  0.1193  0.1466  0.3160  0.3270  0.5321  -0.5686 -0.6832 
0.3593  0.3747  0.2820  0.2258  0.3635  -0.6453 0.2781  0.4935  0.1896  -0.3119 -0.0748 0.3023  0.3581  0.2324  0.2749  0.1441  0.4917  -0.1423 0.3226  0.5049  
H 0.144 E 0.129    2.107   1.176   0.383   3.067   2.262   0.201   3.487   2.385  -1.259   4.433   2.017   1.182   4.216   2.672   2.514
Kernel d0: 0.49 sigma: 0.05 SUM:   288.86 maxCount:  12.55 PSEUDO 200+0.2
0.2136  0.1091  0.6073  -0.2922 0.0220  0.0681  0.6035  0.2739  0.4991  0.5713  -0.6153 0.0094  0.6711  -0.2697 0.6003  0.4600  0.7506  0.2066  0.2584  0.1204  
0.5521  0.2914  0.2064  0.1595  -0.4913 0.5079  0.2030  -0.1045 0.1310  -0.4110 0.2431  0.2242  0.2754  0.1649  0.2003  0.4027  -0.4898 -0.4467 0.2423  -1.0558 
-0.5540 0.2366  0.1629  -0.7005 -1.4376 -0.5343 -1.0830 -0.8267 -1.1842 0.5705  -0.5898 0.1779  0.2224  0.1283  0.1577  0.3398  -0.1522 -1.1828 0.1935  -0.7085 
0.4897  0.2352  0.1618  0.1230  -0.5410 -0.4546 0.1589  -0.1615 0.1001  -0.6619 0.1930  0.1768  0.2211  0.1274  -0.4488 0.3381  -1.3379 -0.4361 0.1923  0.3646  
-0.0935 0.5015  0.3992  0.3312  -0.0802 -0.4543 0.3946  0.1716  0.2850  0.1783  0.4463  0.4226  0.4841  -0.7587 0.3908  -0.3672 0.1737  0.1136  0.4454  0.6283  
-0.5971 0.4876  0.3850  0.3177  -0.6231 0.6748  0.3804  -0.4304 0.2723  -0.1677 0.4320  -0.3699 0.4699  0.3259  0.2767  0.5457  -0.0100 0.0504  0.4310  -0.1000 
-0.4897 0.2116  -1.1186 0.1086  -0.5011 0.4127  0.1412  -1.1283 0.0880  -1.4868 0.1724  0.1575  0.1984  0.1126  0.1391  -0.8163 -0.6698 -1.1008 0.1718  -0.9241 
0.1385  0.5581  0.5040  0.4353  0.0699  0.7416  0.4995  0.7857  0.3853  0.7174  0.5485  0.5264  0.5825  0.4440  0.4958  0.3569  -0.3526 0.8020  0.5476  0.7005  
-1.2097 -0.4613 0.0977  0.0726  0.3144  -0.7947 0.0958  -1.2495 0.0583  0.0103  0.1187  -1.1694 0.1383  0.0754  0.0943  0.2277  0.2374  0.5006  0.1182  0.2498  
-0.0382 -0.0519 0.6223  -0.6899 0.5227  0.7895  0.6187  0.0633  0.5170  0.5177  0.0672  0.6404  0.6833  0.5713  0.6156  0.0172  0.3910  0.3025  0.6570  0.7588  
0.5994  -0.3459 0.2487  0.1951  0.2045  0.5584  0.2449  0.6560  0.1618  0.4632  0.2895  0.2686  0.3246  0.2014  0.2418  0.4566  -0.4799 0.1596  0.2886  0.4837  
-1.2505 -1.6612 0.1875  0.1439  -1.4566 -0.7099 -1.0471 -2.1360 0.1177  -1.7727 -1.2542 0.2042  0.2527  0.1489  0.1818  -0.5684 -1.3489 -1.7534 -0.9682 0.3778  
0.5256  0.2662  0.1861  0.1427  0.4744  0.4801  0.1830  0.5914  0.1167  0.6011  0.2204  0.2027  0.2510  0.1477  0.1804  0.3744  0.3864  0.6423  0.2197  0.4015  
-0.6719 0.2426  0.1675  -1.1459 0.4464  0.4522  0.1646  -0.8473 -1.5349 -0.8299 0.1995  0.1829  0.2282  0.1321  0.1622  -0.1594 -0.7130 -0.0393 0.1988  -1.0440 
0.4936  -0.9473 0.1643  0.1250  0.4413  0.4471  0.1415  -0.8322 0.1018  -0.9022 -0.6243 -1.0531 0.2242  0.1295  0.1591  0.3420  -0.9837 -1.0086 0.1951  0.3686  
-0.2508 -1.3873 0.2675  0.2809  -0.2469 0.6467  -0.7474 -0.3321 0.2384  -0.6498 -0.0865 0.3683  0.4298  -1.1514 0.1057  -0.2596 0.5701  -0.2540 0.3908  0.5834  
0.4838  -0.5630 0.3308  0.2675  0.6307  0.2293  0.3264  0.1878  0.2262  0.5364  0.3765  0.3533  0.4144  0.2750  0.3228  0.1813  -0.7077 0.2870  0.3756  0.5699  
0.7644  0.6047  0.5120  0.4436  0.5112  0.3364  -0.3900 0.7881  0.3935  0.3037  -0.2636 0.5342  0.5897  0.4523  0.5038  0.6890  0.6964  0.5538  0.5552  0.6900  
0.5080  0.2506  0.1738  0.1327  0.4561  0.4619  -1.0729 0.5755  0.1082  -0.1872 -0.3685 0.1896  0.2359  0.1374  0.1683  0.3563  0.3683  0.3892  -0.9883 -0.5914 
0.4060  0.4200  0.3191  0.2569  -0.2376 -0.6101 0.3148  0.5510  0.2167  -0.3753 -0.1914 0.3414  0.4021  0.2643  0.3112  0.1632  0.5450  -0.0923 0.3635  0.5589  
