H 0.156 E 0.395    2.151   1.143  -0.050   3.044   2.299  -0.025   3.357   2.780  -1.437   4.484   1.919   0.794   4.328   2.235   2.252
Kernel d0: 0.49 sigma: 0.05 SUM:   303.96 maxCount:   8.56 PSEUDO 200+0.2
0.3787  0.6213  0.7406  0.7593  0.4144  0.5815  0.7097  0.2353  0.3227  0.3079  -0.7311 0.6096  0.7159  0.1541  0.3716  0.1191  0.7982  0.0151  0.7111  0.7500  
0.4593  0.2075  0.3543  0.3895  -0.8450 0.4275  0.3054  0.5876  -0.2707 -0.5362 0.2435  0.3129  0.3144  0.3187  -0.3329 0.4452  0.4823  -0.6366 0.3074  -0.8955 
-2.1244 0.1709  -0.8592 -0.9955 -1.8270 -1.2320 -1.2424 -0.6810 -1.4681 -0.1909 -0.6003 0.2652  0.2666  -1.0547 -0.6835 -1.1255 -0.9344 -0.3426 0.2602  0.4590  
0.4095  0.1737  0.3076  0.3413  -0.4606 -0.3090 0.2620  -0.2411 -1.2782 -0.7346 -1.0329 0.2689  0.2703  0.2743  -0.0991 0.3956  -1.1889 0.1045  0.2638  0.4634  
-0.4501 0.4151  0.5820  0.1492  0.5798  -0.4908 0.5334  0.1047  0.6244  0.2788  -0.5370 0.5412  0.5428  -0.3938 -0.1021 -0.2098 0.3511  -0.0241 0.5355  0.1203  
-0.4021 -0.6561 0.5577  0.5906  0.0705  0.6235  0.5077  0.1289  0.0620  -0.2780 0.4358  0.1574  0.5173  -0.8728 -0.2552 -0.3056 -0.2122 0.1200  0.3370  -0.0098 
-0.7214 0.1516  -0.9120 0.3073  -0.0237 0.3428  0.2325  -0.9115 0.3189  -0.3650 0.1805  0.2389  0.2402  0.2439  -1.0339 -0.7512 -0.1303 0.2326  0.2341  0.4268  
0.1010  0.5180  0.6675  0.6933  0.3565  0.7179  0.6265  0.7973  0.7018  0.5267  0.5628  0.6332  0.6346  0.3978  0.7293  0.7285  -0.1956 0.5372  0.6283  0.7643  
0.2909  0.1075  0.2055  0.2326  0.3612  0.2635  0.1704  -1.0466 0.2426  0.4494  -1.1644 -1.0863 0.1767  0.1797  0.2797  0.2785  0.3117  0.4550  0.1718  0.3404  
0.1646  0.6423  0.4905  -0.1708 0.6627  0.7873  0.7255  0.1378  0.7769  0.1202  0.6781  0.2109  0.7312  0.0303  0.4273  0.0380  0.0278  0.1971  0.7268  0.3211  
0.5203  0.2553  0.4150  0.4511  -0.0979 -0.4760 0.3636  0.6401  0.4639  0.3706  0.2959  0.3715  0.3731  0.3777  0.5079  0.5066  -0.8200 -0.0087 0.3657  0.5712  
-0.8583 -1.5883 0.3377  -1.7058 -1.8051 -0.6489 -0.8851 -1.5024 -1.0265 -1.8509 0.2298  -0.4902 0.2986  -0.8611 -1.0676 -1.1043 -1.0442 -1.4325 -0.8760 -0.6023 
0.4348  0.1903  0.3310  0.3656  0.5099  0.4031  0.2837  0.5654  0.3780  0.5932  0.2243  0.2909  0.2923  0.2964  0.4221  0.4207  0.4579  0.5982  0.2855  0.4885  
-0.6444 0.1755  0.3103  -1.0733 0.4879  0.3810  0.2645  -1.2509 -2.3037 -1.3585 0.2077  0.2714  0.2728  -2.0415 -1.8801 -0.6732 -1.4121 -0.6269 -0.9284 -1.2848 
0.4176  -1.0809 0.2527  0.3489  -0.4690 0.3860  0.2688  -0.3590 0.3612  0.5778  -0.3534 0.2758  0.2772  0.2812  0.4049  0.4035  -1.4069 -0.5343 0.2706  0.4714  
-0.1135 -0.9309 -0.4020 0.5561  -0.0486 0.5909  -0.9401 0.0819  0.5679  -0.7592 0.3980  0.4784  0.4800  0.4847  0.6076  0.6064  0.6375  -0.0662 -0.7853 0.4415  
0.6061  0.3381  0.0217  -0.7988 0.6670  -0.2618 -0.5522 0.1153  -0.4988 0.4162  0.3838  -0.3827 0.4657  0.4703  -0.4629 0.5938  0.6257  0.5845  0.4580  0.2324  
0.5417  0.5243  0.6724  0.6977  0.4736  0.7219  -0.1161 0.7996  0.7061  0.2807  0.5689  0.2076  0.6399  0.6436  0.2178  -0.0590 0.3107  0.8115  0.6337  0.7115  
0.4265  0.1847  -0.4484 0.3575  -0.4435 0.3949  -0.7183 0.5577  0.3699  -0.4862 0.2181  0.2835  0.2850  0.2891  0.4138  0.4124  -0.5633 0.2517  -0.8386 -0.4880 
-0.6331 0.3350  0.5043  0.0028  0.3293  -0.5205 0.4525  0.3179  0.0179  -0.2414 0.3805  0.4607  0.4623  -0.5819 0.5920  -0.1445 0.6229  -0.4567 0.4546  0.6478  
H 0.156 E 0.395    2.147   1.155  -0.127   3.011   2.330  -0.190   2.750   3.135  -1.458   4.646   1.869  -0.118   5.094   1.840   1.313
Kernel d0: 0.49 sigma: 0.05 SUM:   220.36 maxCount:   6.06 PSEUDO 200+0.2
0.1426  0.4545  0.5595  0.5765  0.4490  0.4051  0.5317  0.4230  0.2335  0.2768  -0.8029 0.5363  0.5372  0.1963  0.2297  0.0185  0.6125  0.1596  0.5329  0.5665  
0.3216  0.1356  0.2411  0.2677  -0.1126 0.2968  0.2051  0.4260  -0.8904 -0.5073 0.1607  0.2106  0.2116  0.2148  -0.3880 0.3105  0.3398  -0.6160 0.2065  -0.3953 
-2.1419 0.1106  -0.8641 -1.0162 -1.0952 -1.2549 -1.1153 -0.4797 -1.4795 -0.2890 -0.5962 0.1762  0.1772  -1.4188 -0.7322 -1.1568 -0.9840 0.2490  0.1726  0.3214  
0.2829  0.1125  0.2067  0.2314  0.2486  -0.3721 0.1739  0.1561  -1.2193 -0.7292 -1.0091 0.1788  0.1798  0.1826  -0.1532 0.2722  -1.0272 0.3987  0.1751  0.3248  
-0.5731 0.2872  0.4213  0.0148  0.4159  -0.4459 0.3811  0.2148  0.4572  0.3358  -0.4343 0.3875  0.3887  -0.4437 -0.0240 -0.2745 0.2139  0.0929  0.3827  0.4322  
-1.0786 -0.7388 0.4010  0.4285  0.4456  0.4564  0.3602  0.2064  -0.0185 -0.2158 0.3032  -0.0147 0.3679  -0.8931 -0.2944 -0.3904 -0.0878 0.2268  0.3619  -0.1057 
-0.2819 0.0976  -0.9082 0.2064  0.2480  0.2326  0.1530  -0.7053 0.2150  -0.1081 0.1172  0.1575  0.1584  0.1610  -0.6405 -0.7844 0.2727  0.1043  0.1542  0.2962  
-0.1196 0.3685  0.4944  0.5171  0.2061  0.5391  0.4590  0.6117  0.5246  0.3215  0.4053  0.4647  0.4659  0.2491  0.5493  0.5486  -0.1849 0.6158  0.4605  0.5811  
0.1946  0.0683  0.1343  0.1531  0.2463  0.1749  0.1103  -0.9163 0.1601  0.3138  -1.0884 -1.0479 0.1145  0.1166  0.1865  0.1857  0.2097  0.3182  0.1112  0.2308  
0.1810  0.4725  0.3194  -0.2796 0.5100  0.6024  0.5459  0.1982  0.5927  0.1702  0.5037  0.4605  0.5510  0.0549  0.2012  0.0684  0.0806  0.3778  0.5470  0.4002  
0.3704  0.1691  0.2871  0.3152  0.0172  -0.5585 0.2481  0.4706  0.3252  0.1152  0.1982  0.2540  0.2552  0.2587  0.3603  0.3593  -0.7877 0.0514  0.2496  0.4122  
-1.0302 -1.2012 0.2288  -1.6727 -1.2465 -0.7013 -0.8446 -1.2029 -0.0508 -1.4441 0.1512  -0.2058 0.2002  -0.8354 -0.7018 -1.2027 -0.9331 -1.0164 -0.1978 -0.1985 
0.3024  0.1238  0.2239  0.2496  0.3619  0.2780  0.1894  0.4074  0.2589  0.4307  0.1474  0.1945  0.1956  0.1986  0.2926  0.2915  0.3205  0.4349  0.1907  0.3448  
-0.5251 0.1138  0.2087  -0.9964 0.3443  0.2612  0.1756  -0.9891 -2.0597 -1.0758 0.1358  0.1806  0.1816  -1.7785 -1.6627 -0.7219 -0.9711 -0.4536 -0.8296 -0.7962 
0.2891  -1.0400 0.2121  0.2371  -0.5356 0.2650  0.1787  0.3184  0.2463  0.4177  -0.3975 0.1837  0.1847  0.1876  0.2793  0.2783  -1.2336 -0.6245 0.1800  0.3312  
-0.3579 -0.0620 -0.4909 0.3997  0.0089  0.4287  -0.7292 0.1281  0.4095  -0.7238 0.2741  0.3367  0.3380  0.3417  0.4428  0.4418  0.4684  0.2269  -0.6640 0.4470  
0.4416  0.2291  -0.1753 -0.8996 0.4940  -0.3454 -0.5996 0.0069  -0.5914 0.2793  0.2633  -0.6055 0.3266  0.3303  -0.5496 0.4312  0.4582  0.5178  0.3206  0.2400  
0.3686  0.3736  0.4987  0.5210  0.5748  0.5427  -0.2236 0.6138  0.5284  0.2737  0.4103  0.2956  0.4704  0.4736  0.0472  0.0451  0.5551  0.6249  0.4651  0.5840  
0.2960  0.1200  -0.8416 0.2435  -0.1545 0.2717  -0.5621 0.4010  0.2528  -0.0826 0.1430  0.1893  0.1903  0.1932  0.2862  0.2851  -0.6328 0.4040  0.1278  -0.5758 
-0.7188 0.2268  0.3574  -0.1221 0.4918  -0.6084 0.3163  0.3157  -0.1007 -0.2030 0.2608  0.3227  0.3240  -0.6379 0.4296  -0.3420 0.4558  -0.4919 0.3179  0.4773  
H 0.156 E 0.395    2.158   1.129  -0.013   3.062   2.274   0.049   3.970   2.323  -1.174   3.998   2.216   1.467   3.286   2.947   2.566
Kernel d0: 0.49 sigma: 0.05 SUM:   277.78 maxCount:   8.13 PSEUDO 200+0.2
0.3701  0.5718  0.6873  0.7055  0.3497  0.6537  0.6295  0.1007  0.2758  0.1783  -0.6899 0.4360  0.6632  0.1077  0.2821  0.2607  0.7437  -0.0604 0.6585  0.7116  
0.4178  0.1852  0.3198  0.3526  -1.0385 0.3880  0.2747  0.5396  -0.1106 -0.5663 0.2179  0.2816  0.2830  0.2869  -0.3235 0.4046  0.4395  -0.7654 0.2765  -0.9237 
-1.6343 0.1521  -0.7700 -0.3435 -1.8873 -0.7901 -1.2368 -0.4281 -0.8510 -0.2004 -0.2154 0.2378  0.2391  -0.7632 -0.1231 -0.7052 -0.3861 -0.4204 0.2332  0.4176  
0.3712  0.1546  0.2767  0.3078  -0.5144 0.0370  0.2349  -0.2828 -1.2688 -0.7033 -0.3781 0.2412  0.2424  0.2461  -0.1195 0.3582  -1.1839 0.0283  0.2365  0.4217  
-0.2971 -0.0874 0.5342  0.1962  0.5314  -0.3766 0.4879  0.0545  0.5748  0.2390  -0.5572 0.4953  0.4968  -0.3555 -0.0953 -0.3701 0.4572  -0.0205 0.4898  0.0675  
0.1741  0.2937  0.5110  0.5424  -0.3070 0.5740  0.4635  0.0850  0.0903  -0.3041 0.3958  0.4711  0.4726  -0.8612 -0.1355 -0.1350 -0.0630 -0.0089 0.0563  0.0112  
-0.7393 0.1347  -0.8132 0.2764  -0.7247 0.3092  0.2079  -0.9119 0.2871  -0.3970 0.1608  0.2137  0.2149  0.2183  -1.0358 -0.5213 -0.3020 0.2486  0.2094  0.3874  
0.3371  0.4732  0.6164  0.6413  0.3160  0.6652  0.5769  0.7428  0.6495  0.7469  0.5159  0.5833  0.5846  0.3603  0.6763  0.6755  -0.1948 0.4518  0.5786  0.7104  
0.2613  0.0951  0.1834  0.2080  0.3262  0.2362  0.1517  -1.0336 0.2171  0.4085  -1.1011 -0.5955 0.1573  0.1600  0.2511  0.2500  0.2805  0.4138  0.1529  0.3069  
0.2851  0.5921  0.6396  -0.0468 0.4004  0.7330  0.6726  0.0931  0.7228  0.1044  0.6266  0.1479  0.6782  0.1531  0.4478  0.0840  -0.1685 -0.0066 0.6738  0.1880  
0.4754  0.2288  0.3763  0.4102  -0.1654 0.0033  0.3285  0.5899  0.4221  0.3352  0.2660  0.3358  0.3373  0.3416  0.4637  0.4624  -0.8271 -0.0510 0.3304  0.5238  
-0.5981 -1.5508 0.3045  -1.5858 -1.9087 -0.3748 -0.8833 -1.4959 -1.2224 -1.8335 0.2055  -0.3838 0.2685  -0.8572 -0.6621 -0.6905 -0.9825 -1.4559 -0.8886 -0.8242 
0.3949  0.1697  0.2983  0.3303  0.4656  0.3652  0.2547  0.5183  0.3418  0.5449  0.2005  0.2613  0.2626  0.2664  0.3829  0.3817  0.4166  0.5497  0.2564  0.4454  
-0.6635 0.1563  0.2792  -1.0514 0.4448  0.3446  0.2371  -1.2765 -2.3043 -1.3968 0.1854  0.2435  0.2447  -2.0210 -1.8788 -0.3925 -1.1614 -0.6780 -0.9291 -1.3132 
0.3787  -0.7774 -0.7486 0.3149  -0.4531 0.3493  -0.2292 -0.8169 0.3262  0.5301  0.1692  0.2475  0.2488  0.2525  0.3669  0.3656  -1.2642 -0.4909 0.2427  0.4292  
0.4074  -0.9815 -0.3415 0.5095  -0.0406 0.5427  -0.9540 0.0932  0.5207  -0.7726 0.3605  0.4359  0.4374  0.4418  0.5587  0.5575  0.5874  -0.1593 -0.7958 0.3919  
0.5572  0.3049  0.4634  -0.1227 0.3048  -0.2729 -0.5597 0.0758  -0.2050 0.3711  0.3472  0.4223  0.4238  0.4282  -0.4109 0.5454  0.5760  0.0970  0.4166  0.1880  
0.6620  0.4793  0.6210  0.6456  0.1672  0.6691  -0.1444 0.7451  0.6537  0.3061  0.5217  0.1626  0.5897  0.5933  0.6483  -0.0336 0.2248  0.7567  0.5837  0.4760  
0.3871  0.1646  0.2911  0.3228  -0.4655 0.3575  -0.7231 0.5110  0.3343  -0.5232 0.1948  0.2546  0.2559  0.2597  0.3752  0.3739  -0.0349 0.1962  -0.9123 0.2920  
-0.5655 0.3019  0.4603  0.4457  -0.4352 -0.3827 0.4115  0.2772  0.2776  -0.2198 0.3441  0.4192  0.4207  -0.5350 0.5437  0.5235  0.5733  -0.4431 0.4135  0.5973  
H 0.156 E 0.395    2.094   1.186   0.339   2.980   2.346   0.380   4.405   1.961  -0.001   2.960   3.053   1.926   1.886   4.097   1.985
Kernel d0: 0.49 sigma: 0.05 SUM:    70.21 maxCount:   3.73 PSEUDO 200+0.2
0.1397  0.0973  0.1408  0.1493  0.0782  0.1578  -0.0773 -0.0819 0.1386  0.0257  0.0901  -0.0075 0.1304  0.0816  -0.1003 0.1383  0.1689  -0.0401 0.1285  0.1746  
0.0577  0.0198  0.0394  0.0451  -0.5950 0.0517  0.0322  0.0876  0.0472  0.0401  0.0240  0.0332  0.0334  0.0340  0.0553  0.0550  0.0624  -0.1736 0.0324  -0.1406 
0.0477  0.0157  0.0319  0.0368  -0.9907 0.0425  -0.0095 -0.2171 0.0386  0.0820  0.0192  0.0268  0.0270  0.0275  0.0456  0.0453  0.0518  -0.3684 0.0261  0.0577  
0.0485  0.0160  0.0325  0.0374  -0.3893 0.0432  0.0264  -0.1672 0.0182  0.0575  0.0195  0.0273  0.0274  0.0280  0.0463  0.0461  -0.1227 -0.1592 0.0266  0.0586  
0.1129  -0.2863 0.0861  0.0951  0.1322  0.0207  0.0738  0.0286  0.0983  0.0891  0.0348  0.0757  0.0760  0.0771  0.0777  -0.3290 0.1158  0.0552  0.0743  -0.0840 
0.1061  0.0449  0.0797  0.0885  -0.4129 0.0980  0.0679  0.0900  0.0860  0.0571  0.0532  0.0697  0.0700  0.0577  -0.1730 0.0796  -0.0813 -0.0478 -0.1436 -0.1689 
-0.0186 0.0137  0.0281  0.0324  -0.5528 0.0376  0.0227  -0.1104 0.0341  0.0291  0.0167  0.0235  0.0236  0.0241  -0.1096 0.0402  -0.2787 0.0757  0.0229  0.0516  
0.1391  0.0702  0.1123  0.1216  0.1565  0.1312  0.0989  0.1684  0.1248  0.1741  0.0811  0.1010  0.1014  0.1026  0.1360  0.1356  0.0689  -0.0189 0.0995  0.1517  
0.0302  0.0093  0.0195  0.0227  0.0404  0.0266  0.0157  -0.1126 0.0239  0.0558  0.0114  0.0162  0.0163  0.0167  0.0287  0.0285  0.0331  0.0569  0.0158  0.0372  
-0.0582 0.1039  0.1469  0.1387  -0.0827 0.1632  0.1344  0.0923  0.1578  0.0176  0.1160  -0.0147 0.1368  0.0802  0.1670  0.0562  -0.1833 -0.2279 0.1349  -0.0707 
0.0707  0.0255  0.0495  0.0562  -0.0880 0.0639  0.0408  0.1032  0.0587  -0.0505 0.0309  0.0421  0.0424  0.0431  0.0679  0.0676  0.0409  0.0694  0.0412  0.0832  
0.0346  -0.1362 0.0368  0.0423  -1.0707 0.0486  0.0300  -0.8237 -0.6801 -0.4766 0.0224  -0.1989 0.0312  0.0318  -0.4423 0.0518  -0.0413 -0.3488 -0.1155 -0.3528 
0.0531  0.0178  0.0358  0.0411  0.0684  0.0474  0.0292  0.0817  0.0431  0.0892  0.0217  0.0302  0.0304  0.0309  0.0507  0.0505  0.0575  0.0906  0.0294  0.0637  
-0.0022 0.0162  0.0329  -0.0034 0.0636  0.0436  0.0267  -0.1925 -0.2990 -0.4141 0.0198  0.0276  0.0278  -0.2013 -0.1823 0.0466  -0.1930 -0.1495 -0.0010 -0.4217 
0.0499  0.0166  -0.5877 0.0385  0.0647  0.0445  -0.2325 -0.6658 0.0404  0.0850  0.0202  0.0282  0.0283  0.0289  0.0477  0.0474  -0.0646 0.0863  0.0275  0.0602  
0.0965  -0.3628 0.0710  0.0793  -0.0254 0.0885  -0.0084 -0.0824 0.0824  0.0287  0.0465  0.0616  0.0619  0.0629  0.0933  0.0929  0.1023  0.0373  -0.0505 0.0715  
0.0928  0.0369  0.0679  0.0760  -0.3109 0.0850  0.0571  0.1175  0.0789  0.1322  0.0441  0.0587  0.0590  0.0599  0.0897  0.0893  0.0987  -0.2144 0.0575  0.0740  
0.1407  0.0717  0.1140  0.1233  -0.1540 0.1329  0.1006  0.1697  0.1265  0.1700  0.0826  0.0526  0.1031  0.1043  0.1376  -0.1669 -0.1233 0.1763  0.1011  -0.0015 
0.0515  0.0172  0.0347  0.0399  0.0483  0.0460  -0.0262 0.0797  0.0418  -0.1436 0.0210  0.0292  0.0294  0.0299  0.0492  0.0490  0.0559  -0.0647 -0.5463 0.0620  
0.0920  0.0364  0.0671  0.0752  -0.6079 0.0842  0.0564  0.0496  0.0781  0.0657  0.0435  0.0580  0.0583  0.0593  0.0888  0.0885  0.0978  -0.0888 0.0568  0.1057  
H 0.156 E 0.395    2.132   1.148   0.251   3.000   2.313   0.403   3.690   2.658  -0.911   4.159   2.035   1.616   3.617   2.491   2.939
Kernel d0: 0.49 sigma: 0.05 SUM:   301.73 maxCount:   8.53 PSEUDO 200+0.2
0.4150  0.6173  0.7362  0.7549  0.3899  0.6173  0.7055  0.1521  0.3197  0.2388  -0.7254 0.4943  0.7116  0.1497  0.2274  0.1515  0.7937  -0.0149 0.7068  0.7465  
0.4559  0.2057  0.3515  0.3866  -1.0071 0.4243  0.3030  0.5838  -0.0924 -0.5392 0.2414  0.3104  0.3119  0.3161  -0.3322 0.4419  0.4788  -0.7384 0.3049  -0.9008 
-2.0876 0.1694  -0.8536 -0.8650 -1.8725 -1.1853 -1.2426 -0.6649 -1.3800 -0.1920 -0.5557 0.2630  0.2644  -0.9054 -0.6083 -1.0887 -0.8752 -0.3885 0.2580  0.4557  
0.4065  0.1722  0.3052  0.3386  -0.4882 -0.2474 0.2598  -0.2521 -1.2783 -0.7310 -0.9455 0.2667  0.2681  0.2720  -0.1000 0.3926  -1.1934 0.0651  0.2616  0.4600  
-0.4164 0.3103  0.5782  0.1521  0.5761  -0.4862 0.5298  0.0974  0.6204  0.2733  -0.5402 0.5375  0.5391  -0.3590 -0.0914 -0.2280 0.4014  -0.0401 0.5318  0.1092  
-0.0761 -0.0496 0.5539  0.5867  -0.1831 0.6195  0.5042  0.1246  0.0662  -0.2797 0.4326  0.4542  0.5137  -0.8683 -0.0975 -0.1070 -0.0802 0.0303  0.1045  0.0526  
-0.7258 0.1502  -0.9070 0.3048  -0.3472 0.3401  0.2305  -0.9079 0.3164  -0.3698 0.1790  0.2369  0.2382  0.2418  -1.0374 -0.7362 -0.2729 0.2330  0.2321  0.4236  
0.2281  0.5144  0.6634  0.6890  0.3527  0.7137  0.6225  0.7928  0.6975  0.7544  0.5591  0.6292  0.6305  0.3946  0.7250  0.7242  -0.1956 0.5007  0.6243  0.7599  
0.2885  0.1065  0.2037  0.2306  0.3584  0.2613  0.1689  -1.0599 0.2406  0.4461  -1.1619 -1.0376 0.1751  0.1781  0.2774  0.2763  0.3092  0.4517  0.1703  0.3377  
0.3082  0.6383  0.5280  -0.1536 0.5567  0.7829  0.7212  0.1330  0.7725  0.1331  0.6739  0.1958  0.7269  0.1352  0.4393  0.0393  -0.0796 0.0501  0.7225  0.2908  
0.5167  0.2532  0.4119  0.4479  -0.1327 -0.4117 0.3608  0.6361  0.4605  0.3834  0.2935  0.3687  0.3703  0.3748  0.5043  0.5030  -0.8086 -0.0130 0.3628  0.5674  
-0.5983 -1.5767 0.3351  -1.6781 -1.8832 -0.6292 -0.8844 -1.5193 -1.1995 -1.8505 0.2279  -0.5133 0.2962  -0.8616 -0.8262 -0.9115 -1.0407 -1.4361 -0.8825 -0.6624 
0.4316  0.1887  0.3284  0.3628  0.5063  0.4001  0.2814  0.5616  0.3751  0.5894  0.2224  0.2885  0.2899  0.2941  0.4189  0.4176  0.4546  0.5943  0.2832  0.4851  
-0.6467 0.1740  0.3078  -1.0706 0.4844  0.3781  0.2623  -1.2548 -2.3051 -1.3752 0.2060  0.2692  0.2706  -2.0399 -1.8816 -0.6454 -1.3049 -0.6510 -0.9292 -1.2977 
0.4145  -1.0645 -0.1460 0.3462  -0.4695 0.3831  0.1169  -0.6918 0.3584  0.5739  0.0337  0.2735  0.2749  0.2789  0.4018  0.4005  -1.3630 -0.5304 0.2684  0.4680  
0.3676  -0.9686 -0.3982 0.5523  -0.0470 0.5870  -0.9426 0.0309  0.5641  -0.7615 0.3950  0.4750  0.4766  0.4812  0.6036  0.6025  0.6334  -0.1207 -0.7892 0.4354  
0.6022  0.3355  0.4375  -0.5102 0.6093  -0.2568 -0.5527 0.1117  -0.4639 0.4122  0.3808  0.3300  0.4623  0.4669  -0.4597 0.5899  0.6217  0.2378  0.4547  0.2280  
0.5952  0.5207  0.6682  0.6935  0.2343  0.7176  -0.1182 0.7951  0.7018  0.2742  0.5651  0.2012  0.6358  0.6395  0.4919  -0.1074 0.2711  0.8070  0.6296  0.5370  
0.4233  0.1831  0.2658  0.3548  -0.4509 0.3919  -0.7190 0.5539  0.3670  -0.4924 0.2162  0.2812  0.2826  0.2867  0.4107  0.4093  -0.4757 0.2352  -0.9053 -0.2209 
-0.6321 0.3323  0.5008  0.2469  -0.2367 -0.5013 0.4492  0.3128  0.0511  -0.1982 0.3776  0.4573  0.4590  -0.5539 0.5881  0.4462  0.6189  -0.5166 0.4513  0.6437  
H 0.156 E 0.395    2.072   1.184   0.430   2.930   2.359   0.555   2.634   3.120   1.842   2.732   3.383  -0.788   3.713   3.003  -1.856
Kernel d0: 0.49 sigma: 0.05 SUM:    10.27 maxCount:   3.83 PSEUDO 200+0.2
0.0000  0.0000  0.0000  0.0000  0.0000  0.0000  0.0000  0.0000  0.0000  0.0000  0.0000  0.0000  0.0000  0.0000  0.0000  0.0000  0.0000  0.0000  0.0000  0.0000  
0.0000  0.0000  0.0000  0.0000  0.0000  0.0000  0.0000  0.0000  0.0000  0.0000  0.0000  0.0000  0.0000  0.0000  0.0000  0.0000  0.0000  0.0000  0.0000  0.0000  
0.0000  0.0000  0.0000  0.0000  0.0000  0.0000  0.0000  0.0000  0.0000  0.0000  0.0000  0.0000  0.0000  0.0000  0.0000  0.0000  0.0000  0.0000  0.0000  0.0000  
0.0000  0.0000  0.0000  0.0000  0.0000  0.0000  0.0000  0.0000  0.0000  0.0000  0.0000  0.0000  0.0000  0.0000  0.0000  0.0000  0.0000  0.0000  0.0000  0.0000  
0.0000  0.0000  0.0000  0.0000  0.0000  0.0000  0.0000  0.0000  0.0000  0.0000  0.0000  0.0000  0.0000  0.0000  0.0000  0.0000  0.0000  0.0000  0.0000  0.0000  
0.0000  0.0000  0.0000  0.0000  0.0000  0.0000  0.0000  0.0000  0.0000  0.0000  0.0000  0.0000  0.0000  0.0000  0.0000  0.0000  0.0000  0.0000  0.0000  0.0000  
0.0000  0.0000  0.0000  0.0000  0.0000  0.0000  0.0000  0.0000  0.0000  0.0000  0.0000  0.0000  0.0000  0.0000  0.0000  0.0000  0.0000  0.0000  0.0000  0.0000  
0.0000  0.0000  0.0000  0.0000  0.0000  0.0000  0.0000  0.0000  0.0000  0.0000  0.0000  0.0000  0.0000  0.0000  0.0000  0.0000  0.0000  0.0000  0.0000  0.0000  
0.0000  0.0000  0.0000  0.0000  0.0000  0.0000  0.0000  0.0000  0.0000  0.0000  0.0000  0.0000  0.0000  0.0000  0.0000  0.0000  0.0000  0.0000  0.0000  0.0000  
0.0000  0.0000  0.0000  0.0000  0.0000  0.0000  0.0000  0.0000  0.0000  0.0000  0.0000  0.0000  0.0000  0.0000  0.0000  0.0000  0.0000  0.0000  0.0000  0.0000  
0.0000  0.0000  0.0000  0.0000  0.0000  0.0000  0.0000  0.0000  0.0000  0.0000  0.0000  0.0000  0.0000  0.0000  0.0000  0.0000  0.0000  0.0000  0.0000  0.0000  
0.0000  0.0000  0.0000  0.0000  0.0000  0.0000  0.0000  0.0000  0.0000  0.0000  0.0000  0.0000  0.0000  0.0000  0.0000  0.0000  0.0000  0.0000  0.0000  0.0000  
0.0000  0.0000  0.0000  0.0000  0.0000  0.0000  0.0000  0.0000  0.0000  0.0000  0.0000  0.0000  0.0000  0.0000  0.0000  0.0000  0.0000  0.0000  0.0000  0.0000  
0.0000  0.0000  0.0000  0.0000  0.0000  0.0000  0.0000  0.0000  0.0000  0.0000  0.0000  0.0000  0.0000  0.0000  0.0000  0.0000  0.0000  0.0000  0.0000  0.0000  
0.0000  0.0000  0.0000  0.0000  0.0000  0.0000  0.0000  0.0000  0.0000  0.0000  0.0000  0.0000  0.0000  0.0000  0.0000  0.0000  0.0000  0.0000  0.0000  0.0000  
0.0000  0.0000  0.0000  0.0000  0.0000  0.0000  0.0000  0.0000  0.0000  0.0000  0.0000  0.0000  0.0000  0.0000  0.0000  0.0000  0.0000  0.0000  0.0000  0.0000  
0.0000  0.0000  0.0000  0.0000  0.0000  0.0000  0.0000  0.0000  0.0000  0.0000  0.0000  0.0000  0.0000  0.0000  0.0000  0.0000  0.0000  0.0000  0.0000  0.0000  
0.0000  0.0000  0.0000  0.0000  0.0000  0.0000  0.0000  0.0000  0.0000  0.0000  0.0000  0.0000  0.0000  0.0000  0.0000  0.0000  0.0000  0.0000  0.0000  0.0000  
0.0000  0.0000  0.0000  0.0000  0.0000  0.0000  0.0000  0.0000  0.0000  0.0000  0.0000  0.0000  0.0000  0.0000  0.0000  0.0000  0.0000  0.0000  0.0000  0.0000  
0.0000  0.0000  0.0000  0.0000  0.0000  0.0000  0.0000  0.0000  0.0000  0.0000  0.0000  0.0000  0.0000  0.0000  0.0000  0.0000  0.0000  0.0000  0.0000  0.0000  
H 0.156 E 0.395    2.090   1.168  -0.430   2.991   2.315  -0.498   2.466   3.369  -1.465   4.548   1.818  -0.966   5.355   1.485   0.254
Kernel d0: 0.49 sigma: 0.05 SUM:   113.40 maxCount:   4.95 PSEUDO 200+0.2
0.0002  0.2046  0.2743  0.2868  0.3056  0.1429  0.2547  0.3310  0.2521  0.2149  -0.4418 0.2579  0.2585  0.2417  -0.0060 -0.0259 0.3143  0.3061  0.2555  0.2910  
0.1308  0.0484  0.0926  0.1047  0.1621  0.1185  0.0768  0.1875  -0.7337 0.0761  0.0584  0.0791  0.0796  0.0809  -0.1879 0.1253  0.1401  -0.1461 0.0774  0.1368  
-1.8191 0.0388  -0.5042 -0.8432 -0.3102 -1.0223 -0.2051 -0.4888 -1.2812 -0.1392 -0.4700 0.0646  0.0650  -1.1497 -0.6664 -0.9755 -0.8804 0.1734  0.0632  0.1307  
0.1119  0.0395  0.0775  0.0882  0.1412  -0.3597 0.0637  0.1658  -0.2540 -0.4061 -0.8058 0.0657  0.0661  0.0673  0.0087  0.1068  -0.2934 0.1816  0.0642  0.1324  
-0.5315 0.1139  0.1847  -0.0974 0.2284  -0.2535 0.1620  0.2566  0.2062  0.2526  0.0796  0.1656  0.1663  -0.0488 0.1115  -0.2725 0.0804  -0.0118 0.1630  0.2528  
-1.1573 -0.6889 0.1731  0.1890  0.2509  0.2057  0.1508  0.1967  -0.0433 0.0259  0.1217  -0.1378 0.1549  -0.3287 -0.3599 -0.4046 -0.2353 0.1586  0.1517  -0.2617 
0.0764  0.0340  -0.5724 0.0774  0.1266  0.0887  0.0553  -0.1889 0.0810  0.1431  0.0413  0.0571  0.0574  0.0585  -0.1456 -0.6306 0.1071  -0.0036 0.0557  0.1183  
-0.2906 0.1552  0.2297  0.2447  0.1933  0.2598  0.2073  0.3136  0.2499  0.0598  0.1755  0.2109  0.2116  0.1262  0.2670  0.2665  -0.1458 0.3226  0.2082  0.2902  
0.0723  0.0233  0.0479  0.0553  0.0949  0.0641  0.0387  -0.3968 0.0581  0.1269  -0.4679 -0.8236 0.0403  0.0411  0.0689  0.0686  0.0787  0.1291  0.0391  0.0879  
-0.0179 0.2157  0.0756  -0.1941 0.3097  0.3064  0.2646  0.2579  0.2989  0.1297  0.2358  0.2676  0.2682  0.0248  0.0090  -0.0083 0.2121  0.2659  0.2654  0.3133  
0.1562  0.0618  0.1139  0.1276  0.1457  -0.5660 0.0957  0.2145  0.1326  -0.0787 0.0738  0.0984  0.0990  0.1005  0.1508  0.1503  -0.1998 0.2060  0.0964  0.1795  
-0.6795 -0.4399 0.0871  -1.0243 -0.8273 -0.6020 -0.2275 -0.7482 0.1031  -0.5551 0.0545  -0.1965 0.0747  -0.1933 -0.6475 -1.0121 -0.4092 -0.1826 0.0726  -0.0243 
0.1213  0.0439  0.0849  0.0964  0.1517  0.1096  0.0701  0.1768  0.1007  0.1903  0.0530  0.0723  0.0727  0.0740  0.1165  0.1160  0.1303  0.1927  0.0707  0.1427  
0.0460  0.0400  0.0783  -0.3927 0.1424  0.1017  0.0644  -0.0469 -0.6958 -0.1867 0.0485  0.0665  0.0669  -0.6271 -0.6041 -0.6398 -0.6350 0.0205  -0.0736 -0.0772 
0.1148  -0.6931 0.0798  0.0908  -0.1895 0.1035  0.0657  0.1692  0.0949  0.1827  -0.3363 0.0678  0.0682  0.0694  0.1102  0.1097  -0.8448 -0.4909 0.0662  0.1357  
-0.4355 0.0918  -0.4074 0.1724  0.0111  0.1891  -0.1663 -0.0166 0.1779  -0.1782 0.1077  0.1385  0.1392  0.1411  0.1975  0.1969  0.2131  0.2585  -0.2423 0.2264  
0.1967  0.0872  -0.2656 -0.8833 0.2294  -0.1087 -0.2349 0.1686  -0.5497 0.2213  0.1027  -0.6092 0.1334  0.1352  -0.3027 0.1905  0.2068  0.2672  0.1303  0.2113  
0.1171  0.1580  0.2325  0.2474  0.2990  0.2623  -0.0427 0.3153  0.2525  0.1106  0.1784  0.2137  0.2144  0.2164  -0.1587 -0.1459 0.2822  0.3242  0.2111  0.2923  
0.1182  0.0424  -0.7480 0.0936  0.1295  0.1066  -0.0109 0.1731  0.0978  0.1727  0.0513  0.0701  0.0705  0.0717  0.1134  0.1130  -0.6128 0.1891  0.0685  -0.5892 
-0.3630 0.0862  0.1493  -0.2325 0.2280  -0.3841 0.1282  0.1572  -0.2056 0.0952  0.1015  0.1314  0.1320  -0.2773 0.1896  -0.4413 0.2054  -0.3443 0.1290  0.2187  
H 0.156 E 0.395    2.145   1.128  -0.207   3.067   2.260  -0.229   3.665   2.453  -1.618   4.306   2.039   0.914   3.888   2.636   2.225
Kernel d0: 0.49 sigma: 0.05 SUM:   303.14 maxCount:   8.57 PSEUDO 200+0.2
0.4190  0.6197  0.7389  0.7576  0.3948  0.5962  0.7080  0.1569  0.3206  0.2409  -0.7280 0.4957  0.7142  0.1518  0.2640  0.1450  0.7965  -0.0120 0.7094  0.7500  
0.4578  0.2067  0.3531  0.3883  -0.9979 0.4261  0.3044  0.5860  -0.0913 -0.5374 0.2426  0.3118  0.3133  0.3176  -0.3320 0.4438  0.4808  -0.7234 0.3063  -0.8988 
-2.0764 0.1703  -0.8516 -0.9139 -1.8718 -1.1860 -1.2422 -0.6619 -1.3944 -0.1906 -0.5630 0.2643  0.2656  -0.9227 -0.6219 -1.0888 -0.8769 -0.3847 0.2592  0.4576  
0.4082  0.1730  0.3065  0.3401  -0.4870 -0.2726 0.2611  -0.2503 -1.2765 -0.7326 -0.9582 0.2679  0.2693  0.2733  -0.0999 0.3943  -1.1912 0.0681  0.2628  0.4619  
-0.4182 0.3521  0.5804  0.1536  0.5783  -0.4757 0.5319  0.0992  0.6228  0.2765  -0.5373 0.5397  0.5412  -0.3629 -0.0987 -0.2351 0.4135  -0.0333 0.5339  0.1116  
-0.1037 -0.2231 0.5561  0.5890  -0.1713 0.6219  0.5062  0.1256  0.0642  -0.2795 0.4344  0.4121  0.5158  -0.8720 -0.1128 -0.1208 -0.1154 0.0337  0.1187  0.0548  
-0.7244 0.1510  -0.9044 0.3062  -0.2476 0.3416  0.2316  -0.9138 0.3178  -0.3673 0.1798  0.2380  0.2393  0.2430  -1.0374 -0.7335 -0.2713 0.2353  0.2332  0.4255  
0.2106  0.5164  0.6659  0.6916  0.3557  0.7162  0.6249  0.7956  0.7001  0.7008  0.5613  0.6316  0.6329  0.3968  0.7276  0.7268  -0.1956 0.5042  0.6267  0.7626  
0.2898  0.1070  0.2047  0.2317  0.3600  0.2625  0.1698  -1.0606 0.2417  0.4480  -1.1595 -1.0470 0.1760  0.1790  0.2787  0.2775  0.3106  0.4536  0.1711  0.3392  
0.2880  0.6407  0.5273  -0.1543 0.5780  0.7856  0.7238  0.1351  0.7752  0.1350  0.6764  0.1932  0.7295  0.1311  0.4419  0.0396  -0.0481 0.0621  0.7251  0.2982  
0.5188  0.2544  0.4137  0.4498  -0.1277 -0.4274 0.3624  0.6385  0.4624  0.3975  0.2949  0.3703  0.3719  0.3764  0.5064  0.5051  -0.8160 -0.0106 0.3644  0.5696  
-0.6132 -1.5905 0.3366  -1.6992 -1.8760 -0.6268 -0.8851 -1.5160 -1.1981 -1.8521 0.2289  -0.5092 0.2976  -0.8604 -0.9102 -1.0141 -1.0428 -1.4371 -0.8813 -0.6570 
0.4334  0.1896  0.3299  0.3644  0.5084  0.4018  0.2826  0.5638  0.3767  0.5916  0.2235  0.2898  0.2913  0.2954  0.4207  0.4194  0.4565  0.5966  0.2845  0.4871  
-0.6454 0.1749  0.3092  -1.0725 0.4864  0.3798  0.2635  -1.2535 -2.3052 -1.3735 0.2070  0.2704  0.2718  -2.0415 -1.8809 -0.6549 -1.3317 -0.6482 -0.9284 -1.2968 
0.4162  -1.0505 -0.2571 0.3478  -0.4659 0.3848  0.1650  -0.6577 0.3600  0.5762  -0.0569 0.2748  0.2762  0.2802  0.4036  0.4022  -1.4006 -0.5317 0.2696  0.4700  
0.3290  -0.9680 -0.3977 0.5545  -0.0555 0.5893  -0.9416 0.0365  0.5663  -0.7593 0.3967  0.4770  0.4786  0.4832  0.6060  0.6048  0.6358  -0.1053 -0.7876 0.4379  
0.6045  0.3370  0.3936  -0.5830 0.6423  -0.2625 -0.5522 0.1143  -0.4716 0.4150  0.3825  0.2073  0.4642  0.4689  -0.4577 0.5922  0.6240  0.3682  0.4566  0.2305  
0.5902  0.5228  0.6707  0.6960  0.2602  0.7202  -0.1169 0.7979  0.7044  0.2883  0.5673  0.2044  0.6382  0.6419  0.4161  -0.1301 0.2732  0.8098  0.6320  0.5711  
0.4251  0.1840  0.2104  0.3563  -0.4425 0.3936  -0.7192 0.5561  0.3686  -0.4906 0.2172  0.2825  0.2839  0.2880  0.4124  0.4111  -0.5073 0.2375  -0.9020 -0.2932 
-0.6225 0.3338  0.5028  0.1577  -0.1290 -0.5011 0.4511  0.3144  0.0505  -0.1948 0.3792  0.4593  0.4609  -0.5598 0.5904  0.2890  0.6212  -0.5116 0.4532  0.6462  
H 0.156 E 0.395    2.145   1.149   0.178   3.006   2.318   0.340   4.183   2.271  -0.627   3.569   2.423   1.941   2.611   3.239   2.756
Kernel d0: 0.49 sigma: 0.05 SUM:   213.31 maxCount:   7.23 PSEUDO 200+0.2
0.2474  0.4393  0.5427  0.5596  0.2553  0.5716  0.3205  -0.0141 0.2087  0.1186  -0.3608 0.3042  0.5207  0.0024  0.2156  0.2304  0.5952  -0.1617 0.5165  0.5979  
0.3094  0.1296  0.2313  0.2570  -1.0894 0.2853  0.1966  0.4114  -0.0494 -0.5426 0.1538  0.2018  0.2029  0.2059  -0.1009 0.2987  0.3272  -0.6781 0.1979  -0.9628 
-0.2953 0.1056  -0.2275 0.1623  -1.8248 0.0427  -1.0835 -0.2771 0.0388  0.0059  0.0974  0.1686  0.1696  -0.0604 0.2262  0.1043  0.2093  -0.4936 0.1652  0.3093  
0.2719  0.1074  0.1981  0.2220  -0.5713 0.2286  0.1664  -0.3556 -1.0109 -0.4404 0.0878  0.1711  0.1721  0.1748  -0.0612 0.2615  -0.9693 -0.0681 0.1676  0.3126  
0.1821  -0.3155 0.4067  0.3694  0.4386  -0.1683 0.3674  -0.0371 0.4420  0.1745  -0.5375 0.3737  0.3749  -0.2189 -0.1541 -0.3391 0.3567  0.0328  0.3691  -0.0475 
0.4239  0.2565  0.3869  0.4138  -0.4173 0.4412  0.3470  0.0268  0.1714  -0.2576 0.2915  0.3533  0.3546  -0.5558 -0.2311 -0.1959 -0.1592 -0.0511 -0.0331 -0.1004 
-0.7431 0.0931  -0.1748 0.1978  -0.8206 0.2231  0.1463  -0.7002 0.2061  -0.4473 0.1119  0.1507  0.1516  0.1541  -0.9004 0.0984  -0.3513 0.3288  0.1475  0.2848  
0.5043  0.3551  0.4786  0.5009  0.3073  0.5226  0.4437  0.5944  0.5083  0.6040  0.3911  0.4494  0.4505  0.3406  0.5327  0.5320  -0.0365 0.3129  0.4452  0.5641  
0.1864  0.0652  0.1283  0.1464  0.2363  0.1674  0.1053  -0.8132 0.1532  0.3019  -0.5546 0.0388  0.1094  0.1113  0.1786  0.1778  0.2009  0.3062  0.1062  0.2213  
0.1672  0.4571  0.5549  0.0503  0.2115  0.5852  0.5293  0.0127  0.5756  0.0805  0.4877  0.0394  0.5344  0.0453  0.5336  0.1288  -0.2372 -0.0899 0.5304  0.0653  
0.3570  0.1619  0.2759  0.3032  -0.2123 0.3019  0.2381  0.4552  0.3129  0.2115  0.1899  0.2439  0.2450  0.2483  0.3472  0.3461  -0.6445 -0.1402 0.2396  0.3979  
-0.5440 -1.1890 0.2194  -0.8799 -1.7247 0.1736  -0.6840 -1.4671 -1.2326 -1.7898 0.1446  -0.3114 0.1918  -0.6536 -0.6718 -0.3811 -0.7995 -1.4224 -0.8800 -0.8309 
0.2908  0.1183  0.2146  0.2395  0.3488  0.2671  0.1813  0.3932  0.2486  0.4160  0.1409  0.1863  0.1874  0.1902  0.2812  0.2802  0.3084  0.4201  0.1826  0.3320  
-0.6625 0.1086  0.2000  -0.8130 0.3315  0.2508  0.1681  -1.2616 -2.1336 -1.3526 0.1298  0.1729  0.1738  -1.7634 -1.6690 0.1743  -1.1263 -0.6735 -0.8338 -1.2591 
0.2778  -0.0530 -0.8324 0.2275  -0.1145 0.2545  -0.3323 -0.8875 0.2363  0.4033  0.1323  0.1759  0.1769  0.1797  0.2684  0.2674  -0.9101 -0.0226 0.1723  0.3187  
0.3786  -0.9891 0.1274  0.3856  -0.0252 0.4141  -0.8503 0.1129  0.3952  -0.6410 0.2633  0.3242  0.3254  0.3290  0.4279  0.4269  0.4530  -0.2592 -0.6099 0.2685  
0.4266  0.2197  0.3469  0.3063  -0.1351 -0.0147 -0.3381 0.0559  0.1610  0.2984  0.2528  0.3131  0.3143  0.3179  -0.1156 0.4164  0.4430  -0.0358 0.3085  0.0846  
0.5424  0.3602  0.4828  0.5048  0.0394  0.5261  -0.0379 0.5965  0.5121  0.3516  0.3960  0.0630  0.4550  0.4581  0.5360  0.0158  0.0980  0.6075  0.4497  0.3371  
0.2845  0.1146  0.2091  0.2337  -0.4559 0.2610  -0.6471 0.3869  0.2426  -0.5921 0.1367  0.1813  0.1822  0.1851  0.2750  0.2740  0.2721  0.0897  -0.9071 0.3256  
-0.0489 0.2175  0.3444  0.3721  -0.5571 -0.1238 0.3043  0.2373  0.3660  -0.2736 0.2504  0.3105  0.3118  -0.2812 0.4150  0.4140  0.4406  -0.2365 0.3059  0.4617  
H 0.156 E 0.395    1.939   1.260   0.761   2.795   2.438   0.879   2.186   3.466   1.825   3.056   3.135  -0.650   4.280   2.531  -1.272
Kernel d0: 0.49 sigma: 0.05 SUM:     5.88 maxCount:   1.90 PSEUDO 200+0.2
0.0000  0.0000  0.0000  0.0000  0.0000  0.0000  0.0000  0.0000  0.0000  0.0000  0.0000  0.0000  0.0000  0.0000  0.0000  0.0000  0.0000  0.0000  0.0000  0.0000  
0.0000  0.0000  0.0000  0.0000  0.0000  0.0000  0.0000  0.0000  0.0000  0.0000  0.0000  0.0000  0.0000  0.0000  0.0000  0.0000  0.0000  0.0000  0.0000  0.0000  
0.0000  0.0000  0.0000  0.0000  0.0000  0.0000  0.0000  0.0000  0.0000  0.0000  0.0000  0.0000  0.0000  0.0000  0.0000  0.0000  0.0000  0.0000  0.0000  0.0000  
0.0000  0.0000  0.0000  0.0000  0.0000  0.0000  0.0000  0.0000  0.0000  0.0000  0.0000  0.0000  0.0000  0.0000  0.0000  0.0000  0.0000  0.0000  0.0000  0.0000  
0.0000  0.0000  0.0000  0.0000  0.0000  0.0000  0.0000  0.0000  0.0000  0.0000  0.0000  0.0000  0.0000  0.0000  0.0000  0.0000  0.0000  0.0000  0.0000  0.0000  
0.0000  0.0000  0.0000  0.0000  0.0000  0.0000  0.0000  0.0000  0.0000  0.0000  0.0000  0.0000  0.0000  0.0000  0.0000  0.0000  0.0000  0.0000  0.0000  0.0000  
0.0000  0.0000  0.0000  0.0000  0.0000  0.0000  0.0000  0.0000  0.0000  0.0000  0.0000  0.0000  0.0000  0.0000  0.0000  0.0000  0.0000  0.0000  0.0000  0.0000  
0.0000  0.0000  0.0000  0.0000  0.0000  0.0000  0.0000  0.0000  0.0000  0.0000  0.0000  0.0000  0.0000  0.0000  0.0000  0.0000  0.0000  0.0000  0.0000  0.0000  
0.0000  0.0000  0.0000  0.0000  0.0000  0.0000  0.0000  0.0000  0.0000  0.0000  0.0000  0.0000  0.0000  0.0000  0.0000  0.0000  0.0000  0.0000  0.0000  0.0000  
0.0000  0.0000  0.0000  0.0000  0.0000  0.0000  0.0000  0.0000  0.0000  0.0000  0.0000  0.0000  0.0000  0.0000  0.0000  0.0000  0.0000  0.0000  0.0000  0.0000  
0.0000  0.0000  0.0000  0.0000  0.0000  0.0000  0.0000  0.0000  0.0000  0.0000  0.0000  0.0000  0.0000  0.0000  0.0000  0.0000  0.0000  0.0000  0.0000  0.0000  
0.0000  0.0000  0.0000  0.0000  0.0000  0.0000  0.0000  0.0000  0.0000  0.0000  0.0000  0.0000  0.0000  0.0000  0.0000  0.0000  0.0000  0.0000  0.0000  0.0000  
0.0000  0.0000  0.0000  0.0000  0.0000  0.0000  0.0000  0.0000  0.0000  0.0000  0.0000  0.0000  0.0000  0.0000  0.0000  0.0000  0.0000  0.0000  0.0000  0.0000  
0.0000  0.0000  0.0000  0.0000  0.0000  0.0000  0.0000  0.0000  0.0000  0.0000  0.0000  0.0000  0.0000  0.0000  0.0000  0.0000  0.0000  0.0000  0.0000  0.0000  
0.0000  0.0000  0.0000  0.0000  0.0000  0.0000  0.0000  0.0000  0.0000  0.0000  0.0000  0.0000  0.0000  0.0000  0.0000  0.0000  0.0000  0.0000  0.0000  0.0000  
0.0000  0.0000  0.0000  0.0000  0.0000  0.0000  0.0000  0.0000  0.0000  0.0000  0.0000  0.0000  0.0000  0.0000  0.0000  0.0000  0.0000  0.0000  0.0000  0.0000  
0.0000  0.0000  0.0000  0.0000  0.0000  0.0000  0.0000  0.0000  0.0000  0.0000  0.0000  0.0000  0.0000  0.0000  0.0000  0.0000  0.0000  0.0000  0.0000  0.0000  
0.0000  0.0000  0.0000  0.0000  0.0000  0.0000  0.0000  0.0000  0.0000  0.0000  0.0000  0.0000  0.0000  0.0000  0.0000  0.0000  0.0000  0.0000  0.0000  0.0000  
0.0000  0.0000  0.0000  0.0000  0.0000  0.0000  0.0000  0.0000  0.0000  0.0000  0.0000  0.0000  0.0000  0.0000  0.0000  0.0000  0.0000  0.0000  0.0000  0.0000  
0.0000  0.0000  0.0000  0.0000  0.0000  0.0000  0.0000  0.0000  0.0000  0.0000  0.0000  0.0000  0.0000  0.0000  0.0000  0.0000  0.0000  0.0000  0.0000  0.0000  
H 0.156 E 0.395    2.152   1.146   0.156   3.023   2.318   0.156   3.060   2.974  -1.220   4.595   1.890   0.640   4.713   2.025   2.129
Kernel d0: 0.49 sigma: 0.05 SUM:   281.27 maxCount:   7.87 PSEUDO 200+0.2
0.2081  0.5783  0.6943  0.7127  0.4181  0.5356  0.6642  0.2920  0.2893  0.2828  -0.7604 0.6578  0.6702  0.1345  0.3550  0.0808  0.7510  0.0662  0.6655  0.7031  
0.4231  0.1879  0.3241  0.3572  -0.6143 0.3930  0.2785  0.5458  -0.6990 -0.5587 0.2211  0.2855  0.2869  0.2909  -0.3538 0.4097  0.4449  -0.6117 0.2803  -0.8638 
-2.1359 0.1544  -0.8663 -1.0080 -1.5863 -1.2443 -1.2348 -0.5624 -1.4778 -0.2208 -0.6035 0.2412  0.2425  -1.2845 -0.7012 -1.1391 -0.9527 -0.0487 0.2365  0.4229  
0.3761  0.1569  0.2806  0.3120  -0.1754 -0.3294 0.2382  -0.1707 -1.2818 -0.7544 -1.0333 0.2446  0.2459  0.2496  -0.1189 0.3629  -1.1570 0.3287  0.2399  0.4270  
-0.4862 0.3813  0.5404  0.1130  0.5366  -0.4933 0.4937  0.1157  0.5813  0.2796  -0.5504 0.5012  0.5027  -0.4223 -0.1252 -0.2411 0.3083  0.0313  0.4957  0.2056  
-0.7480 -0.7055 0.5170  0.5487  0.2299  0.5804  0.4692  0.1289  0.0315  -0.2983 0.4008  0.0739  0.4783  -0.8885 -0.3780 -0.4513 -0.0834 0.1725  0.4557  -0.0957 
-0.6764 0.1368  -0.9164 0.2802  0.0493  0.3134  0.2109  -0.8912 0.2911  -0.3631 0.1632  0.2168  0.2180  0.2215  -0.9601 -0.7642 0.2600  0.1980  0.2125  0.3924  
-0.0013 0.4790  0.6231  0.6481  0.3140  0.6722  0.5833  0.7501  0.6564  0.4546  0.5219  0.5898  0.5911  0.3580  0.6833  0.6825  -0.2143 0.6648  0.5850  0.7176  
0.2650  0.0966  0.1861  0.2110  0.3306  0.2396  0.1540  -0.9730 0.2203  0.4137  -1.1527 -1.0815 0.1597  0.1624  0.2546  0.2535  0.2844  0.4191  0.1552  0.3111  
0.2061  0.5986  0.4451  -0.2079 0.6371  0.7403  0.6796  0.1174  0.7300  0.1327  0.6333  0.3156  0.6852  0.0010  0.3496  0.0672  0.0557  0.3388  0.6808  0.3489  
0.4812  0.2321  0.3812  0.4154  -0.0129 -0.5014 0.3329  0.5965  0.4274  0.2353  0.2697  0.3403  0.3418  0.3461  0.4693  0.4681  -0.8423 -0.0313 0.3348  0.5300  
-1.0502 -1.5122 0.3086  -1.7064 -1.6273 -0.6666 -0.8861 -1.4017 -0.6108 -1.7990 0.2085  -0.2852 0.2722  -0.8665 -0.9140 -1.1267 -0.9986 -1.3839 -0.7778 -0.5581 
0.3999  0.1722  0.3024  0.3347  0.4712  0.3700  0.2583  0.5244  0.3464  0.5512  0.2035  0.2650  0.2663  0.2702  0.3879  0.3866  0.4218  0.5560  0.2600  0.4509  
-0.6500 0.1587  0.2831  -1.0746 0.4503  0.3492  0.2405  -1.2366 -2.2743 -1.2580 0.1882  0.2469  0.2482  -2.0090 -1.8592 -0.6898 -1.3548 -0.5586 -0.9267 -1.1536 
0.3836  -1.0762 0.2874  0.3191  -0.4925 0.3539  0.2445  -0.1015 0.3306  0.5363  -0.3879 0.2510  0.2523  0.2560  0.3717  0.3704  -1.3739 -0.5620 0.2462  0.4346  
-0.2613 -0.6602 -0.4282 0.5155  -0.0033 0.5489  -0.9279 0.1741  0.5268  -0.7771 0.3652  0.4413  0.4428  0.4472  0.5650  0.5639  0.5939  0.0794  -0.7823 0.4344  
0.5636  0.3090  -0.0936 -0.8395 0.6225  -0.2877 -0.5716 0.0778  -0.5266 0.3750  0.3518  -0.5428 0.4292  0.4336  -0.4919 0.5517  0.5825  0.5834  0.4219  0.2047  
0.4953  0.4850  0.6278  0.6524  0.5655  0.6761  -0.1488 0.7524  0.6606  0.2551  0.5278  0.1895  0.5962  0.5998  0.1633  0.1174  0.5402  0.7641  0.5902  0.7159  
0.3920  0.1671  -0.7885 0.3272  -0.4446 0.3622  -0.7103 0.5170  0.3387  -0.4573 0.1977  0.2582  0.2595  0.2633  0.3800  0.3788  -0.5861 0.3424  -0.3477 -0.5201 
-0.6622 0.3061  0.4659  -0.0382 0.5899  -0.5489 0.4167  0.3123  -0.0152 -0.2761 0.3487  0.4244  0.4260  -0.6040 0.5500  -0.2436 0.5798  -0.4585 0.4187  0.6039  
H 0.156 E 0.395    2.127   1.157  -0.186   3.027   2.294  -0.350   3.734   2.245  -1.699   4.170   2.332   0.907   3.635   3.149   2.046
Kernel d0: 0.49 sigma: 0.05 SUM:   294.45 maxCount:   8.46 PSEUDO 200+0.2
0.4037  0.6032  0.7213  0.7399  0.3796  0.6207  0.6831  0.1338  0.3046  0.2050  -0.7220 0.4690  0.6968  0.1368  0.2356  0.2040  0.7786  -0.0285 0.6920  0.7361  
0.4440  0.1991  0.3415  0.3758  -1.0159 0.4129  0.2940  0.5700  -0.0984 -0.5486 0.2339  0.3012  0.3027  0.3068  -0.3312 0.4302  0.4665  -0.7406 0.2959  -0.9066 
-1.9483 0.1639  -0.8348 -0.7528 -1.8784 -1.0938 -1.2396 -0.5814 -1.2331 -0.1967 -0.4582 0.2550  0.2563  -0.8888 -0.4666 -0.9937 -0.7180 -0.3979 0.2501  0.4437  
0.3953  0.1665  0.2961  0.3288  -0.4968 -0.2044 0.2519  -0.2617 -1.2759 -0.7327 -0.7980 0.2585  0.2599  0.2637  -0.1078 0.3817  -1.1914 0.0541  0.2536  0.4480  
-0.3769 0.2092  0.5645  0.1637  0.5619  -0.4171 0.5167  0.0836  0.6063  0.2659  -0.5426 0.5244  0.5259  -0.3494 -0.0974 -0.3496 0.4641  -0.0298 0.5187  0.0966  
-0.0022 0.1389  0.5405  0.5730  -0.2579 0.6054  0.4914  0.1109  0.0689  -0.2879 0.4210  0.4615  0.5008  -0.8656 -0.1100 -0.1069 -0.0612 0.0123  0.0876  0.0399  
-0.7274 0.1452  -0.8804 0.2958  -0.4966 0.3303  0.2233  -0.9212 0.3071  -0.3752 0.1731  0.2295  0.2307  0.2343  -1.0349 -0.6763 -0.2853 0.2344  0.2249  0.4122  
0.2355  0.5015  0.6489  0.6744  0.3423  0.6988  0.6084  0.7777  0.6828  0.7537  0.5456  0.6150  0.6163  0.3836  0.7101  0.7093  -0.1984 0.4856  0.6101  0.7449  
0.2799  0.1028  0.1972  0.2234  0.3482  0.2533  0.1634  -1.0596 0.2331  0.4343  -1.1367 -0.9153 0.1694  0.1723  0.2690  0.2679  0.3000  0.4398  0.1647  0.3279  
0.3223  0.6240  0.5851  -0.1076 0.5122  0.7678  0.7064  0.1202  0.7574  0.1250  0.6594  0.1765  0.7120  0.1664  0.4401  0.0519  -0.1098 0.0273  0.7076  0.2539  
0.5038  0.2454  0.4007  0.4360  -0.1424 -0.2821 0.3505  0.6218  0.4485  0.3708  0.2847  0.3583  0.3598  0.3643  0.4916  0.4903  -0.8223 -0.0240 0.3526  0.5538  
-0.5833 -1.5829 0.3253  -1.6759 -1.9211 -0.5531 -0.8852 -1.5069 -1.2113 -1.8499 0.2207  -0.4618 0.2874  -0.8595 -0.7250 -0.8535 -1.0221 -1.4454 -0.8825 -0.7443 
0.4200  0.1826  0.3188  0.3525  0.4936  0.3891  0.2728  0.5482  0.3646  0.5756  0.2154  0.2798  0.2812  0.2852  0.4076  0.4063  0.4426  0.5805  0.2747  0.4726  
-0.6515 0.1683  0.2987  -1.0697 0.4720  0.3675  0.2542  -1.2615 -2.3050 -1.3813 0.1994  0.2610  0.2623  -2.0388 -1.8800 -0.5980 -1.2375 -0.6590 -0.9284 -1.3031 
0.4032  -0.9531 -0.6892 0.3363  -0.4650 0.3724  0.0007  -0.7701 0.3482  0.5603  0.1200  0.2652  0.2666  0.2705  0.3908  0.3895  -1.3725 -0.5259 0.2602  0.4558  
0.4015  -0.9721 -0.3898 0.5390  -0.0571 0.5733  -0.9456 0.0556  0.5506  -0.7656 0.3841  0.4627  0.4643  0.4689  0.5897  0.5886  0.6192  -0.1092 -0.7919 0.4225  
0.5882  0.3258  0.4568  -0.3639 0.5751  -0.2722 -0.5567 0.1006  -0.3755 0.4006  0.3702  0.3426  0.4502  0.4548  -0.4437 0.5761  0.6076  0.2314  0.4427  0.2161  
0.6488  0.5078  0.6537  0.6788  0.2111  0.7028  -0.1273 0.7800  0.6871  0.2955  0.5516  0.1898  0.6216  0.6253  0.5762  -0.1115 0.2563  0.7918  0.6155  0.5282  
0.4119  0.1772  0.3113  0.3446  -0.4390 0.3810  -0.7214 0.5406  0.3566  -0.5016 0.2093  0.2727  0.2741  0.2781  0.3995  0.3982  -0.3619 0.2230  -0.9070 0.0473  
-0.5906 0.3227  0.4881  0.3356  -0.2700 -0.4572 0.4374  0.3002  0.1542  -0.1976 0.3670  0.4453  0.4469  -0.5451 0.5743  0.4905  0.6048  -0.5002 0.4394  0.6294  
H 0.156 E 0.395    2.021   1.192  -0.706   2.723   2.444  -0.972   1.787   3.479  -1.584   4.048   2.174  -2.002   5.267   1.874  -1.182
Kernel d0: 0.49 sigma: 0.05 SUM:    30.64 maxCount:   3.03 PSEUDO 200+0.2
-0.0753 0.0140  0.0233  0.0255  0.0339  0.0141  0.0203  0.0369  0.0262  0.0289  0.0076  0.0208  0.0208  0.0211  0.0087  0.0086  0.0310  0.0386  0.0204  0.0327  
0.0074  0.0023  0.0048  0.0056  0.0099  0.0066  0.0039  0.0123  -0.1982 0.0136  0.0028  0.0040  0.0040  0.0041  0.0059  0.0070  0.0081  0.0139  0.0039  0.0092  
-0.0497 0.0018  0.0018  -0.0630 0.0081  -0.0214 0.0031  -0.0093 -0.0643 0.0113  -0.0117 0.0032  0.0032  -0.2140 -0.0297 -0.0209 -0.0276 0.0115  0.0031  0.0074  
0.0061  0.0019  0.0039  0.0046  0.0082  -0.0134 0.0031  0.0103  0.0048  0.0055  -0.0319 0.0032  0.0033  0.0033  0.0058  0.0058  0.0067  0.0117  0.0032  0.0076  
-0.0047 0.0062  0.0120  0.0109  0.0213  0.0154  0.0099  0.0247  0.0142  0.0265  0.0075  0.0102  0.0103  -0.0054 0.0091  0.0022  0.0109  0.0232  0.0100  0.0200  
-0.4181 -0.1606 0.0109  0.0124  0.0197  0.0141  0.0090  0.0231  0.0102  0.0249  0.0068  -0.0521 0.0093  0.0095  -0.1483 -0.1639 -0.1015 0.0241  0.0091  -0.1340 
0.0052  0.0016  0.0033  0.0039  0.0071  0.0046  0.0027  0.0089  0.0041  0.0100  0.0019  0.0028  0.0028  0.0028  0.0050  -0.0032 0.0058  0.0092  0.0027  0.0065  
-0.0578 0.0094  0.0169  0.0189  0.0274  0.0210  0.0143  0.0308  0.0196  -0.0518 0.0111  0.0147  0.0148  0.0150  0.0221  0.0221  0.0218  0.0329  0.0144  0.0261  
0.0036  0.0011  0.0023  0.0027  0.0050  0.0032  0.0018  0.0018  0.0028  0.0072  0.0013  -0.0219 0.0019  0.0019  0.0034  0.0034  0.0040  0.0073  0.0018  0.0045  
-0.0493 0.0153  0.0110  0.0128  0.0352  0.0293  0.0218  0.0374  0.0278  0.0093  0.0177  0.0222  0.0223  -0.0210 0.0019  0.0227  0.0324  0.0392  0.0219  0.0341  
0.0094  0.0030  0.0062  0.0072  0.0124  -0.0238 0.0050  0.0151  0.0076  -0.0656 0.0037  0.0052  0.0052  0.0053  0.0090  0.0089  -0.0234 0.0170  0.0051  0.0115  
-0.1897 0.0021  0.0045  -0.0028 -0.0005 -0.0035 0.0036  -0.1441 0.0055  -0.0072 0.0026  -0.0018 0.0038  0.0038  -0.1174 -0.1948 -0.0028 0.0111  0.0036  0.0076  
0.0067  0.0021  0.0044  0.0051  0.0091  0.0059  0.0035  0.0112  0.0053  0.0125  0.0026  0.0036  0.0036  0.0037  0.0064  0.0064  0.0074  0.0128  0.0035  0.0083  
0.0062  0.0019  0.0040  0.0020  0.0083  0.0054  0.0032  0.0104  0.0049  0.0116  0.0023  0.0033  0.0033  0.0034  0.0059  -0.0110 -0.0812 0.0118  0.0032  0.0076  
0.0063  -0.0029 0.0041  0.0047  0.0085  0.0055  0.0032  0.0106  0.0050  0.0118  -0.0605 0.0034  0.0034  0.0035  0.0060  0.0059  -0.0176 0.0070  0.0033  0.0078  
-0.1460 0.0048  0.0053  0.0108  0.0141  0.0124  0.0078  0.0162  0.0114  0.0227  0.0058  0.0080  0.0081  0.0082  0.0133  0.0132  0.0150  0.0230  0.0078  0.0165  
0.0132  0.0045  -0.0857 -0.1452 0.0169  0.0118  0.0073  0.0201  -0.0100 0.0219  0.0055  -0.1751 0.0076  0.0078  0.0086  0.0126  0.0143  0.0222  0.0074  0.0158  
0.0072  0.0096  0.0173  0.0193  0.0278  0.0214  0.0146  0.0312  0.0200  0.0299  0.0114  0.0150  0.0151  0.0153  -0.0778 0.0006  0.0246  0.0332  0.0147  0.0265  
0.0065  0.0020  -0.2037 0.0049  0.0088  0.0057  0.0034  0.0109  0.0052  0.0122  0.0025  0.0035  0.0035  0.0036  0.0062  0.0062  -0.0358 0.0124  0.0034  -0.0834 
0.0130  0.0044  0.0089  -0.0567 0.0167  0.0000  0.0072  0.0199  0.0010  -0.0003 0.0054  0.0075  0.0075  -0.0054 0.0125  -0.1386 0.0141  0.0087  0.0073  0.0156  
H 0.156 E 0.395    1.978   1.264   0.692   2.962   2.342   0.659   2.302   3.696   0.895   3.787   2.347  -0.827   5.006   1.480  -0.725
Kernel d0: 0.49 sigma: 0.05 SUM:     3.98 maxCount:   0.70 PSEUDO 200+0.2
0.0000  0.0000  0.0000  0.0000  0.0000  0.0000  0.0000  0.0000  0.0000  0.0000  0.0000  0.0000  0.0000  0.0000  0.0000  0.0000  0.0000  0.0000  0.0000  0.0000  
0.0000  0.0000  0.0000  0.0000  0.0000  0.0000  0.0000  0.0000  0.0000  0.0000  0.0000  0.0000  0.0000  0.0000  0.0000  0.0000  0.0000  0.0000  0.0000  0.0000  
0.0000  0.0000  0.0000  0.0000  0.0000  0.0000  0.0000  0.0000  0.0000  0.0000  0.0000  0.0000  0.0000  0.0000  0.0000  0.0000  0.0000  0.0000  0.0000  0.0000  
0.0000  0.0000  0.0000  0.0000  0.0000  0.0000  0.0000  0.0000  0.0000  0.0000  0.0000  0.0000  0.0000  0.0000  0.0000  0.0000  0.0000  0.0000  0.0000  0.0000  
0.0000  0.0000  0.0000  0.0000  0.0000  0.0000  0.0000  0.0000  0.0000  0.0000  0.0000  0.0000  0.0000  0.0000  0.0000  0.0000  0.0000  0.0000  0.0000  0.0000  
0.0000  0.0000  0.0000  0.0000  0.0000  0.0000  0.0000  0.0000  0.0000  0.0000  0.0000  0.0000  0.0000  0.0000  0.0000  0.0000  0.0000  0.0000  0.0000  0.0000  
0.0000  0.0000  0.0000  0.0000  0.0000  0.0000  0.0000  0.0000  0.0000  0.0000  0.0000  0.0000  0.0000  0.0000  0.0000  0.0000  0.0000  0.0000  0.0000  0.0000  
0.0000  0.0000  0.0000  0.0000  0.0000  0.0000  0.0000  0.0000  0.0000  0.0000  0.0000  0.0000  0.0000  0.0000  0.0000  0.0000  0.0000  0.0000  0.0000  0.0000  
0.0000  0.0000  0.0000  0.0000  0.0000  0.0000  0.0000  0.0000  0.0000  0.0000  0.0000  0.0000  0.0000  0.0000  0.0000  0.0000  0.0000  0.0000  0.0000  0.0000  
0.0000  0.0000  0.0000  0.0000  0.0000  0.0000  0.0000  0.0000  0.0000  0.0000  0.0000  0.0000  0.0000  0.0000  0.0000  0.0000  0.0000  0.0000  0.0000  0.0000  
0.0000  0.0000  0.0000  0.0000  0.0000  0.0000  0.0000  0.0000  0.0000  0.0000  0.0000  0.0000  0.0000  0.0000  0.0000  0.0000  0.0000  0.0000  0.0000  0.0000  
0.0000  0.0000  0.0000  0.0000  0.0000  0.0000  0.0000  0.0000  0.0000  0.0000  0.0000  0.0000  0.0000  0.0000  0.0000  0.0000  0.0000  0.0000  0.0000  0.0000  
0.0000  0.0000  0.0000  0.0000  0.0000  0.0000  0.0000  0.0000  0.0000  0.0000  0.0000  0.0000  0.0000  0.0000  0.0000  0.0000  0.0000  0.0000  0.0000  0.0000  
0.0000  0.0000  0.0000  0.0000  0.0000  0.0000  0.0000  0.0000  0.0000  0.0000  0.0000  0.0000  0.0000  0.0000  0.0000  0.0000  0.0000  0.0000  0.0000  0.0000  
0.0000  0.0000  0.0000  0.0000  0.0000  0.0000  0.0000  0.0000  0.0000  0.0000  0.0000  0.0000  0.0000  0.0000  0.0000  0.0000  0.0000  0.0000  0.0000  0.0000  
0.0000  0.0000  0.0000  0.0000  0.0000  0.0000  0.0000  0.0000  0.0000  0.0000  0.0000  0.0000  0.0000  0.0000  0.0000  0.0000  0.0000  0.0000  0.0000  0.0000  
0.0000  0.0000  0.0000  0.0000  0.0000  0.0000  0.0000  0.0000  0.0000  0.0000  0.0000  0.0000  0.0000  0.0000  0.0000  0.0000  0.0000  0.0000  0.0000  0.0000  
0.0000  0.0000  0.0000  0.0000  0.0000  0.0000  0.0000  0.0000  0.0000  0.0000  0.0000  0.0000  0.0000  0.0000  0.0000  0.0000  0.0000  0.0000  0.0000  0.0000  
0.0000  0.0000  0.0000  0.0000  0.0000  0.0000  0.0000  0.0000  0.0000  0.0000  0.0000  0.0000  0.0000  0.0000  0.0000  0.0000  0.0000  0.0000  0.0000  0.0000  
0.0000  0.0000  0.0000  0.0000  0.0000  0.0000  0.0000  0.0000  0.0000  0.0000  0.0000  0.0000  0.0000  0.0000  0.0000  0.0000  0.0000  0.0000  0.0000  0.0000  
H 0.156 E 0.395    2.136   1.150  -0.190   3.031   2.286  -0.390   3.388   2.451  -1.862   4.445   2.096   0.535   4.247   2.719   1.885
Kernel d0: 0.49 sigma: 0.05 SUM:   304.17 maxCount:   8.58 PSEUDO 200+0.2
0.4068  0.6216  0.7409  0.7596  0.4063  0.5838  0.7100  0.1967  0.3224  0.2920  -0.7294 0.5407  0.7162  0.1541  0.3342  0.1245  0.7986  0.0004  0.7114  0.7506  
0.4594  0.2075  0.3544  0.3897  -0.8996 0.4276  0.3056  0.5879  -0.2004 -0.5364 0.2435  0.3130  0.3145  0.3188  -0.3319 0.4453  0.4825  -0.6458 0.3075  -0.8950 
-2.1162 0.1710  -0.8578 -0.9890 -1.8551 -1.2273 -1.2417 -0.6826 -1.4598 -0.1902 -0.5954 0.2653  0.2667  -0.9838 -0.6760 -1.1207 -0.9253 -0.3634 0.2603  0.4592  
0.4097  0.1737  0.3077  0.3414  -0.4778 -0.3067 0.2621  -0.2469 -1.2776 -0.7336 -1.0259 0.2690  0.2704  0.2744  -0.0989 0.3957  -1.1906 0.0876  0.2639  0.4635  
-0.4439 0.4153  0.5822  0.1508  0.5802  -0.4822 0.5336  0.1032  0.6247  0.2791  -0.5351 0.5414  0.5430  -0.3852 -0.1000 -0.2174 0.3712  -0.0149 0.5357  0.1171  
-0.2809 -0.5775 0.5579  0.5909  0.0048  0.6238  0.5079  0.1280  0.0634  -0.2775 0.4359  0.1957  0.5175  -0.8703 -0.1669 -0.2081 -0.1920 0.0816  0.2617  0.0300  
-0.7185 0.1516  -0.9101 0.3074  -0.0436 0.3429  0.2325  -0.9141 0.3190  -0.3619 0.1806  0.2390  0.2403  0.2440  -1.0356 -0.7477 -0.2126 0.2335  0.2342  0.4270  
0.1477  0.5182  0.6678  0.6936  0.3572  0.7183  0.6268  0.7977  0.7021  0.5577  0.5631  0.6335  0.6348  0.3982  0.7296  0.7289  -0.1949 0.5188  0.6286  0.7647  
0.2910  0.1075  0.2056  0.2326  0.3613  0.2636  0.1705  -1.0439 0.2427  0.4496  -1.1621 -1.0802 0.1767  0.1797  0.2798  0.2786  0.3118  0.4552  0.1718  0.3405  
0.1948  0.6426  0.4960  -0.1666 0.6457  0.7877  0.7258  0.1376  0.7773  0.1287  0.6784  0.1963  0.7316  0.0576  0.4347  0.0355  0.0145  0.1401  0.7271  0.3144  
0.5205  0.2554  0.4152  0.4513  -0.1138 -0.4685 0.3637  0.6404  0.4640  0.3951  0.2960  0.3717  0.3733  0.3778  0.5081  0.5068  -0.8186 -0.0081 0.3658  0.5714  
-0.7251 -1.5906 0.3378  -1.7041 -1.8265 -0.6443 -0.8848 -1.5102 -1.1257 -1.8519 0.2299  -0.5041 0.2987  -0.8604 -1.0379 -1.0923 -1.0429 -1.4344 -0.8742 -0.6101 
0.4350  0.1904  0.3311  0.3657  0.5101  0.4033  0.2838  0.5656  0.3781  0.5935  0.2244  0.2910  0.2924  0.2966  0.4222  0.4209  0.4581  0.5985  0.2856  0.4887  
-0.6442 0.1756  0.3104  -1.0730 0.4881  0.3812  0.2646  -1.2518 -2.3042 -1.3653 0.2078  0.2715  0.2729  -2.0422 -1.8803 -0.6707 -1.4022 -0.6333 -0.9280 -1.2872 
0.4177  -1.0732 0.0650  0.3491  -0.4677 0.3862  0.2534  -0.4473 0.3613  0.5780  -0.2837 0.2759  0.2773  0.2813  0.4050  0.4037  -1.4074 -0.5332 0.2707  0.4716  
0.0719  -0.9435 -0.4009 0.5563  -0.0529 0.5912  -0.9388 0.0496  0.5681  -0.7591 0.3982  0.4786  0.4802  0.4849  0.6078  0.6067  0.6378  -0.0248 -0.7868 0.4421  
0.6063  0.3383  0.1132  -0.7648 0.6673  -0.2619 -0.5517 0.1158  -0.4929 0.4170  0.3839  -0.3234 0.4658  0.4705  -0.4606 0.5940  0.6259  0.5636  0.4582  0.2327  
0.5514  0.5245  0.6727  0.6980  0.4039  0.7223  -0.1155 0.8000  0.7064  0.2941  0.5691  0.2069  0.6402  0.6439  0.2448  -0.1069 0.2907  0.8119  0.6339  0.6903  
0.4266  0.1848  -0.1718 0.3577  -0.4304 0.3950  -0.7189 0.5579  0.3700  -0.4877 0.2181  0.2836  0.2851  0.2892  0.4139  0.4126  -0.5569 0.2435  -0.8750 -0.4538 
-0.6262 0.3351  0.5045  0.0220  0.1817  -0.5170 0.4527  0.3167  0.0260  -0.2184 0.3806  0.4609  0.4625  -0.5785 0.5922  -0.0178 0.6231  -0.4731 0.4548  0.6481  
H 0.156 E 0.395    2.118   1.165   0.199   2.992   2.335   0.198   3.263   2.818   1.618   2.307   3.588  -0.724   2.764   3.468  -2.148
Kernel d0: 0.49 sigma: 0.05 SUM:    10.44 maxCount:   4.00 PSEUDO 200+0.2
0.0000  0.0000  0.0000  0.0000  0.0000  0.0000  0.0000  0.0000  0.0000  0.0000  0.0000  0.0000  0.0000  0.0000  0.0000  0.0000  0.0000  0.0000  0.0000  0.0000  
0.0000  0.0000  0.0000  0.0000  0.0000  0.0000  0.0000  0.0000  0.0000  0.0000  0.0000  0.0000  0.0000  0.0000  0.0000  0.0000  0.0000  0.0000  0.0000  0.0000  
0.0000  0.0000  0.0000  0.0000  0.0000  0.0000  0.0000  0.0000  0.0000  0.0000  0.0000  0.0000  0.0000  0.0000  0.0000  0.0000  0.0000  0.0000  0.0000  0.0000  
0.0000  0.0000  0.0000  0.0000  0.0000  0.0000  0.0000  0.0000  0.0000  0.0000  0.0000  0.0000  0.0000  0.0000  0.0000  0.0000  0.0000  0.0000  0.0000  0.0000  
0.0000  0.0000  0.0000  0.0000  0.0000  0.0000  0.0000  0.0000  0.0000  0.0000  0.0000  0.0000  0.0000  0.0000  0.0000  0.0000  0.0000  0.0000  0.0000  0.0000  
0.0000  0.0000  0.0000  0.0000  0.0000  0.0000  0.0000  0.0000  0.0000  0.0000  0.0000  0.0000  0.0000  0.0000  0.0000  0.0000  0.0000  0.0000  0.0000  0.0000  
0.0000  0.0000  0.0000  0.0000  0.0000  0.0000  0.0000  0.0000  0.0000  0.0000  0.0000  0.0000  0.0000  0.0000  0.0000  0.0000  0.0000  0.0000  0.0000  0.0000  
0.0000  0.0000  0.0000  0.0000  0.0000  0.0000  0.0000  0.0000  0.0000  0.0000  0.0000  0.0000  0.0000  0.0000  0.0000  0.0000  0.0000  0.0000  0.0000  0.0000  
0.0000  0.0000  0.0000  0.0000  0.0000  0.0000  0.0000  0.0000  0.0000  0.0000  0.0000  0.0000  0.0000  0.0000  0.0000  0.0000  0.0000  0.0000  0.0000  0.0000  
0.0000  0.0000  0.0000  0.0000  0.0000  0.0000  0.0000  0.0000  0.0000  0.0000  0.0000  0.0000  0.0000  0.0000  0.0000  0.0000  0.0000  0.0000  0.0000  0.0000  
0.0000  0.0000  0.0000  0.0000  0.0000  0.0000  0.0000  0.0000  0.0000  0.0000  0.0000  0.0000  0.0000  0.0000  0.0000  0.0000  0.0000  0.0000  0.0000  0.0000  
0.0000  0.0000  0.0000  0.0000  0.0000  0.0000  0.0000  0.0000  0.0000  0.0000  0.0000  0.0000  0.0000  0.0000  0.0000  0.0000  0.0000  0.0000  0.0000  0.0000  
0.0000  0.0000  0.0000  0.0000  0.0000  0.0000  0.0000  0.0000  0.0000  0.0000  0.0000  0.0000  0.0000  0.0000  0.0000  0.0000  0.0000  0.0000  0.0000  0.0000  
0.0000  0.0000  0.0000  0.0000  0.0000  0.0000  0.0000  0.0000  0.0000  0.0000  0.0000  0.0000  0.0000  0.0000  0.0000  0.0000  0.0000  0.0000  0.0000  0.0000  
0.0000  0.0000  0.0000  0.0000  0.0000  0.0000  0.0000  0.0000  0.0000  0.0000  0.0000  0.0000  0.0000  0.0000  0.0000  0.0000  0.0000  0.0000  0.0000  0.0000  
0.0000  0.0000  0.0000  0.0000  0.0000  0.0000  0.0000  0.0000  0.0000  0.0000  0.0000  0.0000  0.0000  0.0000  0.0000  0.0000  0.0000  0.0000  0.0000  0.0000  
0.0000  0.0000  0.0000  0.0000  0.0000  0.0000  0.0000  0.0000  0.0000  0.0000  0.0000  0.0000  0.0000  0.0000  0.0000  0.0000  0.0000  0.0000  0.0000  0.0000  
0.0000  0.0000  0.0000  0.0000  0.0000  0.0000  0.0000  0.0000  0.0000  0.0000  0.0000  0.0000  0.0000  0.0000  0.0000  0.0000  0.0000  0.0000  0.0000  0.0000  
0.0000  0.0000  0.0000  0.0000  0.0000  0.0000  0.0000  0.0000  0.0000  0.0000  0.0000  0.0000  0.0000  0.0000  0.0000  0.0000  0.0000  0.0000  0.0000  0.0000  
0.0000  0.0000  0.0000  0.0000  0.0000  0.0000  0.0000  0.0000  0.0000  0.0000  0.0000  0.0000  0.0000  0.0000  0.0000  0.0000  0.0000  0.0000  0.0000  0.0000  
H 0.156 E 0.395    2.112   1.180   0.260   3.040   2.301   0.142   4.151   1.991  -0.854   3.707   2.681   1.659   2.845   3.700   2.343
Kernel d0: 0.49 sigma: 0.05 SUM:   216.15 maxCount:   7.22 PSEUDO 200+0.2
0.2608  0.4456  0.5496  0.5665  0.2592  0.5777  0.3056  -0.0173 0.1850  0.1197  -0.3747 0.3101  0.5275  0.0104  0.2135  0.2282  0.6023  -0.1499 0.5233  0.6011  
0.3145  0.1321  0.2354  0.2615  -1.0852 0.2901  0.2001  0.4174  -0.0502 -0.6006 0.1567  0.2054  0.2065  0.2096  -0.0757 0.3036  0.3324  -0.6965 0.2015  -0.9513 
-0.4258 0.1077  -0.2940 0.0982  -1.8129 -0.0391 -1.0532 -0.2811 -0.0287 -0.0286 0.0859  0.1718  0.1727  -0.2322 0.2122  0.0302  0.1831  -0.4919 0.1683  0.3143  
0.2765  0.1095  0.2017  0.2259  -0.5695 0.2107  0.1695  -0.3547 -1.0982 -0.4578 0.0567  0.1743  0.1753  0.1781  -0.0772 0.2660  -1.0085 -0.0635 0.1708  0.3177  
0.1350  -0.3075 0.4128  0.3674  0.4405  -0.1224 0.3731  -0.0429 0.4482  0.1902  -0.5190 0.3794  0.3806  -0.1876 -0.1356 -0.3653 0.3688  0.0462  0.3747  -0.0408 
0.4142  0.2609  0.3927  0.4199  -0.4111 0.4475  0.3525  0.0280  0.1918  -0.2329 0.2964  0.3589  0.3601  -0.4798 -0.2297 -0.0812 -0.1424 -0.0412 -0.0288 -0.0935 
-0.6930 0.0950  -0.2456 0.2014  -0.8122 0.2270  0.1491  -0.8348 0.2098  -0.4085 0.1141  0.1535  0.1544  0.1570  -0.8723 0.0690  -0.3493 0.3198  0.1503  0.2895  
0.4890  0.3607  0.4851  0.5076  0.3048  0.5294  0.4500  0.6014  0.5150  0.6111  0.3970  0.4557  0.4569  0.3387  0.5395  0.5388  -0.0191 0.3194  0.4515  0.5711  
0.1898  0.0665  0.1308  0.1492  0.2405  0.1705  0.1074  -0.8592 0.1561  0.3068  -0.5373 0.0198  0.1115  0.1135  0.1819  0.1811  0.2046  0.3112  0.1083  0.2253  
0.1739  0.4635  0.5568  0.0439  0.2027  0.5922  0.5361  0.0237  0.5826  0.0707  0.4943  0.0337  0.5412  0.0555  0.5302  0.1362  -0.2327 -0.0911 0.5372  0.0527  
0.3625  0.1649  0.2806  0.3082  -0.2170 0.2972  0.2422  0.4616  0.3180  0.2169  0.1934  0.2481  0.2493  0.2526  0.3526  0.3516  -0.6220 -0.1255 0.2438  0.4038  
-0.4475 -1.2042 0.2233  -0.8541 -1.7625 0.1604  -0.6816 -1.4845 -1.2312 -1.7874 0.1473  -0.3129 0.1953  -0.6826 -0.6715 -0.4369 -0.8058 -1.4266 -0.8608 -0.8355 
0.2957  0.1206  0.2185  0.2437  0.3542  0.2716  0.1847  0.3991  0.2529  0.4221  0.1436  0.1898  0.1908  0.1937  0.2859  0.2849  0.3134  0.4262  0.1860  0.3373  
-0.6595 0.1108  0.2036  -0.8350 0.3368  0.2551  0.1712  -1.2729 -2.1251 -1.3280 0.1323  0.1761  0.1771  -1.8420 -1.6655 0.1408  -1.0944 -0.6839 -0.8407 -1.2958 
0.2825  -0.0751 -0.8523 0.2315  -0.1803 0.2589  -0.3274 -0.8851 0.2405  0.4093  0.1348  0.1792  0.1801  0.1830  0.2730  0.2719  -0.9302 -0.0364 0.1755  0.3239  
0.3721  -0.9830 0.0689  0.3915  -0.0212 0.4201  -0.8250 0.1147  0.4011  -0.6811 0.2678  0.3294  0.3307  0.3343  0.4340  0.4331  0.4593  -0.2125 -0.6370 0.2768  
0.4328  0.2236  0.3524  0.2911  -0.1041 -0.1168 -0.3737 0.0301  0.1716  0.3057  0.2572  0.3182  0.3194  0.3231  -0.0720 0.4225  0.4493  -0.0199 0.3135  0.0898  
0.5493  0.3658  0.4893  0.5115  0.0447  0.5329  -0.0351 0.6036  0.5188  0.3724  0.4019  0.0614  0.4614  0.4645  0.5429  0.0154  0.1046  0.6146  0.4561  0.3443  
0.2893  0.1169  0.2129  0.2378  -0.3738 0.2654  -0.6901 0.3928  0.2469  -0.5895 0.1393  0.1846  0.1856  0.1885  0.2797  0.2786  0.2586  0.0943  -0.9083 0.3308  
-0.0644 0.2213  0.3498  0.3778  -0.5481 -0.1850 0.3093  0.2315  0.3713  -0.2892 0.2547  0.3156  0.3168  -0.3203 0.4210  0.4200  0.4469  -0.2494 0.3109  0.4681  
H 0.156 E 0.395    1.782   1.352   0.924   2.620   2.530   1.125   4.033   2.294   0.606   2.666   2.951   2.772   1.554   3.912   3.073
Kernel d0: 0.49 sigma: 0.05 SUM:    75.45 maxCount:   3.77 PSEUDO 200+0.2
0.0912  0.1099  0.1572  0.1663  0.0309  0.1753  -0.0608 -0.1291 0.1587  -0.0067 0.0972  0.0051  0.1459  0.0936  -0.0925 0.1486  0.1871  -0.0710 0.1438  0.1931  
0.0659  0.0228  0.0451  0.0516  -0.6752 0.0591  0.0370  0.0992  0.0495  -0.0068 0.0277  0.0382  0.0384  0.0391  0.0581  0.0628  0.0711  -0.1888 0.0373  -0.2650 
0.0546  0.0181  0.0367  0.0422  -1.0366 0.0487  -0.0254 -0.2232 0.0443  0.0871  0.0221  0.0308  0.0310  0.0316  0.0522  0.0519  0.0592  -0.4055 0.0301  0.0658  
0.0555  0.0185  0.0373  0.0429  -0.3843 0.0494  0.0303  -0.1939 -0.0082 0.0481  0.0225  0.0313  0.0316  0.0321  0.0530  0.0527  -0.1453 -0.1701 0.0306  0.0668  
0.1270  -0.2977 0.0975  0.1074  0.1479  0.0147  0.0838  0.0103  0.1109  0.1070  -0.0110 0.0859  0.0863  0.0689  0.0301  -0.3288 0.1283  -0.0595 0.0844  -0.0800 
0.1195  0.0514  0.0904  0.1001  -0.4066 0.1106  0.0772  0.1220  0.0937  0.0378  0.0608  0.0792  0.0796  0.0612  -0.1438 0.0964  0.0022  -0.0251 -0.1454 -0.1499 
-0.0432 0.0158  0.0323  0.0372  -0.6137 0.0431  0.0261  -0.0786 0.0391  -0.0238 0.0193  0.0270  0.0272  0.0277  -0.0542 0.0461  -0.2757 0.0860  0.0264  0.0589  
0.1553  0.0798  0.1263  0.1364  0.1660  0.1468  0.1116  0.1866  0.1399  0.1927  0.0919  0.1139  0.1144  0.1157  0.1519  0.1516  0.0711  -0.0091 0.1122  0.1688  
0.0347  0.0108  0.0225  0.0262  0.0464  0.0305  0.0181  -0.1770 0.0276  0.0637  0.0132  0.0187  0.0188  0.0192  0.0330  0.0328  0.0380  0.0649  0.0182  0.0427  
-0.0001 0.1171  0.1637  0.1523  -0.0746 0.1810  0.1502  0.0679  0.1754  0.0256  0.1303  0.0628  0.1528  0.0785  0.1851  0.1193  -0.2104 -0.2242 0.1508  -0.0699 
0.0804  0.0294  0.0565  0.0641  -0.1097 0.0727  0.0468  0.1163  0.0669  -0.0456 0.0355  0.0482  0.0485  0.0494  0.0773  0.0770  0.0617  0.0463  0.0472  0.0943  
0.0254  -0.0812 0.0423  0.0361  -1.1276 0.0556  0.0205  -0.8551 -0.6592 -0.4762 0.0258  -0.2201 0.0359  0.0089  -0.4963 0.0592  -0.0525 -0.3676 -0.1770 -0.4207 
0.0606  0.0206  0.0411  0.0471  0.0778  0.0542  0.0336  0.0926  0.0494  0.1009  0.0250  0.0347  0.0349  0.0355  0.0580  0.0577  0.0656  0.1024  0.0339  0.0726  
-0.0239 0.0187  0.0377  -0.0099 0.0724  0.0500  0.0307  -0.2341 -0.2927 -0.4420 0.0228  0.0317  0.0319  -0.1848 -0.1630 0.0533  -0.2251 -0.1783 -0.0254 -0.5067 
0.0571  0.0191  -0.5808 0.0442  0.0736  0.0509  -0.2441 -0.7624 0.0464  0.0962  0.0233  0.0324  0.0326  0.0332  0.0545  0.0543  -0.0109 0.0949  0.0316  0.0686  
0.1089  -0.3326 0.0808  0.0900  -0.0183 0.1002  -0.0288 -0.0800 0.0933  0.0294  0.0532  0.0702  0.0706  0.0717  0.1054  0.1050  0.1154  -0.0942 -0.1145 0.0611  
0.1049  0.0423  0.0772  0.0863  -0.3156 0.0963  0.0567  0.1183  0.0895  0.1414  0.0505  0.0669  0.0673  0.0684  0.1014  0.1011  0.1113  -0.2209 0.0656  0.0522  
0.1570  0.0814  0.1281  0.1382  -0.2061 0.1486  0.1135  0.1880  0.1417  0.1537  0.0936  -0.0100 0.1162  0.1175  0.1537  -0.0787 -0.0920 0.1949  0.1141  0.0074  
0.0589  0.0198  0.0398  0.0457  -0.0199 0.0526  -0.0370 0.0904  0.0479  -0.1977 0.0242  0.0335  0.0338  0.0344  0.0563  0.0560  0.0638  -0.0666 -0.5948 0.0706  
0.1040  0.0418  0.0764  0.0854  -0.6180 0.0841  0.0644  0.0579  0.0887  0.0286  0.0499  0.0662  0.0666  0.0676  0.1005  0.1002  0.1104  -0.0906 0.0649  0.1190  
H 0.156 E 0.395    2.056   1.207   0.483   2.922   2.379   0.575   3.772   2.534  -0.681   3.922   2.272   1.946   3.235   2.911   3.116
Kernel d0: 0.49 sigma: 0.05 SUM:   287.84 maxCount:   8.28 PSEUDO 200+0.2
0.3884  0.5911  0.7081  0.7265  0.3631  0.6634  0.6680  0.1201  0.2984  0.1933  -0.6986 0.4577  0.6838  0.1265  0.2323  0.2275  0.7650  -0.0415 0.6791  0.7210  
0.4339  0.1938  0.3331  0.3669  -1.0267 0.4033  0.2866  0.5583  -0.1014 -0.5561 0.2278  0.2937  0.2951  0.2992  -0.3247 0.4203  0.4561  -0.7560 0.2884  -0.9138 
-1.9529 0.1594  -0.8329 -0.5792 -1.8779 -1.0567 -1.2371 -0.5660 -1.1028 -0.1987 -0.3920 0.2484  0.2497  -0.8589 -0.3665 -0.9580 -0.6699 -0.4068 0.2436  0.4337  
0.3861  0.1619  0.2887  0.3207  -0.5033 -0.0968 0.2453  -0.2699 -1.2779 -0.7165 -0.6978 0.2519  0.2532  0.2570  -0.1056 0.3727  -1.1960 0.0437  0.2470  0.4379  
-0.3732 0.0560  0.5528  0.1659  0.5523  -0.4497 0.5056  0.0752  0.5942  0.2509  -0.5524 0.5132  0.5147  -0.3588 -0.0826 -0.3140 0.4510  -0.0419 0.5076  0.0855  
0.0531  0.2661  0.5291  0.5612  -0.2722 0.5933  0.4807  0.1062  0.0930  -0.2781 0.4113  0.4750  0.4900  -0.8222 -0.1192 -0.1033 -0.0443 0.0135  0.0732  0.0293  
-0.7316 0.1412  -0.8819 0.2883  -0.6332 0.3222  0.2174  -0.9026 0.2994  -0.3856 0.1684  0.2234  0.2247  0.2282  -1.0340 -0.6643 -0.2906 0.2289  0.2189  0.4027  
0.3031  0.4906  0.6363  0.6616  0.3290  0.6858  0.5962  0.7641  0.6699  0.7657  0.5342  0.6028  0.6041  0.3740  0.6970  0.6962  -0.1868 0.4723  0.5979  0.7315  
0.2728  0.0999  0.1919  0.2175  0.3398  0.2467  0.1589  -1.0454 0.2270  0.4244  -1.1413 -0.8198 0.1648  0.1676  0.2621  0.2610  0.2925  0.4298  0.1602  0.3199  
0.3117  0.6117  0.5951  -0.0881 0.4706  0.7542  0.6933  0.1123  0.7439  0.1147  0.6467  0.1706  0.6989  0.1618  0.4337  0.0563  -0.1442 0.0123  0.6945  0.2293  
0.4929  0.2390  0.3913  0.4261  -0.1527 -0.1751 0.3421  0.6095  0.4383  0.3533  0.2775  0.3497  0.3512  0.3556  0.4809  0.4796  -0.7741 -0.0348 0.3440  0.5423  
-0.5879 -1.5023 0.3173  -1.5604 -1.9054 -0.5335 -0.8757 -1.4902 -1.2133 -1.8380 0.2149  -0.4546 0.2801  -0.8623 -0.6665 -0.6880 -1.0040 -1.4380 -0.8853 -0.7527 
0.4104  0.1776  0.3110  0.3440  0.4828  0.3799  0.2659  0.5367  0.3558  0.5638  0.2097  0.2727  0.2741  0.2780  0.3981  0.3968  0.4326  0.5686  0.2677  0.4622  
-0.6560 0.1637  0.2912  -1.0504 0.4615  0.3587  0.2477  -1.2669 -2.3003 -1.3857 0.1940  0.2542  0.2556  -2.0287 -1.8800 -0.5196 -1.1966 -0.6658 -0.9296 -1.3039 
0.3938  -0.9907 -0.5485 0.3281  -0.4754 0.3635  -0.1133 -0.7925 0.3398  0.5487  0.1647  0.2584  0.2597  0.2636  0.3816  0.3803  -1.2220 -0.5030 0.2535  0.4456  
0.4171  -0.9741 -0.3809 0.5276  -0.0127 0.5615  -0.9466 0.0443  0.5391  -0.7740 0.3751  0.4524  0.4540  0.4584  0.5777  0.5766  0.6069  -0.1438 -0.7949 0.4104  
0.5763  0.3178  0.4670  -0.2833 0.3987  -0.2411 -0.5547 0.0892  -0.3059 0.3875  0.3614  0.4064  0.4401  0.4446  -0.4437 0.5643  0.5954  0.1183  0.4327  0.2048  
0.6543  0.4968  0.6411  0.6659  0.1875  0.6897  -0.1300 0.7664  0.6741  0.2672  0.5401  0.1781  0.6093  0.6129  0.6385  -0.0306 0.2449  0.7781  0.6032  0.4968  
0.4024  0.1723  0.3035  0.3363  -0.4649 0.3720  -0.7201 0.5292  0.3481  -0.5100 0.2038  0.2658  0.2671  0.2710  0.3901  0.3889  -0.2163 0.2126  -0.9102 0.1941  
-0.6272 0.3147  0.4774  0.4286  -0.3934 -0.4424 0.4274  0.2942  0.1839  -0.2094 0.3582  0.4353  0.4369  -0.5420 0.5625  0.5402  0.5926  -0.4923 0.4295  0.6170  
H 0.156 E 0.395    2.129   1.166   0.243   2.983   2.345   0.350   4.314   2.125  -0.359   3.251   2.736   1.983   2.188   3.686   2.450
Kernel d0: 0.49 sigma: 0.05 SUM:   141.04 maxCount:   4.99 PSEUDO 200+0.2
0.1840  0.2731  0.3549  0.3690  0.1432  0.3825  0.0585  -0.1068 0.2355  0.0921  0.0474  0.1428  0.3368  -0.0119 0.0492  0.1943  0.3996  -0.1322 0.3334  0.4079  
0.1808  0.0698  0.1304  0.1466  -1.0454 0.1649  0.1090  0.2523  0.0969  -0.2081 0.0837  0.1122  0.1128  0.1147  0.1062  0.1737  0.1928  -0.3763 0.1098  -0.8143 
0.1470  0.0562  0.0622  0.1227  -1.5928 0.1393  -0.4455 -0.3214 0.1281  0.1807  0.0679  0.0924  0.0929  0.0945  0.1480  0.1474  0.1652  -0.5211 0.0903  0.1807  
0.1561  0.0572  0.1099  0.1246  -0.5908 0.1413  0.0910  -0.3785 -0.2846 -0.1265 0.0691  0.0938  0.0944  0.0960  0.0846  0.1494  -0.5234 -0.1635 0.0918  0.1829  
0.2784  -0.3561 0.2489  0.2683  0.3248  -0.0651 0.2207  -0.0335 0.2751  0.0950  -0.1712 0.2251  0.2260  0.1153  -0.0501 -0.3671 0.2666  -0.0112 0.2218  -0.1592 
0.2911  0.1462  0.2345  0.2541  -0.5131 0.2745  0.2064  0.0240  0.1732  -0.1623 0.1690  0.2108  0.2117  -0.0376 -0.3043 -0.0342 -0.2410 -0.0805 -0.1207 -0.2143 
-0.4890 0.0493  0.0641  0.1098  -0.8033 0.1252  0.0793  -0.4918 0.1148  -0.2717 0.0597  0.0818  0.0824  0.0838  -0.6314 0.1328  -0.3741 0.2253  0.0800  0.1645  
0.3519  0.2120  0.3032  0.3208  0.3340  0.3383  0.2764  0.3988  0.3268  0.4073  0.2375  0.2807  0.2815  0.2703  0.3466  0.3460  -0.0056 0.1386  0.2775  0.3728  
0.1029  0.0341  0.0690  0.0794  0.1335  0.0916  0.0560  -0.4120 0.0833  0.1758  -0.0322 0.0579  0.0583  0.0594  0.0983  0.0978  0.1117  0.1787  0.0565  0.1242  
0.0284  0.2866  0.3650  0.1825  0.0760  0.3909  0.3438  0.0036  0.3826  0.0398  0.3104  -0.0533 0.3480  -0.0047 0.3966  0.0893  -0.1838 -0.1805 0.3447  -0.0154 
0.2133  0.0884  0.1588  0.1767  -0.1311 0.1964  0.1346  0.2851  0.1832  0.0670  0.1050  0.1382  0.1390  0.1411  0.2065  0.2058  -0.2023 -0.0838 0.1355  0.2425  
-0.1586 -0.7747 0.1230  -0.1024 -1.5989 0.1564  -0.1181 -1.2891 -1.1433 -1.4980 0.0783  -0.3061 0.1061  -0.0964 -0.6664 0.0307  -0.3388 -1.1545 -0.7110 -0.7572 
0.1685  0.0633  0.1200  0.1355  0.2076  0.1530  0.0999  0.2391  0.1412  0.2557  0.0762  0.1029  0.1035  0.1052  0.1622  0.1615  0.1801  0.2587  0.1007  0.1961  
-0.3731 0.0579  0.1111  -0.3596 0.1958  0.1426  0.0920  -0.9121 -1.3770 -0.9577 0.0699  0.0949  0.0954  -1.1275 -1.0429 0.1508  -0.9270 -0.4319 -0.3213 -0.9921 
0.1600  0.0591  -0.8037 0.1280  0.1414  0.1450  -0.3287 -0.9083 0.1335  0.2464  0.0713  0.0966  0.0972  0.0989  0.1539  0.1532  -0.5379 0.1826  0.0945  0.1871  
0.2655  -0.8939 0.1935  0.2336  -0.0273 0.2543  -0.4672 0.0000  0.2405  -0.3188 0.1506  0.1908  0.1916  0.1941  0.2645  0.2638  0.2834  -0.2349 -0.2827 0.1356  
0.2636  0.1232  0.2064  0.2258  -0.2730 0.1779  0.0526  0.1970  0.2094  0.2875  0.1439  0.1833  0.1841  0.1865  0.1793  0.2560  0.2759  -0.1442 0.1802  0.0449  
0.3546  0.2156  0.3065  0.3239  -0.0946 0.3412  0.1930  0.4007  0.3298  0.3362  0.2411  0.0143  0.2850  0.2874  0.3493  -0.1074 -0.0500 0.4104  0.2810  0.1657  
0.1644  0.0613  0.1167  0.1318  -0.1052 0.1491  -0.3405 0.2345  0.1375  -0.5567 0.0738  0.0998  0.1004  0.1021  0.1582  0.1575  0.1759  -0.0243 -0.8386 0.1917  
0.2097  0.1218  0.2046  0.2240  -0.6463 0.1543  0.1774  0.1335  0.2309  -0.1199 0.1424  0.1816  0.1824  0.0888  0.2549  0.2542  0.2741  -0.1572 0.1785  0.2901  
H 0.156 E 0.395    1.950   1.249   0.707   2.764   2.446   0.901   4.068   2.356   0.117   3.092   2.678   2.553   2.017   3.529   3.162
Kernel d0: 0.49 sigma: 0.05 SUM:   149.22 maxCount:   4.87 PSEUDO 200+0.2
0.1267  0.2927  0.3776  0.3922  0.1290  0.4061  0.1168  -0.1156 0.2795  0.0282  -0.0173 0.1624  0.3590  0.0104  0.0684  0.1980  0.4235  -0.1815 0.3554  0.4303  
0.1955  0.0762  0.1416  0.1590  -1.0646 0.1785  0.1187  0.2709  0.0882  -0.3295 0.0913  0.1221  0.1228  0.1248  0.0884  0.1879  0.2082  -0.4164 0.1195  -0.8743 
0.0741  0.0615  0.0254  0.1196  -1.6104 0.1284  -0.5403 -0.3135 0.1308  0.1498  0.0742  0.1007  0.1013  0.0591  0.1605  0.1508  0.1789  -0.5094 0.0985  0.1954  
0.1692  0.0626  0.1197  0.1354  -0.5863 0.1533  0.0993  -0.3794 -0.4340 -0.1972 0.0755  0.1023  0.1029  0.1046  0.0978  0.1620  -0.5925 -0.1541 0.1001  0.1977  
0.2733  -0.3536 0.2674  0.2780  0.3464  -0.0954 0.2377  0.0087  0.2948  0.1246  -0.3729 0.2423  0.2433  -0.0025 -0.1586 -0.3652 0.2750  -0.0456 0.2389  -0.1421 
0.3115  0.1586  0.2523  0.2728  -0.4972 0.2942  0.2226  0.0925  0.1690  -0.1804 0.1829  0.2272  0.2282  -0.0667 -0.2836 0.0395  -0.1811 -0.0143 -0.1119 -0.1962 
-0.5298 0.0540  0.0294  0.1195  -0.8195 0.1361  0.0866  -0.4610 0.1249  -0.3736 0.0653  0.0893  0.0899  0.0915  -0.5613 0.1212  -0.3718 0.2345  0.0873  0.1781  
0.3746  0.2286  0.3241  0.3424  0.3095  0.3605  0.2962  0.4228  0.3486  0.4314  0.2555  0.3007  0.3016  0.2802  0.3691  0.3685  0.0024  0.1595  0.2974  0.3961  
0.1121  0.0373  0.0754  0.0866  0.1450  0.0999  0.0613  -0.5083 0.0909  0.1901  -0.1246 0.0634  0.0638  0.0650  0.1071  0.1065  0.1215  0.1932  0.0618  0.1349  
0.0627  0.3068  0.3881  0.1848  0.0857  0.4146  0.3662  -0.0082 0.4062  0.0424  0.3316  0.0159  0.3705  0.0011  0.4105  0.1323  -0.1987 -0.1667 0.3671  -0.0087 
0.2299  0.0964  0.1720  0.1911  -0.1681 0.2121  0.1461  0.3053  0.1980  0.0832  0.1143  0.1500  0.1508  0.1531  0.2227  0.2220  -0.0946 -0.1295 0.1472  0.2606  
-0.2112 -0.6725 0.1337  -0.1537 -1.5998 0.1695  -0.1247 -1.2895 -1.1216 -1.4801 0.0855  -0.3089 0.1156  -0.2364 -0.6739 0.0509  -0.3727 -1.1315 -0.7448 -0.7830 
0.1823  0.0692  0.1305  0.1471  0.2239  0.1659  0.1088  0.2570  0.1532  0.2745  0.0832  0.1120  0.1127  0.1146  0.1757  0.1750  0.1947  0.2777  0.1097  0.2117  
-0.4354 0.0633  0.1209  -0.3948 0.2113  0.1547  0.1003  -0.9716 -1.4039 -0.9970 0.0763  0.1034  0.1040  -1.1401 -1.0787 0.1635  -0.9423 -0.4616 -0.4553 -0.9965 
0.1733  0.0308  -0.7849 0.1390  0.0788  0.1572  -0.3310 -0.9172 0.1450  0.2647  0.0779  0.1053  0.1059  0.1077  0.1668  0.1661  -0.4397 0.1840  0.1030  0.2021  
0.2782  -0.8796 0.1904  0.2513  -0.0223 0.2730  -0.5240 0.0125  0.2586  -0.3488 0.1633  0.2060  0.2069  0.2095  0.2837  0.2830  0.3035  -0.3116 -0.3530 0.1459  
0.2828  0.1339  0.2226  0.2431  -0.2611 0.2066  0.0132  0.1266  0.2194  0.2661  0.1561  0.1981  0.1990  0.2015  0.1250  0.2749  0.2956  -0.1492 0.1948  0.0171  
0.3774  0.2323  0.3275  0.3456  -0.0963 0.3635  0.1850  0.4247  0.3517  0.2368  0.2592  -0.0264 0.3051  0.3077  0.3719  -0.0750 -0.0285 0.4346  0.3010  0.1857  
0.1780  0.0670  0.1269  0.1432  -0.3677 0.1617  -0.3637 0.2523  0.1492  -0.5752 0.0806  0.1088  0.1094  0.1112  0.1713  0.1706  0.1902  -0.0119 -0.8522 0.2071  
0.1503  0.1324  0.2207  0.2412  -0.6381 0.1067  0.1918  0.1502  0.2484  -0.2249 0.1545  0.1963  0.1971  0.0229  0.2737  0.2730  0.2938  -0.1718 0.1930  0.3105  
H 0.156 E 0.395    2.158   1.133   0.025   3.040   2.277  -0.191   3.652   2.754   1.122   2.191   3.549  -0.934   2.296   3.416  -2.424
Kernel d0: 0.49 sigma: 0.05 SUM:     9.59 maxCount:   3.96 PSEUDO 200+0.2
0.0000  0.0000  0.0000  0.0000  0.0000  0.0000  0.0000  0.0000  0.0000  0.0000  0.0000  0.0000  0.0000  0.0000  0.0000  0.0000  0.0000  0.0000  0.0000  0.0000  
0.0000  0.0000  0.0000  0.0000  0.0000  0.0000  0.0000  0.0000  0.0000  0.0000  0.0000  0.0000  0.0000  0.0000  0.0000  0.0000  0.0000  0.0000  0.0000  0.0000  
0.0000  0.0000  0.0000  0.0000  0.0000  0.0000  0.0000  0.0000  0.0000  0.0000  0.0000  0.0000  0.0000  0.0000  0.0000  0.0000  0.0000  0.0000  0.0000  0.0000  
0.0000  0.0000  0.0000  0.0000  0.0000  0.0000  0.0000  0.0000  0.0000  0.0000  0.0000  0.0000  0.0000  0.0000  0.0000  0.0000  0.0000  0.0000  0.0000  0.0000  
0.0000  0.0000  0.0000  0.0000  0.0000  0.0000  0.0000  0.0000  0.0000  0.0000  0.0000  0.0000  0.0000  0.0000  0.0000  0.0000  0.0000  0.0000  0.0000  0.0000  
0.0000  0.0000  0.0000  0.0000  0.0000  0.0000  0.0000  0.0000  0.0000  0.0000  0.0000  0.0000  0.0000  0.0000  0.0000  0.0000  0.0000  0.0000  0.0000  0.0000  
0.0000  0.0000  0.0000  0.0000  0.0000  0.0000  0.0000  0.0000  0.0000  0.0000  0.0000  0.0000  0.0000  0.0000  0.0000  0.0000  0.0000  0.0000  0.0000  0.0000  
0.0000  0.0000  0.0000  0.0000  0.0000  0.0000  0.0000  0.0000  0.0000  0.0000  0.0000  0.0000  0.0000  0.0000  0.0000  0.0000  0.0000  0.0000  0.0000  0.0000  
0.0000  0.0000  0.0000  0.0000  0.0000  0.0000  0.0000  0.0000  0.0000  0.0000  0.0000  0.0000  0.0000  0.0000  0.0000  0.0000  0.0000  0.0000  0.0000  0.0000  
0.0000  0.0000  0.0000  0.0000  0.0000  0.0000  0.0000  0.0000  0.0000  0.0000  0.0000  0.0000  0.0000  0.0000  0.0000  0.0000  0.0000  0.0000  0.0000  0.0000  
0.0000  0.0000  0.0000  0.0000  0.0000  0.0000  0.0000  0.0000  0.0000  0.0000  0.0000  0.0000  0.0000  0.0000  0.0000  0.0000  0.0000  0.0000  0.0000  0.0000  
0.0000  0.0000  0.0000  0.0000  0.0000  0.0000  0.0000  0.0000  0.0000  0.0000  0.0000  0.0000  0.0000  0.0000  0.0000  0.0000  0.0000  0.0000  0.0000  0.0000  
0.0000  0.0000  0.0000  0.0000  0.0000  0.0000  0.0000  0.0000  0.0000  0.0000  0.0000  0.0000  0.0000  0.0000  0.0000  0.0000  0.0000  0.0000  0.0000  0.0000  
0.0000  0.0000  0.0000  0.0000  0.0000  0.0000  0.0000  0.0000  0.0000  0.0000  0.0000  0.0000  0.0000  0.0000  0.0000  0.0000  0.0000  0.0000  0.0000  0.0000  
0.0000  0.0000  0.0000  0.0000  0.0000  0.0000  0.0000  0.0000  0.0000  0.0000  0.0000  0.0000  0.0000  0.0000  0.0000  0.0000  0.0000  0.0000  0.0000  0.0000  
0.0000  0.0000  0.0000  0.0000  0.0000  0.0000  0.0000  0.0000  0.0000  0.0000  0.0000  0.0000  0.0000  0.0000  0.0000  0.0000  0.0000  0.0000  0.0000  0.0000  
0.0000  0.0000  0.0000  0.0000  0.0000  0.0000  0.0000  0.0000  0.0000  0.0000  0.0000  0.0000  0.0000  0.0000  0.0000  0.0000  0.0000  0.0000  0.0000  0.0000  
0.0000  0.0000  0.0000  0.0000  0.0000  0.0000  0.0000  0.0000  0.0000  0.0000  0.0000  0.0000  0.0000  0.0000  0.0000  0.0000  0.0000  0.0000  0.0000  0.0000  
0.0000  0.0000  0.0000  0.0000  0.0000  0.0000  0.0000  0.0000  0.0000  0.0000  0.0000  0.0000  0.0000  0.0000  0.0000  0.0000  0.0000  0.0000  0.0000  0.0000  
0.0000  0.0000  0.0000  0.0000  0.0000  0.0000  0.0000  0.0000  0.0000  0.0000  0.0000  0.0000  0.0000  0.0000  0.0000  0.0000  0.0000  0.0000  0.0000  0.0000  
H 0.156 E 0.395    2.115   1.141   0.257   3.011   2.294   0.231   4.012   2.238   1.379   2.120   3.740   0.305   1.787   4.194  -1.085
Kernel d0: 0.49 sigma: 0.05 SUM:     6.17 maxCount:   2.84 PSEUDO 200+0.2
0.0000  0.0000  0.0000  0.0000  0.0000  0.0000  0.0000  0.0000  0.0000  0.0000  0.0000  0.0000  0.0000  0.0000  0.0000  0.0000  0.0000  0.0000  0.0000  0.0000  
0.0000  0.0000  0.0000  0.0000  0.0000  0.0000  0.0000  0.0000  0.0000  0.0000  0.0000  0.0000  0.0000  0.0000  0.0000  0.0000  0.0000  0.0000  0.0000  0.0000  
0.0000  0.0000  0.0000  0.0000  0.0000  0.0000  0.0000  0.0000  0.0000  0.0000  0.0000  0.0000  0.0000  0.0000  0.0000  0.0000  0.0000  0.0000  0.0000  0.0000  
0.0000  0.0000  0.0000  0.0000  0.0000  0.0000  0.0000  0.0000  0.0000  0.0000  0.0000  0.0000  0.0000  0.0000  0.0000  0.0000  0.0000  0.0000  0.0000  0.0000  
0.0000  0.0000  0.0000  0.0000  0.0000  0.0000  0.0000  0.0000  0.0000  0.0000  0.0000  0.0000  0.0000  0.0000  0.0000  0.0000  0.0000  0.0000  0.0000  0.0000  
0.0000  0.0000  0.0000  0.0000  0.0000  0.0000  0.0000  0.0000  0.0000  0.0000  0.0000  0.0000  0.0000  0.0000  0.0000  0.0000  0.0000  0.0000  0.0000  0.0000  
0.0000  0.0000  0.0000  0.0000  0.0000  0.0000  0.0000  0.0000  0.0000  0.0000  0.0000  0.0000  0.0000  0.0000  0.0000  0.0000  0.0000  0.0000  0.0000  0.0000  
0.0000  0.0000  0.0000  0.0000  0.0000  0.0000  0.0000  0.0000  0.0000  0.0000  0.0000  0.0000  0.0000  0.0000  0.0000  0.0000  0.0000  0.0000  0.0000  0.0000  
0.0000  0.0000  0.0000  0.0000  0.0000  0.0000  0.0000  0.0000  0.0000  0.0000  0.0000  0.0000  0.0000  0.0000  0.0000  0.0000  0.0000  0.0000  0.0000  0.0000  
0.0000  0.0000  0.0000  0.0000  0.0000  0.0000  0.0000  0.0000  0.0000  0.0000  0.0000  0.0000  0.0000  0.0000  0.0000  0.0000  0.0000  0.0000  0.0000  0.0000  
0.0000  0.0000  0.0000  0.0000  0.0000  0.0000  0.0000  0.0000  0.0000  0.0000  0.0000  0.0000  0.0000  0.0000  0.0000  0.0000  0.0000  0.0000  0.0000  0.0000  
0.0000  0.0000  0.0000  0.0000  0.0000  0.0000  0.0000  0.0000  0.0000  0.0000  0.0000  0.0000  0.0000  0.0000  0.0000  0.0000  0.0000  0.0000  0.0000  0.0000  
0.0000  0.0000  0.0000  0.0000  0.0000  0.0000  0.0000  0.0000  0.0000  0.0000  0.0000  0.0000  0.0000  0.0000  0.0000  0.0000  0.0000  0.0000  0.0000  0.0000  
0.0000  0.0000  0.0000  0.0000  0.0000  0.0000  0.0000  0.0000  0.0000  0.0000  0.0000  0.0000  0.0000  0.0000  0.0000  0.0000  0.0000  0.0000  0.0000  0.0000  
0.0000  0.0000  0.0000  0.0000  0.0000  0.0000  0.0000  0.0000  0.0000  0.0000  0.0000  0.0000  0.0000  0.0000  0.0000  0.0000  0.0000  0.0000  0.0000  0.0000  
0.0000  0.0000  0.0000  0.0000  0.0000  0.0000  0.0000  0.0000  0.0000  0.0000  0.0000  0.0000  0.0000  0.0000  0.0000  0.0000  0.0000  0.0000  0.0000  0.0000  
0.0000  0.0000  0.0000  0.0000  0.0000  0.0000  0.0000  0.0000  0.0000  0.0000  0.0000  0.0000  0.0000  0.0000  0.0000  0.0000  0.0000  0.0000  0.0000  0.0000  
0.0000  0.0000  0.0000  0.0000  0.0000  0.0000  0.0000  0.0000  0.0000  0.0000  0.0000  0.0000  0.0000  0.0000  0.0000  0.0000  0.0000  0.0000  0.0000  0.0000  
0.0000  0.0000  0.0000  0.0000  0.0000  0.0000  0.0000  0.0000  0.0000  0.0000  0.0000  0.0000  0.0000  0.0000  0.0000  0.0000  0.0000  0.0000  0.0000  0.0000  
0.0000  0.0000  0.0000  0.0000  0.0000  0.0000  0.0000  0.0000  0.0000  0.0000  0.0000  0.0000  0.0000  0.0000  0.0000  0.0000  0.0000  0.0000  0.0000  0.0000  
H 0.156 E 0.395    2.008   1.162  -0.622   2.902   2.301  -0.804   2.983   2.706  -2.272   4.455   1.938  -0.214   4.544   2.329   1.231
Kernel d0: 0.49 sigma: 0.05 SUM:   288.74 maxCount:   8.39 PSEUDO 200+0.2
0.3073  0.5929  0.7100  0.7284  0.4510  0.5506  0.6796  0.3168  0.2950  0.3224  -0.7477 0.6534  0.6856  0.1324  0.3726  0.0938  0.7669  0.0534  0.6809  0.7199  
0.4354  0.1946  0.3344  0.3683  -0.6576 0.4048  0.2877  0.5600  -0.6205 -0.5433 0.2287  0.2948  0.2963  0.3004  -0.3466 0.4218  0.4577  -0.6067 0.2896  -0.8716 
-2.1222 0.1601  -0.8606 -0.9993 -1.6935 -1.2333 -1.2391 -0.6208 -1.4706 -0.2093 -0.6006 0.2494  0.2507  -1.3090 -0.6924 -1.1293 -0.9408 -0.1045 0.2446  0.4352  
0.3875  0.1627  0.2898  0.3220  -0.3534 -0.3215 0.2463  -0.2049 -1.2744 -0.7475 -1.0286 0.2529  0.2542  0.2580  -0.1142 0.3740  -1.1699 0.2573  0.2480  0.4394  
-0.4711 0.3928  0.5545  0.1262  0.5507  -0.4913 0.5073  0.1177  0.5959  0.2630  -0.5245 0.5148  0.5163  -0.4022 -0.0979 -0.2276 0.3291  0.0911  0.5092  0.1401  
-0.6714 -0.6907 0.5308  0.5629  0.1273  0.5950  0.4823  0.1053  0.0416  -0.2944 0.4127  0.1016  0.4916  -0.8875 -0.4069 -0.4803 -0.2365 0.1404  0.4496  -0.0551 
-0.7052 0.1418  -0.9115 0.2895  0.0785  0.3234  0.2183  -0.9180 0.3006  -0.3474 0.1691  0.2244  0.2256  0.2291  -1.0329 -0.7570 0.1232  0.2107  0.2199  0.4041  
0.0303  0.4922  0.6382  0.6634  0.3311  0.6877  0.5980  0.7660  0.6718  0.4718  0.5359  0.6046  0.6059  0.3718  0.6989  0.6981  -0.2142 0.6296  0.5997  0.7334  
0.2738  0.1003  0.1927  0.2184  0.3410  0.2477  0.1596  -0.9766 0.2279  0.4259  -1.1514 -1.0817 0.1655  0.1683  0.2632  0.2621  0.2937  0.4313  0.1609  0.3211  
0.1515  0.6135  0.4628  -0.1955 0.6520  0.7562  0.6951  0.1241  0.7458  0.1104  0.6485  0.2048  0.7008  0.0114  0.3676  0.0193  0.0755  0.2997  0.6964  0.3332  
0.4945  0.2400  0.3927  0.4276  0.0076  -0.4911 0.3434  0.6113  0.4399  0.3185  0.2786  0.3510  0.3525  0.3569  0.4825  0.4812  -0.8580 -0.0214 0.3453  0.5440  
-1.0082 -1.5806 0.3186  -1.7095 -1.7038 -0.6579 -0.8889 -1.4330 -0.8039 -1.8491 0.2158  -0.3203 0.2812  -0.8614 -0.9417 -1.1241 -1.0251 -1.4272 -0.8285 -0.5712 
0.4118  0.1784  0.3122  0.3453  0.4844  0.3813  0.2670  0.5384  0.3572  0.5655  0.2106  0.2738  0.2752  0.2791  0.3995  0.3983  0.4341  0.5703  0.2687  0.4637  
-0.6498 0.1644  0.2924  -1.0774 0.4631  0.3601  0.2487  -1.2522 -2.2998 -1.3033 0.1949  0.2553  0.2566  -2.0353 -1.8804 -0.6836 -1.3976 -0.5674 -0.9253 -1.2001 
0.3952  -1.0668 0.2968  0.3293  -0.4788 0.3649  0.2528  -0.0452 0.3410  0.5504  -0.3782 0.2594  0.2608  0.2646  0.3830  0.3817  -1.4153 -0.5530 0.2545  0.4471  
-0.2070 -0.8357 -0.4184 0.5293  -0.0337 0.5632  -0.9402 0.1574  0.5408  -0.7758 0.3764  0.4540  0.4555  0.4600  0.5795  0.5783  0.6087  0.1182  -0.7687 0.4399  
0.5780  0.3190  -0.0519 -0.8234 0.6376  -0.2826 -0.5651 0.0944  -0.5163 0.3930  0.3627  -0.5011 0.4416  0.4461  -0.4789 0.5660  0.5972  0.6172  0.4342  0.2203  
0.5130  0.4984  0.6429  0.6678  0.6435  0.6916  -0.1382 0.7683  0.6760  0.3574  0.5418  0.2315  0.6111  0.6147  0.1825  0.0060  0.4004  0.7800  0.6050  0.7301  
0.4038  0.1731  -0.7095 0.3375  -0.3390 0.3734  -0.7172 0.5308  0.3494  -0.4759 0.2046  0.2668  0.2682  0.2721  0.3915  0.3903  -0.5769 0.3020  -0.4757 -0.5066 
-0.6378 0.3159  0.4790  -0.0246 0.5568  -0.5370 0.4289  0.3058  -0.0018 -0.2432 0.3595  0.4368  0.4384  -0.5946 0.5643  -0.2346 0.5944  -0.4488 0.4310  0.6188  
H 0.156 E 0.395    2.107   1.176   0.383   3.067   2.262   0.201   3.487   2.385  -1.259   4.433   2.017   1.182   4.216   2.672   2.514
Kernel d0: 0.49 sigma: 0.05 SUM:   300.55 maxCount:   8.51 PSEUDO 200+0.2
0.4064  0.6152  0.7339  0.7526  0.3961  0.5862  0.7032  0.1895  0.3172  0.2902  -0.7333 0.5383  0.7093  0.1496  0.2792  0.1230  0.7914  -0.0032 0.7046  0.7432  
0.4542  0.2048  0.3501  0.3851  -0.8989 0.4227  0.3017  0.5817  -0.1464 -0.5418 0.2404  0.3091  0.3106  0.3148  -0.3341 0.4402  0.4771  -0.6575 0.3036  -0.8968 
-2.1222 0.1687  -0.8602 -0.9884 -1.8528 -1.2323 -1.2410 -0.6839 -1.4608 -0.1948 -0.5955 0.2619  0.2633  -0.9415 -0.6780 -1.1252 -0.9302 -0.3750 0.2569  0.4540  
0.4049  0.1714  0.3039  0.3372  -0.4771 -0.3096 0.2587  -0.2517 -1.2797 -0.7364 -1.0285 0.2655  0.2669  0.2709  -0.1011 0.3910  -1.1922 0.0818  0.2605  0.4583  
-0.4471 0.4104  0.5761  0.1458  0.5740  -0.4843 0.5279  0.0975  0.6183  0.2763  -0.5399 0.5356  0.5371  -0.3841 -0.1040 -0.2214 0.3660  -0.0317 0.5299  0.1155  
-0.2207 -0.4872 0.5519  0.5847  0.0068  0.6174  0.5023  0.1274  0.0620  -0.2770 0.4309  0.2092  0.5118  -0.8531 -0.1251 -0.1017 -0.1054 0.0794  0.2608  0.0490  
-0.7111 0.1495  -0.9124 0.3035  -0.0574 0.3387  0.2295  -0.9164 0.3151  -0.3650 0.1782  0.2358  0.2371  0.2408  -1.0283 -0.7504 -0.1802 0.2282  0.2311  0.4220  
0.1652  0.5125  0.6612  0.6868  0.3504  0.7114  0.6204  0.7905  0.6953  0.6145  0.5571  0.6271  0.6284  0.3923  0.7227  0.7219  -0.1975 0.5128  0.6222  0.7576  
0.2873  0.1060  0.2028  0.2296  0.3569  0.2602  0.1682  -1.0467 0.2395  0.4444  -1.1621 -1.0768 0.1743  0.1773  0.2763  0.2751  0.3079  0.4500  0.1695  0.3363  
0.2241  0.6361  0.4885  -0.1689 0.6269  0.7805  0.7189  0.1321  0.7701  0.1285  0.6717  0.1964  0.7246  0.0539  0.4320  0.0347  0.0005  0.1252  0.7202  0.3073  
0.5148  0.2521  0.4103  0.4462  -0.1290 -0.4678 0.3593  0.6339  0.4588  0.3730  0.2923  0.3672  0.3688  0.3733  0.5025  0.5012  -0.8020 -0.0132 0.3614  0.5654  
-0.6522 -1.5731 0.3337  -1.6907 -1.8304 -0.6465 -0.8840 -1.5134 -1.1081 -1.8490 0.2269  -0.5101 0.2950  -0.8625 -0.9603 -1.0436 -1.0346 -1.4330 -0.8672 -0.6100 
0.4299  0.1878  0.3271  0.3613  0.5045  0.3985  0.2802  0.5596  0.3736  0.5873  0.2215  0.2873  0.2887  0.2928  0.4173  0.4160  0.4529  0.5923  0.2820  0.4833  
-0.6466 0.1732  0.3065  -1.0733 0.4826  0.3766  0.2612  -1.2544 -2.3024 -1.3658 0.2051  0.2680  0.2694  -2.0406 -1.8802 -0.6716 -1.3957 -0.6404 -0.9291 -1.2889 
0.4128  -1.0776 0.0821  0.3448  -0.4724 0.3816  0.2471  -0.4862 0.3569  0.5719  -0.1999 0.2724  0.2737  0.2777  0.4003  0.3989  -1.3883 -0.5354 0.2672  0.4663  
0.1607  -0.9158 -0.4049 0.5504  -0.0498 0.5850  -0.9375 0.0440  0.5621  -0.7638 0.3935  0.4732  0.4749  0.4794  0.6016  0.6004  0.6313  -0.0301 -0.7911 0.4364  
0.6001  0.3341  0.1461  -0.7417 0.6607  -0.2634 -0.5547 0.1095  -0.4911 0.4102  0.3793  -0.2734 0.4606  0.4652  -0.4648 0.5878  0.6196  0.5145  0.4530  0.2267  
0.5469  0.5188  0.6660  0.6912  0.3625  0.7154  -0.1198 0.7928  0.6996  0.2725  0.5631  0.1994  0.6337  0.6374  0.2643  -0.0511 0.3018  0.8046  0.6275  0.6586  
0.4217  0.1823  0.0020  0.3533  -0.4449 0.3903  -0.7201 0.5520  0.3655  -0.4920 0.2153  0.2800  0.2814  0.2855  0.4091  0.4077  -0.5586 0.2376  -0.8846 -0.4250 
-0.6335 0.3310  0.4989  0.0399  0.1976  -0.5210 0.4475  0.3112  0.0258  -0.2259 0.3761  0.4556  0.4572  -0.5805 0.5861  0.2232  0.6168  -0.4791 0.4496  0.6416  
