H 0.430 E 0.162    2.151   1.143  -0.050   3.044   2.299  -0.025   3.357   2.780  -1.437   4.484   1.919   0.794   4.328   2.235   2.252
Kernel d0: 0.49 sigma: 0.05 SUM:  1074.59 maxCount:  46.68 PSEUDO 200+0.2
0.9798  -0.3664 1.3439  0.0573  0.3764  0.6137  1.3369  0.6857  1.1449  0.3695  -0.1630 1.3773  1.4632  1.2438  1.3427  0.5752  1.2349  0.4424  1.0784  0.9903  
0.4385  0.6741  0.5050  0.4073  -0.0483 1.1201  0.4979  1.3409  0.3420  -0.6866 -1.5176 0.5403  0.6463  0.4143  0.5038  0.9123  -0.3887 0.1966  -0.4119 -0.2752 
0.0119  -1.2115 -0.2608 0.9239  -1.2953 -0.1896 -1.5128 -1.4327 -0.1208 -1.5228 -1.3734 0.0860  1.2066  0.9337  -1.4232 -0.2140 -1.3182 -0.7280 -0.3461 -0.3100 
-0.2295 -0.4829 1.1906  1.0683  -0.3241 0.1725  1.1825  -0.2661 0.9710  -0.2764 0.5329  1.2294  1.3318  1.0778  1.1892  0.0592  0.1005  -0.1979 0.1288  0.9159  
0.3400  -0.3750 1.2248  1.1048  0.6789  -0.1668 1.2169  0.6458  0.3470  0.7673  1.2995  1.2253  1.3618  1.1142  1.2234  0.7274  0.1772  0.7052  1.3070  1.5805  
0.6215  0.0305  0.9156  0.7876  0.8192  0.5609  0.9069  -0.1835 0.6927  0.1578  -0.2094 0.3006  1.0774  -0.5907 0.9142  0.8140  -0.4187 0.3627  1.0106  1.3792  
-0.1700 -0.8860 -0.5712 0.7225  -0.1460 -0.2850 0.8400  -1.0919 0.6306  -1.1399 0.2468  0.8915  1.0116  0.7320  -1.3311 -0.8804 -0.4957 -0.6527 -0.4261 -0.2045 
0.8967  1.4405  1.2918  1.1776  1.1088  1.6715  1.2844  1.3088  1.0842  1.0412  1.3619  1.3273  1.4194  1.1867  1.2906  1.5843  0.6424  1.1868  1.3688  1.6165  
-0.3318 -0.6197 1.1466  -0.3064 -0.8079 0.6776  1.1383  -1.2628 0.9238  -0.9473 -0.9675 0.0292  1.2928  -0.1122 0.3366  -0.1760 -0.9248 -0.9167 1.2338  0.6618  
0.5560  0.1359  1.5268  0.4834  0.7129  0.8919  1.5218  0.4997  0.1765  0.4312  0.8172  1.5508  1.6104  0.3644  0.6814  1.0275  0.2745  0.9242  0.8185  1.7256  
0.9382  1.0276  0.8351  0.7094  -0.0437 0.5248  0.8264  1.0516  0.6181  0.9870  -0.0127 0.8777  0.9979  0.7188  0.8336  1.2563  1.2780  0.0787  0.9301  1.3152  
-0.2485 -1.4688 0.9645  0.8358  -1.6729 0.1923  0.9558  -2.1423 0.7394  -1.5342 -1.4956 1.0072  1.1245  -1.4186 -1.1491 -0.7766 -1.0491 -1.4773 -1.4509 -1.0238 
1.4339  0.9471  0.7554  0.6339  1.3652  1.3636  0.7470  1.5319  0.5474  1.5462  0.8403  0.7973  0.9171  0.6429  0.7540  1.1836  1.2065  1.5979  0.8491  1.2461  
-0.0822 -0.1599 1.0448  -0.4713 0.0329  0.7718  -0.2795 -1.2061 0.2348  -0.7115 -0.4340 1.0866  1.2001  0.5726  -1.1614 0.9773  -0.4568 -0.6770 -0.3270 -0.4815 
0.2961  -0.8319 0.0231  1.0978  -0.7683 0.5628  0.6364  -1.1885 1.0013  -0.6219 -0.3493 1.2562  1.3561  -0.7129 1.2169  1.4299  -1.1093 -0.6171 0.1784  0.5122  
-0.1161 -0.1993 1.0789  0.9515  -0.6143 0.6770  1.0704  -0.4595 0.8532  -0.6880 0.1811  1.1202  1.2315  0.9614  1.0775  0.4894  -0.2231 0.0151  -0.4518 1.1735  
0.2174  0.0936  1.0774  0.9500  0.0908  -0.5391 -0.2331 0.0256  0.8517  0.4293  0.5618  -0.0558 1.2301  -0.5690 -0.3889 0.4892  -0.0395 0.0189  0.3713  -0.0679 
1.1754  0.8009  1.2625  1.1455  0.9675  0.6607  1.2549  1.5108  1.0507  0.5305  0.1913  1.2990  1.3944  1.1548  1.2612  1.5670  1.5797  1.7573  1.3419  1.5956  
1.4949  -0.8188 0.8463  0.7202  0.4270  1.4319  0.8376  0.8270  0.6283  -0.0141 0.0212  0.8890  1.0091  0.7296  0.8448  0.6043  0.1579  0.5473  -0.8840 1.3244  
0.2441  0.1388  0.9443  1.0579  -0.1331 -0.1099 1.1727  0.5677  0.9605  -0.1892 1.0465  1.2199  1.3232  -0.6442 1.1794  0.3486  -0.6289 0.3207  1.2660  0.2971  
H 0.430 E 0.162    2.147   1.155  -0.127   3.011   2.330  -0.190   2.750   3.135  -1.458   4.646   1.869  -0.118   5.094   1.840   1.313
Kernel d0: 0.49 sigma: 0.05 SUM:   628.93 maxCount:  29.76 PSEUDO 200+0.2
1.0665  -0.4113 0.9410  0.2161  0.5843  0.8398  0.9350  0.9972  0.7730  0.3991  -0.4737 0.9702  1.0463  0.8554  0.9400  0.7227  0.8274  0.4958  1.0043  0.5737  
0.0899  0.4140  0.2988  0.2357  -0.4547 0.7527  0.2942  0.9384  0.1949  -0.6812 -1.1085 0.3223  0.3946  0.2401  0.2980  0.5887  -0.7082 0.3387  0.2593  0.5895  
-0.2501 -1.0169 -0.5579 0.5976  -0.3983 -0.2334 -0.9478 -1.2286 0.2261  -1.5272 -1.0920 0.2342  0.8241  0.6051  -1.5873 -0.5827 -1.0234 -0.6033 0.6657  -0.0462 
-0.1060 -0.3588 0.8107  0.7108  -0.1218 -0.2096 0.8040  -0.0997 0.6340  -0.0077 0.1789  0.8432  0.9306  0.7185  0.8096  0.0638  0.1943  0.0704  -0.2122 1.1352  
-0.0635 -0.1714 0.8393  0.7403  1.1323  -0.4856 0.8327  0.5191  0.1303  0.4990  0.9028  0.8712  0.9566  0.7480  0.8382  0.5106  0.1206  0.6516  0.9092  1.1530  
0.3209  0.0746  0.5913  0.4954  0.4952  0.2238  0.5846  -0.1703 0.4271  -0.2146 -0.4596 0.5709  0.7182  0.4019  0.5902  0.5007  -0.3788 0.6023  0.6650  0.9718  
-0.0855 -1.1122 -0.8079 0.4484  0.0736  -0.4911 0.5342  -0.9060 0.3837  -0.9383 -0.0261 0.5729  0.6658  0.4551  -1.3221 -0.9180 -0.5771 -0.1783 -0.7002 -0.4418 
0.4675  1.0260  0.8962  0.7999  0.7097  1.2382  0.8898  0.8997  0.7236  0.6255  0.9567  0.9267  1.0073  0.8075  0.8951  1.1566  0.5129  1.0063  0.9627  1.1865  
-0.5207 -0.1804 0.7744  -0.5958 -0.5383 0.4101  0.7676  -1.1179 0.5975  -1.0901 -1.0794 -0.3644 0.8970  0.6815  0.0051  -0.5247 -1.1662 -0.6206 0.8469  0.9434  
0.1584  0.3017  1.1038  0.1843  0.9659  0.7441  1.0992  0.6348  -0.0327 0.5751  1.0270  1.1258  1.1808  -0.0190 0.7252  0.9792  0.4365  0.8593  0.4593  1.2897  
0.6503  0.6784  0.5305  0.4390  0.3627  0.9798  0.5241  0.8720  0.3751  0.5941  0.5955  0.5625  0.6550  0.4457  0.5294  0.8659  0.8844  0.3906  0.6023  0.9162  
-0.3835 -1.1834 0.6289  0.5311  -1.2372 0.2022  0.6222  -2.1020 0.4604  -1.3514 -1.6768 0.6623  0.7563  -1.1614 -1.3038 -1.0406 -0.9710 -1.3847 -0.8573 -0.5583 
1.0202  0.6154  0.4721  0.3859  0.9596  0.9582  0.4659  1.1084  0.3270  1.1215  0.5344  0.5026  0.5924  0.3922  0.4710  0.8049  0.8241  1.1692  0.5410  0.8573  
0.2880  -0.2978 0.6921  -0.6600 -0.1459 1.0241  0.0540  -1.0011 0.2675  -0.5287 -0.2185 0.7256  0.8186  0.4660  -0.9292 0.7133  -0.1516 -0.5231 -0.0199 -0.1886 
0.0219  -0.4772 -0.2164 0.7346  -0.9049 0.4433  0.2992  -1.0588 0.6577  -0.5357 -0.3035 0.8658  0.9516  -0.9255 0.8327  1.0310  -1.2367 -0.5357 -0.1746 0.5529  
-0.0873 -0.5253 0.7194  0.6189  -0.3686 0.5035  0.7125  -0.4995 0.5441  -0.8818 0.3318  0.7528  0.8450  0.6265  0.7182  0.2258  -0.3857 0.0041  -0.1831 1.0734  
-0.1628 -0.2047 0.7182  0.6177  -0.0391 -0.7488 -0.5353 -0.1375 0.5429  0.2672  0.3898  -0.4654 0.8438  -0.3805 -0.6607 0.1039  -0.3785 0.0450  0.0824  -0.1059 
0.7912  0.8153  0.8712  0.7735  0.6991  0.4468  0.8647  1.0816  0.6968  0.2654  0.6482  0.9023  0.9852  0.7812  0.8701  1.1406  1.1524  1.3203  0.9393  1.1721  
1.0748  -0.4372 0.5389  0.4467  0.9284  1.0183  0.5324  0.4272  0.3821  -0.2220 -0.1728 0.5710  0.6638  0.4534  0.5378  0.1572  -0.1994 0.2982  0.4625  0.9242  
-0.0759 -0.0531 0.5804  0.7025  0.1517  -0.5118 0.7959  0.5787  0.6258  -0.0981 0.8676  0.8352  0.9231  -1.0760 0.8015  0.1608  -0.6682 0.2973  0.8741  0.1552  
H 0.430 E 0.162    2.158   1.129  -0.013   3.062   2.274   0.049   3.970   2.323  -1.174   3.998   2.216   1.467   3.286   2.947   2.566
Kernel d0: 0.49 sigma: 0.05 SUM:  1068.77 maxCount:  46.16 PSEUDO 200+0.2
0.9667  -0.1544 1.3395  0.0505  0.2533  0.5530  1.3325  0.5607  1.1407  0.2931  -0.1421 1.3729  1.4586  1.2395  1.3383  0.5621  1.2413  0.3856  0.7935  1.4277  
0.9109  0.6710  0.5025  0.4052  -0.1481 1.1160  0.4954  1.3364  0.3401  -0.6870 -1.5213 0.5377  0.6433  0.4121  0.5013  0.9086  0.8611  0.1883  -0.4411 -0.3757 
0.1910  -1.0621 0.0087  0.9201  -1.5025 -0.0483 -1.5196 -1.4592 -0.1290 -1.4879 -1.3022 0.0796  1.2024  0.9299  -1.0766 0.1466  -1.3319 -0.8196 -0.4179 -0.5418 
-0.1358 -0.4883 1.1863  1.0642  -0.3371 0.4285  1.1783  -0.3112 0.9672  -0.2991 0.5748  1.2251  1.3274  1.0738  1.1850  0.3671  0.0938  -0.2156 0.1852  0.7673  
0.4621  -0.5894 1.2205  1.1007  0.1817  0.1088  1.2126  0.7008  0.3466  0.6644  1.2952  0.1993  1.3573  1.1101  1.2192  0.7251  0.1843  0.6519  1.3026  1.5759  
0.2866  0.0242  0.9119  0.7841  0.8231  0.5624  0.9032  -0.1148 0.6895  0.2325  -0.1261 0.2750  1.0733  -0.6482 0.9104  0.8253  -0.4132 0.3784  1.0066  1.3747  
0.1139  -0.8076 -0.4586 0.7193  -0.6161 0.1818  0.8365  -1.0699 0.6276  -1.1681 0.2607  0.8878  1.0076  0.7287  -1.3145 -0.8692 -0.5340 -0.7650 0.4103  0.2577  
1.2684  0.8116  1.2875  1.1734  1.0640  1.6669  1.2801  1.3096  1.0801  1.0940  1.3574  1.3229  1.4149  1.1824  1.2862  1.5797  0.6829  1.1588  1.3643  1.6119  
-0.2337 -0.6403 1.1424  0.2251  -0.9081 0.6791  1.1342  -1.2956 0.9201  -0.8865 -0.7563 0.0015  1.2884  -0.2970 0.5823  0.2530  -0.7742 -0.9315 1.2296  0.3161  
0.6404  0.0339  1.5223  0.4824  0.6081  0.8817  1.5172  0.4236  0.1886  0.4097  0.8015  1.5463  1.6058  1.0143  0.6744  0.9134  0.2632  0.8187  0.8201  1.5189  
0.9595  1.0237  0.8315  0.7062  -0.0532 0.4304  0.8229  0.6460  0.6152  1.0154  -0.4658 0.8741  0.9940  0.7156  0.8301  1.2520  1.2737  0.0560  0.9263  1.3108  
-0.2502 -1.5158 0.9607  0.8323  -1.8668 0.3291  0.9520  -2.1356 0.7361  -1.5237 -1.1136 1.0032  1.1203  -1.3810 -0.8885 -0.5578 -1.0432 -1.4673 -1.5242 -1.1280 
1.4294  0.9433  0.7521  0.6309  1.3608  1.3592  0.7437  1.5273  0.5447  1.5416  0.8367  0.7939  0.9134  0.6399  0.7507  1.1794  1.2023  1.5933  0.8456  1.2418  
-0.1050 -0.1522 1.0408  -0.4689 -0.1517 0.7512  -0.2888 -1.2187 0.2292  -0.7546 -0.2700 1.0826  1.1958  0.5681  -0.9583 0.9730  -0.4626 -0.7553 -0.4283 -0.4938 
0.3589  -0.8480 0.0304  1.0937  -0.8241 0.6057  0.3400  -1.2320 0.9974  -0.6593 -0.3401 1.2519  1.3517  -0.5866 1.2126  1.4257  -1.0214 -0.6674 0.3072  0.0329  
0.1055  -0.1507 1.0749  0.9477  -0.7327 0.5698  1.0664  -0.4267 0.8496  -0.5403 0.1198  1.1161  1.2272  0.9575  1.0734  0.4872  0.0834  0.0416  -0.4220 1.0944  
0.8078  0.1008  1.0734  0.9462  0.2587  -0.2131 0.1197  0.2425  0.8481  0.6138  0.5582  1.0722  1.2259  -0.4179 -0.2913 1.0266  0.0296  -0.0252 0.3726  0.1163  
1.1759  0.7930  1.2582  1.1414  0.7020  0.7014  1.2506  1.5280  1.0468  0.5858  0.1772  1.2947  1.3899  1.1506  1.2569  1.5624  1.5751  1.7526  1.3374  1.4662  
1.4904  -0.8343 0.8427  0.7169  0.3845  1.4274  0.8340  0.8835  0.6254  0.0281  0.0211  0.0320  1.0052  0.7263  0.8412  0.7178  0.9007  0.5466  -0.9942 1.3200  
0.3075  0.1091  1.0513  1.0539  -0.3967 0.5266  1.1685  0.4576  0.9566  -0.3072 0.7067  0.2380  1.3188  0.6716  1.1752  0.2075  -0.5342 0.2643  1.2617  0.2158  
H 0.430 E 0.162    2.094   1.186   0.339   2.980   2.346   0.380   4.405   1.961  -0.001   2.960   3.053   1.926   1.886   4.097   1.985
Kernel d0: 0.49 sigma: 0.05 SUM:   334.19 maxCount:  10.83 PSEUDO 200+0.2
0.5182  -0.0091 0.5514  0.1083  -0.0102 0.1079  0.5468  0.0863  0.4295  0.0926  0.5442  0.5737  0.6336  0.4879  0.5506  0.3848  0.7574  0.2098  0.0733  0.7722  
0.4667  0.2049  0.1424  0.1100  -0.6779 0.4156  0.1399  0.5494  0.0897  -0.0935 -0.1708 0.1547  0.1940  0.1122  0.1419  0.3084  0.3204  0.1025  -0.4918 -0.7620 
0.5503  -0.3158 0.3785  0.3139  -1.7532 -0.0804 -1.1645 -1.2338 -0.0798 -0.7888 -0.9574 0.0831  0.4654  0.3187  0.0855  0.6092  -1.3362 -0.6577 -0.8046 -0.7817 
-0.2703 -0.2873 0.4559  0.3872  -0.2836 0.7600  0.4512  -0.2243 0.3370  -0.3400 0.5025  0.4791  0.5435  0.3924  0.4551  0.3760  0.3202  -0.1627 0.5072  0.0190  
0.7858  -0.7840 0.4763  0.4071  -0.5355 0.6659  0.4716  0.3144  0.3324  0.4002  0.5227  -0.5278 0.5633  0.4123  0.4755  0.5977  -0.0225 0.2276  0.5274  0.7220  
-0.0657 0.1642  0.3100  0.2518  0.6231  0.6241  0.3058  -0.0577 0.2123  0.7408  0.3319  -0.1261 0.3921  -0.8497 0.3093  0.5388  0.2107  0.0179  0.3570  0.5750  
-0.0137 0.3164  0.2789  0.2244  -1.0402 0.4028  0.2749  -0.5307 0.1880  -0.8397 0.3192  0.2986  0.3575  0.2283  0.0373  0.1341  -0.1089 -0.7467 0.3236  0.4483  
0.8216  -0.2544 0.5178  0.4483  0.5021  0.7961  0.5131  0.8549  0.3958  0.8596  0.5633  0.5406  0.6026  0.4536  0.5170  0.7250  0.5559  0.5978  0.5680  0.7507  
0.1315  -0.6018 0.4305  0.3628  -1.0347 0.7129  0.4258  -0.8147 0.3139  -0.0440 0.2473  -0.6239 0.5184  -0.7153 0.4297  0.6215  0.2195  -0.7591 0.4818  -0.2897 
0.6101  -0.0161 0.6806  0.5811  0.0988  0.1793  0.6768  0.2057  0.4722  0.2283  0.3737  0.6989  0.7458  0.6258  0.5058  0.3609  0.2925  0.3466  0.7038  0.4504  
0.6428  0.3658  0.2727  0.2190  -0.0029 -0.2332 0.2688  0.0191  0.1832  0.7280  -0.8331 0.2922  0.3505  0.2229  0.2720  0.4956  0.5090  -0.0796 0.3169  0.5327  
0.3870  -1.1711 0.3337  0.2730  -1.9748 0.0081  0.3294  -1.1314 0.2313  -1.1462 -0.0593 0.3552  0.4180  -0.8853 0.2997  0.4180  -0.2416 -0.8288 -1.5108 -1.1562 
0.6128  0.3252  0.2381  0.1892  0.5656  0.5645  0.2345  0.6845  0.1572  0.6953  0.2750  0.2560  0.3107  0.1927  0.2375  0.4518  0.4654  0.7358  0.2790  0.4893  
0.0775  0.0860  0.3748  0.2494  -0.1284 0.2826  -0.0640 -0.8152 0.1646  -0.4968 -0.4439 0.3972  0.4615  0.2793  -0.4497 0.5604  -0.1128 -0.7345 -0.8804 -0.1769 
0.6720  -0.5241 0.4723  0.4032  -0.4329 0.2142  -0.0217 -0.9381 0.3522  -0.4824 0.0884  0.4955  0.5595  0.3152  0.4715  0.6865  0.2429  -0.4232 0.5235  -0.4902 
-0.0729 0.4965  0.3930  0.3273  -1.0710 0.2999  0.3884  -0.2348 0.2809  -0.1471 -0.1978 0.4156  0.4804  0.3322  0.3922  0.5635  0.1105  -0.1340 -0.4447 0.3225  
0.6486  0.4957  0.3922  0.3266  -0.2954 -0.2820 0.3876  0.3064  0.2802  0.2644  0.3898  0.4148  0.4795  -0.0598 0.3914  0.6221  0.6216  0.0188  0.4208  -0.1494 
0.8129  0.4481  0.4994  0.4299  0.2345  0.2988  0.4946  0.8483  0.3779  0.6643  -0.0291 0.5223  0.5853  0.4352  0.4986  0.7114  0.7214  0.8709  0.5501  0.6135  
0.6568  -0.5635 0.2777  0.2234  -0.0282 0.6114  0.2738  0.7224  0.1871  0.4090  0.2808  -0.9202 0.3562  0.2273  0.2771  0.1711  0.5151  0.6794  -1.2929 0.5387  
0.2149  -0.0278 0.4502  0.3817  -0.8777 0.6814  0.4455  0.2532  0.3317  -0.2554 0.0352  -0.5831 0.5379  0.3868  0.4494  0.1155  -0.4035 0.0340  0.5015  -0.1482 
H 0.430 E 0.162    2.132   1.148   0.251   3.000   2.313   0.403   3.690   2.658  -0.911   4.159   2.035   1.616   3.617   2.491   2.939
Kernel d0: 0.49 sigma: 0.05 SUM:  1109.25 maxCount:  46.78 PSEUDO 200+0.2
0.9977  -0.1593 1.3692  0.0769  0.2856  0.6129  1.3622  0.6068  1.1686  0.3220  -0.1365 1.4029  1.4892  1.2684  1.3680  0.5913  1.2620  0.4290  0.8359  1.1039  
0.5424  0.6917  0.5193  0.4195  -0.1065 1.1436  0.5121  1.3662  0.3525  -0.6657 -1.5067 0.5554  0.6634  0.4266  0.5181  0.9335  0.3735  0.2160  -0.4249 -0.3502 
0.1020  -1.1695 -0.2192 0.9452  -1.4395 -0.1665 -1.5214 -1.4552 -0.1079 -1.5086 -1.3746 0.1047  1.2309  0.9551  -1.3526 -0.1303 -1.3798 -0.7834 -0.3904 -0.5286 
-0.1841 -0.4743 1.2147  1.0912  -0.3094 0.2380  1.2066  -0.2811 0.9929  -0.2854 0.5594  1.2538  1.3571  1.1009  1.2133  0.1796  0.1212  -0.1868 0.1611  0.8029  
0.4345  -0.4682 1.2492  1.1281  0.4021  -0.1004 1.2413  0.6489  0.3675  0.6673  1.3246  0.8685  1.3872  1.1377  1.2479  0.7521  0.1308  0.6186  1.3321  1.6071  
0.3492  0.0487  0.9369  0.8070  0.8450  0.5863  0.9280  -0.1846 0.7106  0.1882  -0.1745 0.2993  1.1005  -0.6264 0.9353  0.8379  -0.3976 0.3694  1.0329  1.4048  
0.0580  -0.8523 -0.5472 0.7409  -0.4695 0.1344  0.8602  -1.0728 0.6474  -1.1424 0.2701  0.9124  1.0339  0.7505  -1.3085 -0.8582 -0.5178 -0.7313 -0.2180 0.0091  
1.1109  1.3244  1.3168  1.2016  1.1307  1.6984  1.3093  1.3364  1.1073  1.0754  1.3873  1.3526  1.4452  1.2108  1.3155  1.6109  0.6709  1.1900  1.3943  1.6432  
-0.2518 -0.6135 1.1703  -0.2482 -0.9217 0.7033  1.1620  -1.2800 0.9451  -0.9213 -0.9178 0.3290  1.3178  -0.2592 0.3812  -0.0220 -0.8311 -0.9200 1.2584  0.3975  
0.6365  0.1148  1.5532  0.5084  0.6417  0.9216  1.5481  0.4550  0.2010  0.4277  0.8317  1.5773  1.6371  0.6278  0.7042  0.9508  0.2921  0.8664  0.8453  1.7004  
0.9647  1.0502  0.8552  0.7276  -0.0250 0.4621  0.8464  0.7066  0.6347  1.0144  -0.4293 0.8985  1.0201  0.7371  0.8537  1.2810  1.3029  0.0860  0.9514  1.3403  
-0.2242 -1.4963 0.9863  0.8560  -1.8175 0.2146  0.9775  -2.1189 0.7580  -1.5239 -1.1518 1.0295  1.1480  -1.4169 -1.0895 -0.6488 -1.0272 -1.4613 -1.5511 -1.0686 
1.4598  0.9687  0.7744  0.6508  1.3907  1.3891  0.7657  1.5583  0.5626  1.5726  0.8605  0.8169  0.9383  0.6599  0.7729  1.2077  1.2308  1.6246  0.8695  1.2707  
-0.0756 -0.1444 1.0676  -0.4519 -0.1126 0.7810  -0.2634 -1.1993 0.2517  -0.7324 -0.3509 1.1098  1.2243  0.5915  -0.9505 1.0020  -0.4390 -0.7352 -0.5314 -0.4671 
0.3271  -0.8217 0.0458  1.1211  -0.8037 0.5614  0.5741  -1.2034 1.0236  -0.6409 -0.3261 1.2809  1.3815  -0.6742 1.2413  1.4561  -1.0509 -0.6459 0.2138  0.2193  
0.0391  -0.1719 1.1020  0.9732  -0.7819 0.5982  1.0934  -0.4848 0.8736  -0.6447 0.1413  1.1437  1.2560  0.9831  1.1005  0.5140  0.0384  0.0045  -0.4582 1.1271  
0.5198  0.1184  1.1005  0.9716  0.1403  -0.4145 -0.1792 0.0615  0.8720  0.6002  0.5838  0.8290  1.2546  -0.4618 -0.3608 0.5841  -0.0022 -0.0074 0.3939  0.0556  
1.2027  0.8223  1.2872  1.1693  0.7525  0.7240  1.2796  1.5392  1.0736  0.5601  0.2050  1.3241  1.4200  1.1786  1.2859  1.5935  1.6063  1.7844  1.3672  1.5590  
1.5211  -0.8118 0.8665  0.7385  0.4161  1.4578  0.8577  0.8660  0.6451  0.0560  0.0406  0.7933  1.0314  0.7481  0.8650  0.7456  0.2940  0.5729  -0.9682 1.3496  
0.2657  0.1440  0.9800  1.0808  -0.3823 0.3059  1.1967  0.4994  0.9822  -0.2414 0.7581  1.0130  1.3484  -0.0401 1.2035  0.2445  -0.5502 0.2557  1.2908  0.2552  
H 0.430 E 0.162    2.072   1.184   0.430   2.930   2.359   0.555   2.634   3.120   1.842   2.732   3.383  -0.788   3.713   3.003  -1.856
Kernel d0: 0.49 sigma: 0.05 SUM:    17.59 maxCount:   4.34 PSEUDO 200+0.2
0.0000  0.0000  0.0000  0.0000  0.0000  0.0000  0.0000  0.0000  0.0000  0.0000  0.0000  0.0000  0.0000  0.0000  0.0000  0.0000  0.0000  0.0000  0.0000  0.0000  
0.0000  0.0000  0.0000  0.0000  0.0000  0.0000  0.0000  0.0000  0.0000  0.0000  0.0000  0.0000  0.0000  0.0000  0.0000  0.0000  0.0000  0.0000  0.0000  0.0000  
0.0000  0.0000  0.0000  0.0000  0.0000  0.0000  0.0000  0.0000  0.0000  0.0000  0.0000  0.0000  0.0000  0.0000  0.0000  0.0000  0.0000  0.0000  0.0000  0.0000  
0.0000  0.0000  0.0000  0.0000  0.0000  0.0000  0.0000  0.0000  0.0000  0.0000  0.0000  0.0000  0.0000  0.0000  0.0000  0.0000  0.0000  0.0000  0.0000  0.0000  
0.0000  0.0000  0.0000  0.0000  0.0000  0.0000  0.0000  0.0000  0.0000  0.0000  0.0000  0.0000  0.0000  0.0000  0.0000  0.0000  0.0000  0.0000  0.0000  0.0000  
0.0000  0.0000  0.0000  0.0000  0.0000  0.0000  0.0000  0.0000  0.0000  0.0000  0.0000  0.0000  0.0000  0.0000  0.0000  0.0000  0.0000  0.0000  0.0000  0.0000  
0.0000  0.0000  0.0000  0.0000  0.0000  0.0000  0.0000  0.0000  0.0000  0.0000  0.0000  0.0000  0.0000  0.0000  0.0000  0.0000  0.0000  0.0000  0.0000  0.0000  
0.0000  0.0000  0.0000  0.0000  0.0000  0.0000  0.0000  0.0000  0.0000  0.0000  0.0000  0.0000  0.0000  0.0000  0.0000  0.0000  0.0000  0.0000  0.0000  0.0000  
0.0000  0.0000  0.0000  0.0000  0.0000  0.0000  0.0000  0.0000  0.0000  0.0000  0.0000  0.0000  0.0000  0.0000  0.0000  0.0000  0.0000  0.0000  0.0000  0.0000  
0.0000  0.0000  0.0000  0.0000  0.0000  0.0000  0.0000  0.0000  0.0000  0.0000  0.0000  0.0000  0.0000  0.0000  0.0000  0.0000  0.0000  0.0000  0.0000  0.0000  
0.0000  0.0000  0.0000  0.0000  0.0000  0.0000  0.0000  0.0000  0.0000  0.0000  0.0000  0.0000  0.0000  0.0000  0.0000  0.0000  0.0000  0.0000  0.0000  0.0000  
0.0000  0.0000  0.0000  0.0000  0.0000  0.0000  0.0000  0.0000  0.0000  0.0000  0.0000  0.0000  0.0000  0.0000  0.0000  0.0000  0.0000  0.0000  0.0000  0.0000  
0.0000  0.0000  0.0000  0.0000  0.0000  0.0000  0.0000  0.0000  0.0000  0.0000  0.0000  0.0000  0.0000  0.0000  0.0000  0.0000  0.0000  0.0000  0.0000  0.0000  
0.0000  0.0000  0.0000  0.0000  0.0000  0.0000  0.0000  0.0000  0.0000  0.0000  0.0000  0.0000  0.0000  0.0000  0.0000  0.0000  0.0000  0.0000  0.0000  0.0000  
0.0000  0.0000  0.0000  0.0000  0.0000  0.0000  0.0000  0.0000  0.0000  0.0000  0.0000  0.0000  0.0000  0.0000  0.0000  0.0000  0.0000  0.0000  0.0000  0.0000  
0.0000  0.0000  0.0000  0.0000  0.0000  0.0000  0.0000  0.0000  0.0000  0.0000  0.0000  0.0000  0.0000  0.0000  0.0000  0.0000  0.0000  0.0000  0.0000  0.0000  
0.0000  0.0000  0.0000  0.0000  0.0000  0.0000  0.0000  0.0000  0.0000  0.0000  0.0000  0.0000  0.0000  0.0000  0.0000  0.0000  0.0000  0.0000  0.0000  0.0000  
0.0000  0.0000  0.0000  0.0000  0.0000  0.0000  0.0000  0.0000  0.0000  0.0000  0.0000  0.0000  0.0000  0.0000  0.0000  0.0000  0.0000  0.0000  0.0000  0.0000  
0.0000  0.0000  0.0000  0.0000  0.0000  0.0000  0.0000  0.0000  0.0000  0.0000  0.0000  0.0000  0.0000  0.0000  0.0000  0.0000  0.0000  0.0000  0.0000  0.0000  
0.0000  0.0000  0.0000  0.0000  0.0000  0.0000  0.0000  0.0000  0.0000  0.0000  0.0000  0.0000  0.0000  0.0000  0.0000  0.0000  0.0000  0.0000  0.0000  0.0000  
H 0.430 E 0.162    2.090   1.168  -0.430   2.991   2.315  -0.498   2.466   3.369  -1.465   4.548   1.818  -0.966   5.355   1.485   0.254
Kernel d0: 0.49 sigma: 0.05 SUM:   240.89 maxCount:   7.69 PSEUDO 200+0.2
0.6377  -0.4077 0.3939  0.3138  0.4935  0.6111  0.3901  0.6145  0.2975  0.3015  -0.1771 0.4121  0.4620  0.3430  0.3932  0.5417  0.4263  0.4823  0.4341  0.0298  
-0.2810 0.1340  0.0916  0.0702  -0.7535 0.2868  0.0900  0.3923  0.0569  -0.0875 -0.0173 0.0999  0.1265  0.0716  0.0913  0.2071  -0.8984 0.3515  0.1108  0.2319  
-0.2195 -0.7334 -0.7195 0.2111  0.3227  -0.5173 -0.4479 -0.8250 0.1785  -1.1639 -0.9234 0.2657  0.3253  0.2146  -1.4334 -0.8253 -0.9212 0.1286  0.2970  -0.2215 
-0.2265 -0.2603 0.3179  0.2654  0.3151  -0.4552 0.3143  0.3055  0.2280  0.1482  -0.0584 0.3360  0.3875  0.2693  0.3173  -0.2330 0.3590  0.4379  -0.3249 0.5250  
-0.2110 0.1818  0.3338  0.2804  0.5838  -0.7644 0.3301  0.2148  0.1945  0.2356  0.3707  0.3521  0.4036  0.2844  0.3332  0.4708  -0.1722 0.3249  0.3745  0.5382  
0.1611  0.2326  0.2083  0.1667  0.2780  0.2682  0.2053  -0.1750 0.1391  -0.2342 -0.3271 0.2234  0.2691  0.1696  0.2078  0.3380  -0.0607 0.3207  0.2427  0.4132  
-0.3640 -0.7056 -0.6990 0.1475  -0.0209 -0.6908 0.1831  -0.5423 0.1224  -0.1570 -0.0589 0.2000  0.2431  0.1502  -0.5784 -0.1586 0.0429  0.4101  -0.8874 -0.6065 
-0.0664 0.4484  0.3667  0.3120  0.4460  0.6045  0.3630  0.5277  0.2718  0.2030  0.4036  0.3851  0.4360  0.3161  0.3661  0.5408  0.2140  0.6389  0.4074  0.5636  
-0.4139 0.1877  0.2983  -0.6924 -0.4416 0.4197  0.2947  -0.5844 0.2111  -0.8131 -0.8901 -0.6911 0.3672  0.2508  -0.2451 -0.7117 -0.9942 -0.1294 0.3382  0.5077  
-0.0469 0.4891  0.5022  0.3028  0.6472  0.3230  0.4988  0.5541  0.1612  0.4491  0.5335  0.5180  0.5592  -0.3875 0.4847  0.6133  0.5120  0.5353  0.3673  0.6473  
0.2961  0.2493  0.1815  0.1438  0.4395  0.4386  0.1787  0.4950  0.1192  0.3136  0.2102  0.1954  0.2380  0.1464  0.1810  0.3490  0.3598  0.5291  0.2133  0.3787  
0.2038  -0.5238 0.2256  0.1817  -0.9011 -0.1957 0.2225  -1.1678 0.1523  -0.8395 -1.5135 0.2414  0.2887  -0.9464 -1.0037 -0.7434 -0.4642 -0.6360 -0.7582 -0.0981 
0.4445  0.2193  0.1570  0.1232  0.4054  0.4046  0.1545  0.5055  0.1016  0.5149  0.1831  0.1697  0.2088  0.1256  0.1566  0.3148  0.3253  0.5504  0.1860  0.3441  
0.4875  -0.2685 0.2560  -0.0907 0.0228  0.5209  0.2526  -0.4538 0.1660  -0.0759 -0.3595 0.2729  0.3223  0.2121  -0.8307 0.4212  0.1754  -0.3056 -0.3434 0.3060  
-0.0325 0.2190  0.1170  0.2775  -0.6117 0.0188  0.1375  -0.5393 0.2392  -0.4580 -0.1438 0.3490  0.4005  -0.7718 0.3301  0.5041  -0.8777 -0.1603 -0.4693 0.4613  
-0.2658 -0.5166 0.2697  0.2209  -0.4371 0.4611  0.2662  -0.5287 0.1873  -0.9445 0.1469  0.2869  0.3370  0.2245  0.2691  0.3520  -0.6393 -0.1434 -0.1210 0.4807  
-0.5915 -0.0169 0.2691  0.2204  -0.4902 -0.9734 -0.7547 -0.4517 0.1868  -0.0487 0.2821  -0.7547 0.3364  -0.1853 -0.4086 -0.3437 -0.4311 0.1576  0.1758  -0.3059 
0.5007  0.4342  0.3521  0.2978  0.5136  0.0785  0.3483  0.5278  0.2584  0.1128  0.3890  0.3704  0.4217  0.3019  0.3514  0.5289  0.5377  0.6737  0.3928  0.5526  
0.4817  0.1528  0.1851  0.1468  0.4442  0.4433  0.1823  0.0286  0.1218  -0.1594 0.1042  0.1992  0.2422  0.1495  0.1846  -0.2383 -0.5545 0.4535  0.2173  0.3835  
-0.4412 0.1436  0.1452  0.2612  -0.0832 -0.8996 0.3098  0.4964  0.2241  0.1645  0.3500  0.3315  0.3829  -1.2998 0.3129  0.0848  -0.6714 0.1869  0.3538  -0.1577 
H 0.430 E 0.162    2.145   1.128  -0.207   3.067   2.260  -0.229   3.665   2.453  -1.618   4.306   2.039   0.914   3.888   2.636   2.225
Kernel d0: 0.49 sigma: 0.05 SUM:  1111.39 maxCount:  46.96 PSEUDO 200+0.2
0.9998  -0.1889 1.3707  0.0779  0.3033  0.6146  1.3637  0.6161  1.1701  0.3249  -0.1361 1.4044  1.4908  1.2699  1.3695  0.5937  1.2634  0.4397  0.8503  1.0865  
0.5140  0.6927  0.5201  0.4202  -0.1119 1.1450  0.5129  1.3677  0.3531  -0.6649 -1.5084 0.5563  0.6644  0.4273  0.5189  0.9347  0.2381  0.2170  -0.4227 -0.3451 
0.0861  -1.1733 -0.2204 0.9464  -1.4308 -0.1699 -1.5201 -1.4538 -0.1070 -1.5072 -1.3750 0.1056  1.2324  0.9564  -1.3691 -0.1340 -1.3804 -0.7774 -0.3879 -0.5234 
-0.1876 -0.4750 1.2162  1.0926  -0.3076 0.2265  1.2080  -0.2796 0.9942  -0.2832 0.5603  1.2553  1.3586  1.1023  1.2148  0.1780  0.1211  -0.1848 0.1560  0.8069  
0.4291  -0.4552 1.2507  1.1295  0.5124  -0.1131 1.2427  0.6305  0.3693  0.6817  1.3261  0.8217  1.3887  1.1391  1.2493  0.7536  0.1294  0.6156  1.3336  1.6087  
0.3571  0.0498  0.9381  0.8081  0.8460  0.5875  0.9292  -0.1931 0.7116  0.1908  -0.1843 0.3012  1.1018  -0.6250 0.9366  0.8425  -0.3968 0.3709  1.0342  1.4063  
0.0239  -0.8600 -0.5441 0.7420  -0.4252 0.0503  0.8614  -1.0730 0.6484  -1.1404 0.2682  0.9136  1.0353  0.7516  -1.3142 -0.8562 -0.5157 -0.7256 -0.3212 -0.0806 
1.0602  1.3624  1.3183  1.2030  1.1341  1.7000  1.3108  1.3372  1.1087  1.0719  1.3888  1.3541  1.4468  1.2122  1.3170  1.6125  0.6705  1.1921  1.3958  1.6448  
-0.2569 -0.6123 1.1717  -0.2184 -0.9117 0.7050  1.1634  -1.2761 0.9464  -0.9198 -0.9153 0.3044  1.3193  -0.2648 0.3832  -0.1077 -0.8590 -0.9187 1.2598  0.4073  
0.6247  0.1165  1.5548  0.5094  0.6493  0.9204  1.5497  0.4614  0.2026  0.4295  0.8341  1.5789  1.6387  0.5530  0.7053  0.9543  0.2929  0.8841  0.8458  1.7153  
0.9669  1.0515  0.8564  0.7286  -0.0233 0.4665  0.8476  0.7312  0.6357  1.0174  -0.3988 0.8997  1.0214  0.7382  0.8549  1.2825  1.3044  0.0882  0.9527  1.3418  
-0.2229 -1.4951 0.9876  0.8571  -1.8038 0.2169  0.9788  -2.1210 0.7591  -1.5272 -1.1985 1.0308  1.1494  -1.4249 -1.1023 -0.7020 -1.0297 -1.4608 -1.5682 -1.0665 
1.4614  0.9700  0.7755  0.6517  1.3922  1.3906  0.7669  1.5599  0.5635  1.5742  0.8617  0.8181  0.9396  0.6609  0.7740  1.2091  1.2323  1.6262  0.8707  1.2722  
-0.0725 -0.1444 1.0689  -0.4515 -0.0955 0.7848  -0.2646 -1.1982 0.2512  -0.7284 -0.3936 1.1112  1.2257  0.5930  -0.9625 1.0034  -0.4383 -0.7344 -0.5364 -0.4648 
0.3275  -0.8189 0.0478  1.1225  -0.7701 0.5561  0.6012  -1.2026 1.0249  -0.6348 -0.3280 1.2824  1.3830  -0.6851 1.2427  1.4577  -1.0621 -0.6426 0.2094  0.2301  
0.0190  -0.1728 1.1034  0.9745  -0.7574 0.6081  1.0948  -0.4823 0.8748  -0.6426 0.1457  1.1451  1.2575  0.9844  1.1019  0.5154  0.0007  -0.0087 -0.4561 1.1304  
0.4896  0.1181  1.1019  0.9729  0.1357  -0.4258 -0.1887 0.0620  0.8732  0.5811  0.5853  0.6054  1.2561  -0.4784 -0.3563 0.5759  -0.0109 -0.0070 0.3953  0.0386  
1.2035  0.8235  1.2887  1.1707  0.7755  0.7199  1.2810  1.5407  1.0749  0.5620  0.2071  1.3256  1.4216  1.1801  1.2874  1.5951  1.6079  1.7861  1.3687  1.5715  
1.5227  -0.8105 0.8677  0.7396  0.4162  1.4593  0.8589  0.8563  0.6461  0.0580  0.0418  0.7857  1.0328  0.7492  0.8662  0.7388  0.3054  0.5746  -0.9619 1.3511  
0.2664  0.1456  0.9788  1.0821  -0.3644 0.2318  1.1981  0.5127  0.9835  -0.2396 0.7748  0.9804  1.3499  -0.1548 1.2049  0.2456  -0.5747 0.2564  1.2923  0.2547  
H 0.430 E 0.162    2.145   1.149   0.178   3.006   2.318   0.340   4.183   2.271  -0.627   3.569   2.423   1.941   2.611   3.239   2.756
Kernel d0: 0.49 sigma: 0.05 SUM:   900.41 maxCount:  39.08 PSEUDO 200+0.2
0.8320  -0.2095 1.2045  -0.0498 0.1753  0.3878  1.1977  0.4475  1.0147  0.2914  0.0691  1.2366  1.3197  1.1086  1.2033  0.4502  1.2528  0.3193  0.6618  1.4629  
1.0569  0.5794  0.4286  0.3430  -0.2597 0.9912  0.4223  1.2015  0.2864  -0.6662 -1.5291 0.4598  0.5544  0.3491  0.4275  0.7970  0.8203  0.1036  -0.5059 -0.4755 
0.2569  -1.0757 0.7351  0.8077  -1.6208 0.0706  -1.4712 -1.4373 -0.2146 -1.3867 -1.1602 -0.0199 1.0732  0.8169  -0.7545 0.8308  -1.3758 -0.8614 -0.5278 -0.5224 
-0.1429 -0.3822 1.0579  0.9424  -0.4126 0.8585  1.0503  -0.3766 0.8515  -0.3460 0.8551  1.0948  1.1929  0.9514  1.0566  0.2964  0.0329  -0.3038 0.6693  0.6319  
0.7589  -0.7262 1.0905  0.9768  0.0032  0.5890  1.0830  0.6620  0.2963  0.7290  1.1619  -0.0082 1.2217  0.9857  1.0892  0.6471  0.3206  0.5762  1.1690  1.4340  
0.3777  -0.0591 0.8001  0.6823  0.8467  0.5617  0.7920  -0.1706 0.5962  0.5312  0.1034  0.1720  0.9510  -0.7316 0.7987  0.8345  -0.3571 0.3090  0.8884  1.2385  
0.0188  -0.4071 0.2358  0.6232  -0.6181 0.1493  0.7304  -1.0293 0.5403  -1.2013 0.4357  0.7778  0.8893  0.6318  -1.0809 -0.8196 -0.4670 -0.8605 0.8262  0.3316  
1.4689  0.3891  1.1545  1.0456  0.9468  1.5234  1.1474  1.2796  0.9574  1.3015  1.2217  1.1885  1.2773  1.0542  1.1533  1.4378  0.7075  1.0434  1.2284  1.4693  
-0.2215 -0.7162 1.0163  0.7983  -0.9136 0.6460  1.0084  -1.2931 0.8077  -0.7141 -0.5394 -0.1504 1.1554  -0.4005 0.9376  0.5892  -0.5408 -0.9787 1.0991  0.1822  
0.6716  -0.0782 1.3816  0.4405  0.4797  0.6736  1.3767  0.3331  0.1919  0.3525  0.6679  1.4051  1.4633  1.0702  0.5515  0.7891  0.1947  0.7878  0.8257  1.2441  
1.0058  0.9043  0.7258  0.6113  -0.1723 0.3019  0.7179  0.5373  0.5291  1.1275  -0.5626 0.7651  0.8766  0.6198  0.7245  1.1206  1.1413  -0.0642 0.8135  1.1769  
-0.2938 -1.4648 0.8455  0.7265  -1.9465 0.4640  0.8373  -2.1068 0.6384  -1.5257 -0.9898 0.8852  0.9954  -1.1262 -0.6105 -0.4584 -0.9376 -1.4527 -1.5168 -1.1882 
1.2914  0.8292  0.6531  0.5433  1.2250  1.2234  0.6454  1.3866  0.4661  1.4005  0.7306  0.6913  0.8014  0.5513  0.6518  1.0513  1.0731  1.4511  0.7388  1.1108  
-0.1997 0.0522  0.9204  -0.4218 -0.0923 0.6183  -0.3681 -1.2183 0.1514  -0.7652 -0.3543 0.9597  1.0670  0.4688  -1.0452 0.8549  -0.5179 -0.7219 -0.4915 -0.5800 
0.5185  -0.9333 0.0881  0.9702  -0.7418 0.7305  0.3171  -1.2436 0.8798  -0.5750 -0.2191 1.1204  1.2162  -0.2571 1.0830  1.2952  -0.8934 -0.6558 0.9101  -0.1026 
0.0231  0.3153  0.9524  0.8334  -0.7271 0.5098  0.9444  -0.2816 0.7425  -0.3412 0.0991  0.9913  1.0969  0.8425  0.9511  0.4123  0.2467  0.0349  -0.4323 0.9587  
1.0216  0.2213  0.9510  0.8320  0.2290  -0.1829 0.8117  0.4326  0.7411  0.4964  0.4590  0.9899  1.0956  -0.4961 0.0194  1.2729  0.3935  0.0053  0.3647  0.0112  
1.1441  0.6678  1.1264  1.0153  0.6353  0.7182  1.1192  1.5211  0.9260  0.7199  0.0575  1.1614  1.2531  1.0240  1.1252  1.4208  1.4333  1.6083  1.2025  1.3168  
1.3505  -0.9044 0.7361  0.6210  0.2579  1.2894  0.7281  1.2188  0.5383  -0.0641 -0.0049 -0.5383 0.8870  0.6296  0.7348  0.5946  1.1505  0.4886  -1.0871 1.1857  
0.5189  0.0523  1.0385  0.9327  -0.3603 0.8363  1.0410  0.3665  0.8417  -0.3296 0.5811  -0.0720 1.1846  0.9417  1.0474  0.2778  -0.4529 0.2678  1.1298  0.1644  
H 0.430 E 0.162    1.939   1.260   0.761   2.795   2.438   0.879   2.186   3.466   1.825   3.056   3.135  -0.650   4.280   2.531  -1.272
Kernel d0: 0.49 sigma: 0.05 SUM:    13.62 maxCount:   2.87 PSEUDO 200+0.2
0.0000  0.0000  0.0000  0.0000  0.0000  0.0000  0.0000  0.0000  0.0000  0.0000  0.0000  0.0000  0.0000  0.0000  0.0000  0.0000  0.0000  0.0000  0.0000  0.0000  
0.0000  0.0000  0.0000  0.0000  0.0000  0.0000  0.0000  0.0000  0.0000  0.0000  0.0000  0.0000  0.0000  0.0000  0.0000  0.0000  0.0000  0.0000  0.0000  0.0000  
0.0000  0.0000  0.0000  0.0000  0.0000  0.0000  0.0000  0.0000  0.0000  0.0000  0.0000  0.0000  0.0000  0.0000  0.0000  0.0000  0.0000  0.0000  0.0000  0.0000  
0.0000  0.0000  0.0000  0.0000  0.0000  0.0000  0.0000  0.0000  0.0000  0.0000  0.0000  0.0000  0.0000  0.0000  0.0000  0.0000  0.0000  0.0000  0.0000  0.0000  
0.0000  0.0000  0.0000  0.0000  0.0000  0.0000  0.0000  0.0000  0.0000  0.0000  0.0000  0.0000  0.0000  0.0000  0.0000  0.0000  0.0000  0.0000  0.0000  0.0000  
0.0000  0.0000  0.0000  0.0000  0.0000  0.0000  0.0000  0.0000  0.0000  0.0000  0.0000  0.0000  0.0000  0.0000  0.0000  0.0000  0.0000  0.0000  0.0000  0.0000  
0.0000  0.0000  0.0000  0.0000  0.0000  0.0000  0.0000  0.0000  0.0000  0.0000  0.0000  0.0000  0.0000  0.0000  0.0000  0.0000  0.0000  0.0000  0.0000  0.0000  
0.0000  0.0000  0.0000  0.0000  0.0000  0.0000  0.0000  0.0000  0.0000  0.0000  0.0000  0.0000  0.0000  0.0000  0.0000  0.0000  0.0000  0.0000  0.0000  0.0000  
0.0000  0.0000  0.0000  0.0000  0.0000  0.0000  0.0000  0.0000  0.0000  0.0000  0.0000  0.0000  0.0000  0.0000  0.0000  0.0000  0.0000  0.0000  0.0000  0.0000  
0.0000  0.0000  0.0000  0.0000  0.0000  0.0000  0.0000  0.0000  0.0000  0.0000  0.0000  0.0000  0.0000  0.0000  0.0000  0.0000  0.0000  0.0000  0.0000  0.0000  
0.0000  0.0000  0.0000  0.0000  0.0000  0.0000  0.0000  0.0000  0.0000  0.0000  0.0000  0.0000  0.0000  0.0000  0.0000  0.0000  0.0000  0.0000  0.0000  0.0000  
0.0000  0.0000  0.0000  0.0000  0.0000  0.0000  0.0000  0.0000  0.0000  0.0000  0.0000  0.0000  0.0000  0.0000  0.0000  0.0000  0.0000  0.0000  0.0000  0.0000  
0.0000  0.0000  0.0000  0.0000  0.0000  0.0000  0.0000  0.0000  0.0000  0.0000  0.0000  0.0000  0.0000  0.0000  0.0000  0.0000  0.0000  0.0000  0.0000  0.0000  
0.0000  0.0000  0.0000  0.0000  0.0000  0.0000  0.0000  0.0000  0.0000  0.0000  0.0000  0.0000  0.0000  0.0000  0.0000  0.0000  0.0000  0.0000  0.0000  0.0000  
0.0000  0.0000  0.0000  0.0000  0.0000  0.0000  0.0000  0.0000  0.0000  0.0000  0.0000  0.0000  0.0000  0.0000  0.0000  0.0000  0.0000  0.0000  0.0000  0.0000  
0.0000  0.0000  0.0000  0.0000  0.0000  0.0000  0.0000  0.0000  0.0000  0.0000  0.0000  0.0000  0.0000  0.0000  0.0000  0.0000  0.0000  0.0000  0.0000  0.0000  
0.0000  0.0000  0.0000  0.0000  0.0000  0.0000  0.0000  0.0000  0.0000  0.0000  0.0000  0.0000  0.0000  0.0000  0.0000  0.0000  0.0000  0.0000  0.0000  0.0000  
0.0000  0.0000  0.0000  0.0000  0.0000  0.0000  0.0000  0.0000  0.0000  0.0000  0.0000  0.0000  0.0000  0.0000  0.0000  0.0000  0.0000  0.0000  0.0000  0.0000  
0.0000  0.0000  0.0000  0.0000  0.0000  0.0000  0.0000  0.0000  0.0000  0.0000  0.0000  0.0000  0.0000  0.0000  0.0000  0.0000  0.0000  0.0000  0.0000  0.0000  
0.0000  0.0000  0.0000  0.0000  0.0000  0.0000  0.0000  0.0000  0.0000  0.0000  0.0000  0.0000  0.0000  0.0000  0.0000  0.0000  0.0000  0.0000  0.0000  0.0000  
H 0.430 E 0.162    2.152   1.146   0.156   3.023   2.318   0.156   3.060   2.974  -1.220   4.595   1.890   0.640   4.713   2.025   2.129
Kernel d0: 0.49 sigma: 0.05 SUM:   918.68 maxCount:  43.32 PSEUDO 200+0.2
0.9585  -0.4367 1.2202  -0.0003 0.4047  0.6747  1.2135  0.7614  1.0294  0.3978  -0.2743 1.2526  1.3359  1.1239  1.2191  0.5461  1.1079  0.4460  1.2535  0.8606  
0.3270  0.5900  0.4370  0.3501  -0.1547 1.0058  0.4307  1.2173  0.2925  -0.7386 -1.4927 0.4688  0.5647  0.3563  0.4360  0.8100  -0.5265 0.1790  -0.1795 0.2733  
-0.0982 -1.2138 -0.3584 0.8208  -1.0444 -0.1753 -1.4001 -1.3701 -0.1027 -1.5678 -1.3079 0.0386  1.0883  0.8300  -1.5087 -0.3324 -1.2035 -0.6909 0.1681  -0.1375 
-0.1473 -0.4046 1.0729  0.9566  -0.3093 0.0488  1.0653  -0.2232 0.8650  -0.1650 0.4203  1.1101  1.2086  0.9657  1.0716  0.0291  0.0738  -0.1522 0.0190  1.2833  
0.1871  -0.2492 1.1057  0.9913  0.9568  -0.2854 1.0981  0.6275  0.2522  0.7027  1.1775  1.1419  1.2375  1.0002  1.1044  0.6160  0.2764  0.8005  1.1846  1.4506  
0.5822  -0.0101 0.8131  0.6942  0.7038  0.4438  0.8050  -0.1863 0.6070  0.0349  -0.3009 0.4249  0.9653  -0.1042 0.8117  0.6991  -0.4524 0.4639  0.9022  1.2544  
-0.1837 -0.9773 -0.6532 0.6343  0.1155  -0.4336 0.7427  -1.0839 0.5504  -1.0680 0.1551  0.7906  0.9031  0.6430  -1.3710 -0.9620 -0.4810 -0.5066 -0.5193 -0.3016 
0.7586  1.3139  1.1700  1.0605  0.9815  1.5401  1.1629  1.1803  0.9717  0.9126  1.2376  1.2043  1.2934  1.0692  1.1688  1.4543  0.5514  1.1845  1.2443  1.4859  
-0.4383 -0.5101 1.0310  -0.4041 -0.6277 0.5628  1.0231  -1.2562 0.8207  -1.0109 -1.0371 -0.1344 1.1710  0.6106  0.2296  -0.2928 -1.0172 -0.8559 1.1144  0.9075  
0.4024  0.1105  1.3981  0.3704  0.8802  0.8100  1.3931  0.5302  0.0711  0.4646  0.8434  1.4215  1.4799  0.2380  0.6228  1.0931  0.2563  0.9366  0.6979  1.5936  
0.8223  0.9183  0.7381  0.6223  -0.0655 0.9151  0.7301  1.1118  0.5391  0.8619  0.6652  0.7778  0.8903  0.6309  0.7368  1.1359  1.1568  0.1297  0.8266  1.1925  
-0.3483 -1.2721 0.8589  0.7388  -1.5298 0.2228  0.8507  -2.1917 0.6498  -1.4933 -1.6011 0.8990  1.0100  -1.2340 -1.2306 -0.8857 -1.0661 -1.4898 -1.2534 -0.8487 
1.3075  0.8425  0.6646  0.5534  1.2409  1.2393  0.6568  1.4030  0.4751  1.4170  0.7430  0.7032  0.8145  0.5616  0.6632  1.0663  1.0882  1.4677  0.7512  1.1261  
-0.0203 -0.1792 0.9345  -0.5535 -0.0075 0.8037  -0.2789 -1.1808 0.2047  -0.6384 -0.3155 0.9741  1.0820  0.4986  -1.2367 0.8665  -0.4566 -0.5895 0.0663  -0.4728 
0.1830  -0.8127 -0.0778 0.9846  -0.8327 0.6463  0.5269  -1.1697 0.8935  -0.5734 -0.3877 1.1358  1.2320  -0.8021 1.0981  1.3032  -1.1962 -0.6042 0.0665  0.6462  
-0.1080 -0.3068 0.9667  0.8467  -0.3849 0.6689  0.9587  -0.4594 0.7550  -0.7548 0.3880  1.0059  1.1121  0.8559  0.9654  0.3774  -0.3163 0.0401  -0.2783 1.2911  
0.0607  -0.0110 0.9653  0.8453  0.0954  -0.5677 -0.3319 -0.0196 0.7535  0.3736  0.4657  -0.2450 1.1108  -0.6147 -0.4856 0.3679  -0.1533 0.0324  0.2665  -0.0252 
1.0506  0.7584  1.1418  1.0300  0.9339  0.6281  1.1345  1.3799  0.9401  0.4277  0.2199  1.1770  1.2691  1.0388  1.1406  1.4374  1.4499  1.6250  1.2183  1.4707  
1.3669  -0.7368 0.7485  0.6321  0.7249  1.3055  0.7404  0.7036  0.5483  -0.2084 -0.0655 0.7883  0.9008  0.6408  0.7471  0.3425  0.0414  0.4339  -0.3021 1.2014  
0.1350  0.1218  0.8304  0.9468  0.2600  -0.2873 1.0559  0.5294  0.8551  -0.1451 1.1209  1.1010  1.2003  -0.8688 1.0623  0.3270  -0.5807 0.4031  1.1452  0.2042  
H 0.430 E 0.162    2.127   1.157  -0.186   3.027   2.294  -0.350   3.734   2.245  -1.699   4.170   2.332   0.907   3.635   3.149   2.046
Kernel d0: 0.49 sigma: 0.05 SUM:  1098.32 maxCount:  46.86 PSEUDO 200+0.2
0.9899  -0.1564 1.3612  0.0692  0.2790  0.5955  1.3542  0.5879  1.1611  0.3043  -0.1398 1.3948  1.4810  1.2606  1.3600  0.5843  1.2573  0.4183  0.8276  1.2297  
0.6754  0.6861  0.5147  0.4156  -0.1177 1.1361  0.5076  1.3582  0.3491  -0.6723 -1.5116 0.5506  0.6579  0.4227  0.5135  0.9267  0.6466  0.2080  -0.4285 -0.3565 
0.1440  -1.1206 -0.1723 0.9384  -1.4677 -0.1568 -1.5202 -1.4590 -0.1136 -1.5012 -1.3554 0.0976  1.2232  0.9483  -1.2742 -0.0392 -1.3664 -0.7985 -0.3979 -0.5442 
-0.1484 -0.4804 1.2071  1.0839  -0.3169 0.2938  1.1990  -0.2906 0.9860  -0.2878 0.5608  1.2461  1.3491  1.0936  1.2057  0.3094  0.1129  -0.1941 0.1532  0.7923  
0.4380  -0.4914 1.2415  1.1207  0.3509  -0.0387 1.2336  0.6747  0.3629  0.6639  1.3167  0.3663  1.3792  1.1302  1.2401  0.7439  0.1311  0.6255  1.3241  1.5987  
0.3089  0.0421  0.9301  0.8008  0.8380  0.5799  0.9213  -0.1602 0.7049  0.2028  -0.1799 0.2926  1.0931  -0.6328 0.9286  0.8424  -0.4019 0.3739  1.0258  1.3967  
0.1004  -0.8566 -0.5225 0.7350  -0.5300 0.1561  0.8538  -1.0758 0.6420  -1.1491 0.2635  0.9057  1.0268  0.7446  -1.3191 -0.8606 -0.5220 -0.7393 -0.1043 0.0567  
1.1954  1.0698  1.3089  1.1940  1.1145  1.6900  1.3015  1.3281  1.1000  1.0716  1.3793  1.3446  1.4371  1.2031  1.3076  1.6025  0.6722  1.1813  1.3862  1.6348  
-0.2466 -0.6213 1.1628  -0.0424 -0.9185 0.6993  1.1545  -1.2848 0.9383  -0.9075 -0.8261 0.1428  1.3099  -0.2779 0.4209  -0.0061 -0.8139 -0.9238 1.2506  0.3551  
0.6465  0.0706  1.5449  0.5010  0.6351  0.9059  1.5398  0.4478  0.1969  0.4219  0.8250  1.5690  1.6287  0.8221  0.6963  0.9369  0.2838  0.8608  0.8371  1.6357  
0.9641  1.0430  0.8488  0.7218  -0.0320 0.4531  0.8400  0.6868  0.6294  1.0161  -0.4247 0.8919  1.0131  0.7313  0.8473  1.2732  1.2950  0.0783  0.9446  1.3324  
-0.2313 -1.5027 0.9794  0.8495  -1.8375 0.2510  0.9706  -2.1285 0.7521  -1.5278 -1.1351 1.0224  1.1405  -1.4202 -1.0423 -0.6238 -1.0357 -1.4635 -1.5723 -1.0989 
1.4517  0.9618  0.7683  0.6454  1.3827  1.3810  0.7598  1.5500  0.5577  1.5643  0.8540  0.8107  0.9315  0.6545  0.7669  1.2001  1.2231  1.6162  0.8630  1.2629  
-0.0820 -0.1479 1.0603  -0.4575 -0.1284 0.7748  -0.2726 -1.2061 0.2443  -0.7367 -0.3139 1.1025  1.2166  0.5862  -0.9466 0.9942  -0.4461 -0.7499 -0.4864 -0.4726 
0.3316  -0.8275 0.0478  1.1137  -0.7897 0.5696  0.4964  -1.2185 1.0165  -0.6518 -0.3351 1.2731  1.3735  -0.6674 1.2335  1.4480  -1.0380 -0.6598 0.2286  0.1219  
0.0861  -0.1693 1.0947  0.9663  -0.7610 0.5942  1.0861  -0.4587 0.8671  -0.6044 0.1356  1.1362  1.2482  0.9762  1.0932  0.5070  0.0576  0.0165  -0.4464 1.1177  
0.6464  0.1123  1.0932  0.9647  0.2128  -0.2878 -0.1002 0.1242  0.8655  0.6198  0.5775  0.8895  1.2469  -0.4256 -0.3277 0.7799  -0.0072 -0.0151 0.3880  0.1165  
1.1953  0.8145  1.2794  1.1618  0.7334  0.7163  1.2718  1.5344  1.0663  0.5655  0.1982  1.3162  1.4119  1.1711  1.2781  1.5852  1.5980  1.7759  1.3592  1.5092  
1.5129  -0.8173 0.8601  0.7326  0.4063  1.4496  0.8513  0.8546  0.6397  0.0501  0.0358  0.4213  1.0243  0.7422  0.8586  0.7393  0.5433  0.5663  -0.9768 1.3416  
0.2774  0.1355  1.0012  1.0735  -0.3865 0.3787  1.1891  0.4854  0.9753  -0.2779 0.7432  0.5135  1.3405  0.1367  1.1959  0.2243  -0.5454 0.2534  1.2829  0.1922  
H 0.430 E 0.162    2.021   1.192  -0.706   2.723   2.444  -0.972   1.787   3.479  -1.584   4.048   2.174  -2.002   5.267   1.874  -1.182
Kernel d0: 0.49 sigma: 0.05 SUM:    45.83 maxCount:   2.33 PSEUDO 200+0.2
0.0758  -0.2781 0.0276  0.0217  0.0694  0.0677  0.0271  0.0855  0.0179  0.0835  0.0321  0.0298  0.0365  0.0221  0.0275  0.0545  0.0562  0.0925  0.0326  -0.0103 
-0.0228 0.0065  0.0042  0.0032  -0.3822 0.0170  0.0041  0.0274  0.0025  0.0287  0.0051  0.0046  0.0061  0.0032  0.0042  0.0110  -0.3304 0.0342  0.0052  0.0127  
-0.0605 -0.0600 -0.0065 0.0113  0.0468  -0.0132 0.0145  -0.0196 0.0091  -0.1130 -0.0196 0.0161  0.0204  0.0115  -0.1386 -0.0408 -0.2211 0.0729  0.0179  0.0235  
-0.0250 0.0283  0.0197  0.0153  0.0569  -0.0091 0.0194  0.0742  0.0124  0.0685  0.0233  0.0214  0.0268  0.0156  0.0197  -0.0546 0.0440  0.0824  0.0167  0.0470  
-0.0622 0.0303  0.0212  0.0165  0.0596  -0.0356 0.0209  -0.0092 0.0135  0.0696  0.0250  0.0230  0.0287  0.0168  0.0212  0.0449  0.0285  0.0275  0.0254  0.0495  
0.0439  0.0165  0.0111  0.0084  0.0380  0.0379  0.0109  -0.0616 0.0068  0.0487  0.0044  0.0121  0.0155  0.0086  0.0110  0.0264  0.0276  0.0561  0.0135  0.0299  
-0.2442 0.0034  0.0096  0.0073  0.0341  -0.4193 0.0094  0.0238  0.0058  0.0515  0.0115  0.0105  0.0135  0.0074  0.0096  0.0233  0.0244  0.0587  -0.1545 -0.1786 
-0.0742 0.0345  0.0245  0.0192  0.0650  0.0649  0.0242  0.0816  0.0158  0.0741  0.0287  0.0266  0.0328  0.0196  0.0245  0.0501  0.0459  0.0891  0.0292  0.0549  
-0.2284 0.0260  0.0180  0.0001  0.0041  0.0534  0.0177  0.0453  0.0113  0.0008  -0.0208 -0.3335 0.0246  0.0141  0.0089  -0.0333 -0.2008 0.0548  0.0216  0.0438  
-0.1801 0.0560  0.0429  0.0350  0.0866  0.0614  0.0423  0.0990  0.0295  0.0964  0.0486  0.0457  0.0539  -0.1491 0.0428  0.0731  0.0748  0.1040  0.0492  0.0777  
0.0371  0.0140  0.0093  0.0070  0.0333  0.0332  0.0091  0.0488  0.0057  0.0506  0.0112  0.0102  0.0132  0.0072  0.0093  0.0227  0.0238  0.0577  0.0114  0.0259  
0.0472  0.0182  0.0123  0.0093  -0.3812 0.0219  0.0121  0.0356  0.0075  -0.0751 -0.6597 0.0134  0.0172  -0.0100 -0.0638 -0.1704 0.0283  0.0408  -0.0307 0.0228  
0.0340  0.0118  0.0078  0.0059  0.0289  0.0288  0.0077  0.0434  0.0047  0.0451  0.0094  0.0086  0.0111  0.0060  0.0078  0.0194  0.0204  0.0520  0.0096  0.0222  
0.0527  0.0213  0.0145  0.0111  0.0464  0.0462  0.0143  0.0585  0.0090  0.0629  -0.1387 0.0158  0.0201  0.0113  -0.3869 0.0332  0.0346  0.0612  -0.0511 0.0372  
0.0551  0.0299  0.0209  0.0162  -0.1195 0.0361  0.0206  -0.0139 0.0133  0.0604  0.0246  0.0227  0.0283  -0.0142 0.0209  0.0444  -0.1213 0.0656  0.0106  0.0490  
-0.2099 0.0228  0.0156  0.0119  0.0136  0.0486  0.0153  -0.0102 0.0097  -0.0492 0.0185  0.0170  0.0215  0.0122  0.0155  0.0352  -0.2805 -0.0844 0.0047  0.0393  
-0.3314 0.0227  0.0155  0.0119  -0.0387 -0.3973 -0.0184 -0.0002 0.0097  -0.1477 0.0185  -0.3453 0.0215  -0.0662 0.0104  -0.0084 0.0224  0.0747  0.0188  -0.2203 
0.0691  0.0326  0.0230  0.0179  0.0626  -0.0710 0.0226  0.0795  0.0147  0.0748  0.0270  0.0249  0.0310  0.0183  0.0230  0.0477  0.0494  0.0872  0.0274  0.0525  
0.0395  0.0143  0.0096  0.0072  0.0339  0.0338  0.0094  0.0423  0.0058  -0.2383 0.0115  0.0105  0.0135  0.0074  0.0095  -0.1865 -0.0415 0.0585  0.0117  0.0264  
-0.1966 0.0278  0.0146  0.0149  0.0561  -0.4989 0.0190  0.0700  0.0122  0.0752  0.0228  0.0210  0.0263  -0.5012 0.0193  0.0417  -0.2506 0.0643  0.0232  -0.0267 
H 0.430 E 0.162    1.978   1.264   0.692   2.962   2.342   0.659   2.302   3.696   0.895   3.787   2.347  -0.827   5.006   1.480  -0.725
Kernel d0: 0.49 sigma: 0.05 SUM:     7.38 maxCount:   1.05 PSEUDO 200+0.2
0.0000  0.0000  0.0000  0.0000  0.0000  0.0000  0.0000  0.0000  0.0000  0.0000  0.0000  0.0000  0.0000  0.0000  0.0000  0.0000  0.0000  0.0000  0.0000  0.0000  
0.0000  0.0000  0.0000  0.0000  0.0000  0.0000  0.0000  0.0000  0.0000  0.0000  0.0000  0.0000  0.0000  0.0000  0.0000  0.0000  0.0000  0.0000  0.0000  0.0000  
0.0000  0.0000  0.0000  0.0000  0.0000  0.0000  0.0000  0.0000  0.0000  0.0000  0.0000  0.0000  0.0000  0.0000  0.0000  0.0000  0.0000  0.0000  0.0000  0.0000  
0.0000  0.0000  0.0000  0.0000  0.0000  0.0000  0.0000  0.0000  0.0000  0.0000  0.0000  0.0000  0.0000  0.0000  0.0000  0.0000  0.0000  0.0000  0.0000  0.0000  
0.0000  0.0000  0.0000  0.0000  0.0000  0.0000  0.0000  0.0000  0.0000  0.0000  0.0000  0.0000  0.0000  0.0000  0.0000  0.0000  0.0000  0.0000  0.0000  0.0000  
0.0000  0.0000  0.0000  0.0000  0.0000  0.0000  0.0000  0.0000  0.0000  0.0000  0.0000  0.0000  0.0000  0.0000  0.0000  0.0000  0.0000  0.0000  0.0000  0.0000  
0.0000  0.0000  0.0000  0.0000  0.0000  0.0000  0.0000  0.0000  0.0000  0.0000  0.0000  0.0000  0.0000  0.0000  0.0000  0.0000  0.0000  0.0000  0.0000  0.0000  
0.0000  0.0000  0.0000  0.0000  0.0000  0.0000  0.0000  0.0000  0.0000  0.0000  0.0000  0.0000  0.0000  0.0000  0.0000  0.0000  0.0000  0.0000  0.0000  0.0000  
0.0000  0.0000  0.0000  0.0000  0.0000  0.0000  0.0000  0.0000  0.0000  0.0000  0.0000  0.0000  0.0000  0.0000  0.0000  0.0000  0.0000  0.0000  0.0000  0.0000  
0.0000  0.0000  0.0000  0.0000  0.0000  0.0000  0.0000  0.0000  0.0000  0.0000  0.0000  0.0000  0.0000  0.0000  0.0000  0.0000  0.0000  0.0000  0.0000  0.0000  
0.0000  0.0000  0.0000  0.0000  0.0000  0.0000  0.0000  0.0000  0.0000  0.0000  0.0000  0.0000  0.0000  0.0000  0.0000  0.0000  0.0000  0.0000  0.0000  0.0000  
0.0000  0.0000  0.0000  0.0000  0.0000  0.0000  0.0000  0.0000  0.0000  0.0000  0.0000  0.0000  0.0000  0.0000  0.0000  0.0000  0.0000  0.0000  0.0000  0.0000  
0.0000  0.0000  0.0000  0.0000  0.0000  0.0000  0.0000  0.0000  0.0000  0.0000  0.0000  0.0000  0.0000  0.0000  0.0000  0.0000  0.0000  0.0000  0.0000  0.0000  
0.0000  0.0000  0.0000  0.0000  0.0000  0.0000  0.0000  0.0000  0.0000  0.0000  0.0000  0.0000  0.0000  0.0000  0.0000  0.0000  0.0000  0.0000  0.0000  0.0000  
0.0000  0.0000  0.0000  0.0000  0.0000  0.0000  0.0000  0.0000  0.0000  0.0000  0.0000  0.0000  0.0000  0.0000  0.0000  0.0000  0.0000  0.0000  0.0000  0.0000  
0.0000  0.0000  0.0000  0.0000  0.0000  0.0000  0.0000  0.0000  0.0000  0.0000  0.0000  0.0000  0.0000  0.0000  0.0000  0.0000  0.0000  0.0000  0.0000  0.0000  
0.0000  0.0000  0.0000  0.0000  0.0000  0.0000  0.0000  0.0000  0.0000  0.0000  0.0000  0.0000  0.0000  0.0000  0.0000  0.0000  0.0000  0.0000  0.0000  0.0000  
0.0000  0.0000  0.0000  0.0000  0.0000  0.0000  0.0000  0.0000  0.0000  0.0000  0.0000  0.0000  0.0000  0.0000  0.0000  0.0000  0.0000  0.0000  0.0000  0.0000  
0.0000  0.0000  0.0000  0.0000  0.0000  0.0000  0.0000  0.0000  0.0000  0.0000  0.0000  0.0000  0.0000  0.0000  0.0000  0.0000  0.0000  0.0000  0.0000  0.0000  
0.0000  0.0000  0.0000  0.0000  0.0000  0.0000  0.0000  0.0000  0.0000  0.0000  0.0000  0.0000  0.0000  0.0000  0.0000  0.0000  0.0000  0.0000  0.0000  0.0000  
H 0.430 E 0.162    2.136   1.150  -0.190   3.031   2.286  -0.390   3.388   2.451  -1.862   4.445   2.096   0.535   4.247   2.719   1.885
Kernel d0: 0.49 sigma: 0.05 SUM:  1089.89 maxCount:  46.82 PSEUDO 200+0.2
0.9891  -0.3306 1.3551  0.0646  0.3549  0.6101  1.3481  0.6661  1.1554  0.3595  -0.1522 1.3887  1.4747  1.2548  1.3540  0.5828  1.2471  0.4415  1.0202  1.0108  
0.4580  0.6819  0.5113  0.4127  -0.0132 1.1305  0.5042  1.3521  0.3466  -0.6777 -1.5135 0.5470  0.6539  0.4197  0.5101  0.9217  -0.2857 0.2043  -0.4152 -0.3106 
0.0324  -1.1975 -0.2494 0.9333  -1.3395 -0.1829 -1.5260 -1.4396 -0.1151 -1.5164 -1.3831 0.0933  1.2174  0.9432  -1.4100 -0.1974 -1.3561 -0.7530 -0.3673 -0.3971 
-0.2204 -0.4783 1.2013  1.0785  -0.3185 0.1882  1.1932  -0.2768 0.9808  -0.2759 0.5437  1.2402  1.3431  1.0881  1.1999  0.0886  0.1087  -0.1915 0.1389  0.8615  
0.3798  -0.3760 1.2356  1.1152  0.6447  -0.1502 1.2277  0.5993  0.3568  0.7522  1.3107  1.1402  1.3731  1.1247  1.2343  0.7375  0.1465  0.6799  1.3181  1.5923  
0.5514  0.0392  0.9251  0.7962  0.8306  0.5722  0.9163  -0.2051 0.7006  0.1706  -0.2003 0.2973  1.0876  -0.6108 0.9236  0.8280  -0.4094 0.3625  1.0205  1.3906  
-0.1037 -0.8771 -0.5617 0.7307  -0.2143 -0.1990 0.8490  -1.0838 0.6380  -1.1398 0.2556  0.9008  1.0215  0.7402  -1.3251 -0.8701 -0.5111 -0.6755 -0.4102 -0.1880 
0.9432  1.4216  1.3029  1.1882  1.1211  1.6835  1.2955  1.3206  1.0945  1.0533  1.3732  1.3385  1.4309  1.1974  1.3017  1.5961  0.6537  1.1850  1.3801  1.6284  
-0.2987 -0.6194 1.1571  -0.2808 -0.8486 0.6905  1.1488  -1.2661 0.9333  -0.9348 -0.9487 0.0833  1.3039  -0.2142 0.3483  -0.1610 -0.9066 -0.9179 1.2447  0.5319  
0.5689  0.1376  1.5386  0.4943  0.6991  0.9139  1.5335  0.4971  0.1873  0.4306  0.8291  1.5626  1.6222  0.4017  0.6920  0.9742  0.2826  0.9196  0.8298  1.7315  
0.9531  1.0376  0.8440  0.7175  -0.0341 0.4873  0.8353  0.9658  0.6255  0.9993  -0.0800 0.8869  1.0078  0.7269  0.8425  1.2673  1.2891  0.0827  0.9395  1.3263  
-0.2378 -1.4729 0.9742  0.8448  -1.7173 0.1959  0.9654  -2.1338 0.7476  -1.5323 -1.4057 1.0171  1.1349  -1.4293 -1.1356 -0.7598 -1.0400 -1.4710 -1.4989 -1.0469 
1.4454  0.9567  0.7638  0.6414  1.3766  1.3749  0.7553  1.5436  0.5541  1.5580  0.8492  0.8060  0.9265  0.6504  0.7624  1.1943  1.2173  1.6098  0.8582  1.2571  
-0.0744 -0.1561 1.0549  -0.4631 0.0030  0.7818  -0.2765 -1.2030 0.2406  -0.7115 -0.4513 1.0969  1.2108  0.5829  -1.0724 0.9883  -0.4483 -0.7005 -0.4514 -0.4710 
0.3076  -0.8255 0.0358  1.1081  -0.7596 0.5486  0.6376  -1.1947 1.0112  -0.6201 -0.3400 1.2672  1.3674  -0.7032 1.2277  1.4416  -1.0959 -0.6262 0.1899  0.4142  
-0.0798 -0.1886 1.0892  0.9611  -0.6793 0.6516  1.0806  -0.4601 0.8623  -0.6731 0.1643  1.1306  1.2424  0.9710  1.0877  0.5005  -0.1594 -0.0024 -0.4470 1.1482  
0.3182  0.1040  1.0877  0.9596  0.1028  -0.5071 -0.2195 0.0374  0.8607  0.4703  0.5722  0.0086  1.2410  -0.5461 -0.3763 0.5148  -0.0281 -0.0021 0.3813  -0.0253 
1.1874  0.8108  1.2735  1.1561  0.9044  0.6852  1.2658  1.5229  1.0609  0.5419  0.1991  1.3102  1.4058  1.1654  1.2722  1.5788  1.5916  1.7694  1.3531  1.5962  
1.5066  -0.8175 0.8553  0.7283  0.4191  1.4434  0.8465  0.8384  0.6358  0.0285  0.0300  0.8983  1.0190  0.7378  0.8538  0.6803  0.1844  0.5589  -0.9419 1.3356  
0.2490  0.1382  0.9562  1.0681  -0.2311 0.0175  1.1834  0.5549  0.9701  -0.1991 0.9775  1.1690  1.3344  -0.4863 1.1901  0.3125  -0.6273 0.2902  1.2770  0.2989  
H 0.430 E 0.162    2.118   1.165   0.199   2.992   2.335   0.198   3.263   2.818   1.618   2.307   3.588  -0.724   2.764   3.468  -2.148
Kernel d0: 0.49 sigma: 0.05 SUM:    16.32 maxCount:   4.46 PSEUDO 200+0.2
0.0000  0.0000  0.0000  0.0000  0.0000  0.0000  0.0000  0.0000  0.0000  0.0000  0.0000  0.0000  0.0000  0.0000  0.0000  0.0000  0.0000  0.0000  0.0000  0.0000  
0.0000  0.0000  0.0000  0.0000  0.0000  0.0000  0.0000  0.0000  0.0000  0.0000  0.0000  0.0000  0.0000  0.0000  0.0000  0.0000  0.0000  0.0000  0.0000  0.0000  
0.0000  0.0000  0.0000  0.0000  0.0000  0.0000  0.0000  0.0000  0.0000  0.0000  0.0000  0.0000  0.0000  0.0000  0.0000  0.0000  0.0000  0.0000  0.0000  0.0000  
0.0000  0.0000  0.0000  0.0000  0.0000  0.0000  0.0000  0.0000  0.0000  0.0000  0.0000  0.0000  0.0000  0.0000  0.0000  0.0000  0.0000  0.0000  0.0000  0.0000  
0.0000  0.0000  0.0000  0.0000  0.0000  0.0000  0.0000  0.0000  0.0000  0.0000  0.0000  0.0000  0.0000  0.0000  0.0000  0.0000  0.0000  0.0000  0.0000  0.0000  
0.0000  0.0000  0.0000  0.0000  0.0000  0.0000  0.0000  0.0000  0.0000  0.0000  0.0000  0.0000  0.0000  0.0000  0.0000  0.0000  0.0000  0.0000  0.0000  0.0000  
0.0000  0.0000  0.0000  0.0000  0.0000  0.0000  0.0000  0.0000  0.0000  0.0000  0.0000  0.0000  0.0000  0.0000  0.0000  0.0000  0.0000  0.0000  0.0000  0.0000  
0.0000  0.0000  0.0000  0.0000  0.0000  0.0000  0.0000  0.0000  0.0000  0.0000  0.0000  0.0000  0.0000  0.0000  0.0000  0.0000  0.0000  0.0000  0.0000  0.0000  
0.0000  0.0000  0.0000  0.0000  0.0000  0.0000  0.0000  0.0000  0.0000  0.0000  0.0000  0.0000  0.0000  0.0000  0.0000  0.0000  0.0000  0.0000  0.0000  0.0000  
0.0000  0.0000  0.0000  0.0000  0.0000  0.0000  0.0000  0.0000  0.0000  0.0000  0.0000  0.0000  0.0000  0.0000  0.0000  0.0000  0.0000  0.0000  0.0000  0.0000  
0.0000  0.0000  0.0000  0.0000  0.0000  0.0000  0.0000  0.0000  0.0000  0.0000  0.0000  0.0000  0.0000  0.0000  0.0000  0.0000  0.0000  0.0000  0.0000  0.0000  
0.0000  0.0000  0.0000  0.0000  0.0000  0.0000  0.0000  0.0000  0.0000  0.0000  0.0000  0.0000  0.0000  0.0000  0.0000  0.0000  0.0000  0.0000  0.0000  0.0000  
0.0000  0.0000  0.0000  0.0000  0.0000  0.0000  0.0000  0.0000  0.0000  0.0000  0.0000  0.0000  0.0000  0.0000  0.0000  0.0000  0.0000  0.0000  0.0000  0.0000  
0.0000  0.0000  0.0000  0.0000  0.0000  0.0000  0.0000  0.0000  0.0000  0.0000  0.0000  0.0000  0.0000  0.0000  0.0000  0.0000  0.0000  0.0000  0.0000  0.0000  
0.0000  0.0000  0.0000  0.0000  0.0000  0.0000  0.0000  0.0000  0.0000  0.0000  0.0000  0.0000  0.0000  0.0000  0.0000  0.0000  0.0000  0.0000  0.0000  0.0000  
0.0000  0.0000  0.0000  0.0000  0.0000  0.0000  0.0000  0.0000  0.0000  0.0000  0.0000  0.0000  0.0000  0.0000  0.0000  0.0000  0.0000  0.0000  0.0000  0.0000  
0.0000  0.0000  0.0000  0.0000  0.0000  0.0000  0.0000  0.0000  0.0000  0.0000  0.0000  0.0000  0.0000  0.0000  0.0000  0.0000  0.0000  0.0000  0.0000  0.0000  
0.0000  0.0000  0.0000  0.0000  0.0000  0.0000  0.0000  0.0000  0.0000  0.0000  0.0000  0.0000  0.0000  0.0000  0.0000  0.0000  0.0000  0.0000  0.0000  0.0000  
0.0000  0.0000  0.0000  0.0000  0.0000  0.0000  0.0000  0.0000  0.0000  0.0000  0.0000  0.0000  0.0000  0.0000  0.0000  0.0000  0.0000  0.0000  0.0000  0.0000  
0.0000  0.0000  0.0000  0.0000  0.0000  0.0000  0.0000  0.0000  0.0000  0.0000  0.0000  0.0000  0.0000  0.0000  0.0000  0.0000  0.0000  0.0000  0.0000  0.0000  
H 0.430 E 0.162    2.112   1.180   0.260   3.040   2.301   0.142   4.151   1.991  -0.854   3.707   2.681   1.659   2.845   3.700   2.343
Kernel d0: 0.49 sigma: 0.05 SUM:   914.54 maxCount:  40.84 PSEUDO 200+0.2
0.8462  -0.1945 1.2168  -0.0502 0.1877  0.3979  1.2100  0.4539  1.0262  0.3250  -0.0056 1.2491  1.3324  1.1206  1.2156  0.4615  1.2916  0.3149  0.6757  1.4596  
1.0666  0.5877  0.4352  0.3486  -0.2487 1.0026  0.4289  1.2139  0.2912  -0.6899 -1.4948 0.4668  0.5625  0.3547  0.4342  0.8072  0.8306  0.1108  -0.4993 -0.4664 
0.2264  -1.0499 0.6588  0.8180  -1.6093 0.0887  -1.4708 -1.4504 -0.2033 -1.4005 -1.1772 -0.0135 1.0850  0.8272  -0.8013 0.6891  -1.3654 -0.8798 -0.5166 -0.5251 
-0.1351 -0.3824 1.0697  0.9536  -0.4136 0.8358  1.0620  -0.3794 0.8621  -0.3432 0.8078  1.1067  1.2052  0.9626  1.0684  0.3250  0.0730  -0.2877 0.4581  0.6448  
0.7391  -0.7379 1.1024  0.9881  0.0184  0.5781  1.0948  0.6421  0.3092  0.7055  1.1741  -0.0036 1.2341  0.9971  1.1011  0.6189  0.2981  0.5895  1.1812  1.4469  
0.3741  -0.0487 0.8103  0.6916  0.8310  0.5915  0.8022  -0.1543 0.6047  0.4962  0.0962  0.1811  0.9622  -0.7234 0.8089  0.8823  -0.3427 0.3208  0.8992  1.2509  
0.0585  -0.5398 0.1494  0.6319  -0.6657 0.1339  0.7401  -1.0333 0.5482  -1.1915 0.4178  0.7878  0.9001  0.6406  -1.1788 -0.8246 -0.4635 -0.8424 0.7842  0.3432  
1.4821  0.3608  1.1667  1.0573  0.9334  1.5364  1.1595  1.2707  0.9686  1.2972  1.2341  1.2008  1.2898  1.0660  1.1655  1.4507  0.7198  1.0538  1.2408  1.4823  
-0.2134 -0.7047 1.0278  0.8011  -0.9237 0.7272  1.0199  -1.2908 0.8179  -0.6983 -0.4925 -0.1392 1.1676  -0.3902 0.8783  0.5513  -0.5883 -0.9601 1.1110  0.1949  
0.6992  -0.0685 1.3944  0.4508  0.4900  0.6629  1.3895  0.3434  0.1891  0.3722  0.6863  1.4179  1.4763  1.0614  0.5760  0.7994  0.2003  0.7917  0.8148  1.2864  
1.0001  0.9152  0.7355  0.6199  -0.1564 0.3134  0.7275  0.5354  0.5369  1.1117  -0.5488 0.7751  0.8873  0.6285  0.7341  1.1326  1.1534  -0.0507 0.8238  1.1891  
-0.2911 -1.4832 0.8560  0.7362  -1.9492 0.4688  0.8478  -2.1379 0.6473  -1.5428 -1.0224 0.8960  1.0068  -1.1422 -0.4861 -0.4974 -0.9475 -1.4543 -1.5132 -1.1963 
1.3040  0.8397  0.6621  0.5512  1.2374  1.2358  0.6543  1.3994  0.4732  1.4134  0.7403  0.7006  0.8117  0.5594  0.6608  1.0630  1.0849  1.4640  0.7485  1.1228  
-0.1917 0.0677  0.9315  -0.4532 -0.1124 0.6327  -0.3752 -1.2223 0.1566  -0.7589 -0.3456 0.9710  1.0788  0.4909  -1.0350 0.8682  -0.5051 -0.7426 -0.4809 -0.5460 
0.5040  -0.9164 0.2354  0.9815  -0.7684 0.7337  0.2701  -1.2468 0.8905  -0.5712 -0.2878 1.1325  1.2286  -0.2808 1.0948  1.3090  -0.8530 -0.6697 0.8854  -0.0906 
0.0290  0.2667  0.9636  0.8438  -0.7411 0.5496  0.9556  -0.2911 0.7523  -0.3656 0.0881  1.0027  1.1088  0.8530  0.9623  0.4266  0.2725  0.0391  -0.4290 0.9712  
1.0265  0.2665  0.9622  0.8424  0.2390  -0.1576 0.8103  0.4191  0.7509  0.5234  0.4813  1.0014  1.1075  -0.4838 0.0985  1.2860  0.4196  -0.0018 0.3487  0.0208  
1.1885  0.6871  1.1385  1.0268  0.6417  0.7118  1.1312  1.5052  0.9370  0.6874  0.0714  1.1736  1.2656  1.0356  1.1373  1.4337  1.4462  1.6213  1.2148  1.3290  
1.3633  -0.8802 0.7459  0.6298  0.2744  1.3019  0.7378  1.1684  0.5462  -0.0314 0.0062  -0.5658 0.8978  0.6384  0.7445  0.6052  1.1184  0.4958  -1.0811 1.1980  
0.5280  0.0329  1.0469  0.9438  -0.3510 0.8517  1.0527  0.3816  0.8522  -0.3181 0.5940  -0.0739 1.1969  0.9115  1.0591  0.2552  -0.4715 0.2542  1.1419  0.1722  
H 0.430 E 0.162    1.782   1.352   0.924   2.620   2.530   1.125   4.033   2.294   0.606   2.666   2.951   2.772   1.554   3.912   3.073
Kernel d0: 0.49 sigma: 0.05 SUM:   360.40 maxCount:  11.06 PSEUDO 200+0.2
0.4554  -0.1009 0.5921  0.0866  -0.0651 0.1097  0.5873  0.0535  0.4644  0.0695  0.5715  0.6153  0.6774  0.5257  0.5913  0.2726  0.8046  0.1856  0.1094  0.8186  
0.5035  0.2245  0.1566  0.1212  -0.6589 0.4496  0.1540  0.5900  0.0990  -0.1776 -0.1899 0.1701  0.2128  0.1237  0.1562  0.3358  0.3486  0.1307  -0.5699 -0.7790 
0.5482  -0.4223 0.4104  0.3417  -1.8032 -0.0709 -1.1175 -1.2847 -0.0714 -0.8991 -1.0023 0.0947  0.5021  0.3467  -0.0874 0.6522  -1.2771 -0.6192 -0.7996 -0.7724 
-0.1825 -0.2661 0.4921  0.4196  -0.3511 0.7956  0.4872  -0.2283 0.3663  -0.3841 0.5410  0.5164  0.5839  0.4251  0.4913  0.5127  0.3872  -0.2159 0.5460  0.0649  
0.8129  -0.7599 0.5135  0.4407  -0.5288 0.6165  0.5086  0.3327  0.3224  0.4198  0.5621  -0.4846 0.6044  0.4462  0.5127  0.5749  -0.0362 0.2038  0.5671  0.7683  
-0.0134 0.1507  0.3375  0.2751  0.6433  0.6565  0.3330  -0.0425 0.2325  0.7474  0.3536  -0.1349 0.4248  -0.8324 0.3367  0.5589  0.3161  0.0335  0.3875  0.6166  
-0.1109 0.2549  0.3042  0.2456  -1.0312 0.1423  0.3000  -0.5181 0.2062  -0.8253 0.3473  0.3253  0.3881  0.2498  0.1413  0.0112  -0.0869 -0.7680 0.3520  0.4379  
0.8700  -0.2181 0.5570  0.4841  0.5376  0.8441  0.5521  0.8968  0.4287  0.9085  0.6045  0.5808  0.6453  0.4897  0.5561  0.7714  0.5768  0.6361  0.6093  0.7977  
0.1787  -0.5878 0.4654  0.3937  -1.0378 0.7336  0.4604  -0.9366 0.3416  -0.0816 0.3064  -0.5990 0.5576  -0.5547 0.4645  0.6422  0.2964  -0.7942 0.5193  -0.2417 
0.6170  0.0108  0.7259  0.6123  0.0473  0.1767  0.7219  0.1974  0.4476  0.2185  0.2892  0.7447  0.7927  0.6588  0.5511  0.4175  0.2750  0.3708  0.7478  0.4982  
0.6512  0.3969  0.2976  0.2398  -0.1356 -0.2141 0.2934  0.0608  0.2011  0.7672  -0.8465 0.3184  0.3807  0.2439  0.2968  0.5337  0.5479  -0.1329 0.3449  0.5726  
0.2763  -1.1769 0.3628  0.2979  -1.9396 0.0264  0.3582  -1.1311 0.2531  -1.1364 0.0817  0.3857  0.4522  -0.6408 0.2730  0.3371  -0.3249 -0.7829 -1.4907 -1.1322 
0.6559  0.3537  0.2603  0.2076  0.6069  0.6057  0.2565  0.7298  0.1728  0.7410  0.3001  0.2797  0.3382  0.2113  0.2597  0.4879  0.5021  0.7825  0.3044  0.5272  
-0.0566 0.1324  0.4064  0.2546  -0.0941 0.1370  0.0719  -0.8703 0.2278  -0.5389 -0.3817 0.4302  0.4980  0.2705  -0.7153 0.5898  -0.1663 -0.6790 -0.8550 -0.3611 
0.6787  -0.7435 0.4650  0.4366  -0.4121 0.2707  0.0086  -0.9686 0.3825  -0.4912 0.0509  0.5337  0.6005  0.3590  0.5086  0.7285  0.2605  -0.3710 0.5630  -0.4483 
-0.1545 0.5145  0.4257  0.3560  -1.0450 0.3083  0.4209  -0.2491 0.3063  -0.1779 -0.1983 0.4497  0.5178  0.3612  0.4249  0.5649  0.1884  -0.1481 -0.5563 0.3625  
0.5809  0.5339  0.4249  0.3552  -0.2582 -0.2666 0.4200  0.1736  0.3056  0.3017  0.3869  0.4488  0.5169  -0.1114 0.4240  0.6654  0.6637  0.0686  0.4348  -0.2344 
0.8611  0.5002  0.5377  0.4647  0.2634  0.3497  0.5328  0.8971  0.4098  0.7070  -0.1603 0.5618  0.6274  0.4703  0.5369  0.7575  0.7677  0.9200  0.5907  0.6592  
0.7013  -0.5631 0.3030  0.2445  0.1322  0.6544  0.2988  0.7688  0.2053  0.2564  0.2750  -0.8878 0.3867  0.2487  0.3023  0.1083  0.5542  0.6828  -1.3324 0.5788  
0.2567  -0.0001 0.4861  0.4138  -0.8394 0.6186  0.4812  0.2578  0.3607  -0.2985 0.0708  -0.5391 0.5780  0.4192  0.4853  0.2041  -0.3091 0.0644  0.5400  -0.1795 
H 0.430 E 0.162    2.056   1.207   0.483   2.922   2.379   0.575   3.772   2.534  -0.681   3.922   2.272   1.946   3.235   2.911   3.116
Kernel d0: 0.49 sigma: 0.05 SUM:  1082.84 maxCount:  46.05 PSEUDO 200+0.2
0.9779  -0.1483 1.3499  0.0599  0.2589  0.5832  1.3429  0.5737  1.1506  0.2966  -0.1424 1.3834  1.4694  1.2497  1.3488  0.5731  1.2493  0.3973  0.8079  1.3071  
0.8117  0.6783  0.5084  0.4102  -0.1357 1.1257  0.5013  1.3469  0.3445  -0.6789 -1.5073 0.5439  0.6504  0.4172  0.5072  0.9173  0.7737  0.1999  -0.4356 -0.3673 
0.1616  -1.1004 -0.1463 0.9289  -1.4821 -0.1192 -1.5320 -1.4614 -0.1209 -1.5035 -1.3497 0.0890  1.2124  0.9388  -1.1849 -0.0085 -1.3464 -0.8087 -0.4079 -0.5444 
-0.1468 -0.4718 1.1963  1.0737  -0.3276 0.3724  1.1883  -0.2993 0.9763  -0.2923 0.5581  1.2352  1.3379  1.0833  1.1950  0.3209  0.1120  -0.2044 0.1767  0.7797  
0.4555  -0.5371 1.2306  1.1104  0.2154  0.0203  1.2227  0.7006  0.3525  0.6648  1.3055  0.4348  1.3679  1.1198  1.2293  0.7331  0.1482  0.6496  1.3130  1.5868  
0.2918  0.0339  0.9207  0.7922  0.8317  0.5722  0.9119  -0.1436 0.6969  0.1949  -0.1246 0.2834  1.0829  -0.6402 0.9192  0.8217  -0.4082 0.3675  1.0159  1.3853  
0.1127  -0.8252 -0.5299 0.7269  -0.5732 0.1890  0.8448  -1.0739 0.6346  -1.1580 0.2774  0.8965  1.0169  0.7364  -1.2951 -0.8710 -0.5289 -0.7526 0.2632  0.2078  
1.2384  0.9214  1.2978  1.1833  1.0907  1.6779  1.2904  1.3214  1.0897  1.0941  1.3679  1.3334  1.4256  1.1924  1.2965  1.5906  0.6783  1.1699  1.3749  1.6229  
-0.2387 -0.6288 1.1522  -0.1084 -0.9217 0.6886  1.1440  -1.2919 0.9289  -0.9082 -0.8208 0.0937  1.2988  -0.2799 0.4263  0.1794  -0.7470 -0.9289 1.2397  0.3393  
0.6391  0.0619  1.5332  0.4933  0.6195  0.9111  1.5281  0.4349  0.1876  0.4140  0.8122  1.5572  1.6168  0.9474  0.6867  0.9270  0.2785  0.8259  0.8328  1.5868  
0.9553  1.0330  0.8399  0.7137  -0.0430 0.4409  0.8311  0.6638  0.6221  1.0016  -0.4544 0.8827  1.0032  0.7231  0.8384  1.2622  1.2840  0.0666  0.9351  1.3212  
-0.2397 -1.5037 0.9697  0.8406  -1.8553 0.2535  0.9610  -2.1228 0.7438  -1.5180 -1.1129 1.0125  1.1301  -1.3848 -0.9758 -0.5523 -1.0198 -1.4664 -1.4978 -1.1028 
1.4401  0.9522  0.7599  0.6379  1.3713  1.3697  0.7514  1.5382  0.5510  1.5525  0.8451  0.8020  0.9221  0.6469  0.7585  1.1894  1.2123  1.6043  0.8540  1.2520  
-0.0923 -0.1456 1.0502  -0.4614 -0.1436 0.7613  -0.2774 -1.2106 0.2406  -0.7471 -0.2746 1.0922  1.2059  0.5763  -0.9496 0.9836  -0.4510 -0.7462 -0.4626 -0.4843 
0.3333  -0.8380 0.0359  1.1033  -0.8224 0.5958  0.4262  -1.2178 1.0066  -0.6467 -0.3273 1.2621  1.3622  -0.5937 1.2227  1.4364  -1.0130 -0.6576 0.2707  0.1062  
0.0912  -0.1556 1.0844  0.9567  -0.7826 0.5758  1.0759  -0.4580 0.8581  -0.6089 0.1258  1.1258  1.2374  0.9666  1.0830  0.4967  0.0985  0.0252  -0.4436 1.1055  
0.6675  0.1169  1.0829  0.9551  0.2178  -0.2646 -0.0083 0.1480  0.8565  0.6061  0.5673  1.0416  1.2360  -0.4187 -0.3403 0.8614  0.0535  -0.0222 0.3790  0.1148  
1.1908  0.8047  1.2684  1.1512  0.7113  0.7116  1.2608  1.5247  1.0562  0.5579  0.1872  1.3050  1.4005  1.1605  1.2671  1.5733  1.5861  1.7638  1.3479  1.4872  
1.5012  -0.8265 0.8511  0.7245  0.3985  1.4381  0.8424  0.9141  0.6323  0.0384  0.0277  0.4579  1.0144  0.7340  0.8496  0.7269  0.5607  0.5552  -0.9870 1.3304  
0.2830  0.1195  1.0130  1.0633  -0.4060 0.4644  1.1784  0.4717  0.9656  -0.2893 0.7235  0.5989  1.3293  0.4522  1.1852  0.2205  -0.5324 0.2581  1.2719  0.2293  
H 0.430 E 0.162    2.129   1.166   0.243   2.983   2.345   0.350   4.314   2.125  -0.359   3.251   2.736   1.983   2.188   3.686   2.450
Kernel d0: 0.49 sigma: 0.05 SUM:   643.82 maxCount:  24.28 PSEUDO 200+0.2
0.6297  -0.1330 0.9574  -0.1217 0.0545  0.2088  0.9513  0.2501  0.7879  0.2343  0.5425  0.9868  1.0634  0.8710  0.9564  0.3608  1.1800  0.2777  0.4260  1.2217  
0.8414  0.4238  0.3063  0.2419  -0.4484 0.7674  0.3016  0.9548  0.2001  -0.4212 -1.1656 0.3303  0.4040  0.2464  0.3055  0.6013  0.6208  0.0552  -0.5914 -0.6378 
0.4561  -1.0226 0.7118  0.6103  -1.7785 -0.0017 -1.5045 -1.3995 -0.3036 -1.2322 -1.1827 -0.1092 0.8395  0.6180  -0.4365 0.9759  -1.4297 -0.7837 -0.7079 -0.6741 
-0.2105 -0.3393 0.8260  0.7250  -0.3980 1.0822  0.8192  -0.3547 0.6472  -0.3907 0.8589  0.8587  0.9469  0.7328  0.8248  0.2041  0.1123  -0.3233 0.8258  0.3864  
1.0325  -0.7720 0.8548  0.7548  -0.2385 0.7119  0.8482  0.5429  0.4214  0.6914  0.9189  -0.2281 0.9731  0.7626  0.8537  0.6665  0.2537  0.4616  0.9253  1.1707  
0.2983  -0.0348 0.6039  0.5066  0.8870  0.8231  0.5972  -0.1835 0.4371  0.9421  0.4209  0.0042  0.7324  -0.8563 0.6028  0.8718  -0.1997 0.1354  0.6786  0.9885  
-0.0651 0.1886  0.4939  0.4588  -0.7892 0.2109  0.5460  -1.0017 0.3929  -1.0674 0.5572  0.5853  0.6794  0.4656  -0.6180 -0.5701 -0.1104 -0.8711 0.6258  0.4368  
1.2846  0.1101  0.9122  0.8151  0.8910  1.2561  0.9058  1.2467  0.7380  1.2815  0.9732  0.9430  1.0241  0.8227  0.9111  1.1742  0.5816  0.9120  0.9793  1.2043  
-0.0231 -0.7199 0.7893  0.6876  -0.9680 0.8352  0.7824  -1.2041 0.6102  -0.3724 -0.2345 -0.3521 0.9130  -0.5707 0.7881  0.7627  -0.1349 -0.9575 0.8625  -0.0363 
0.7837  -0.1437 1.1213  0.6599  0.3003  0.4039  1.1166  0.2235  0.3238  0.2797  0.4546  1.1433  1.1986  0.9992  0.4351  0.6337  0.1749  0.6339  0.9845  0.9062  
0.9708  0.6922  0.5422  0.4492  -0.3006 0.0738  0.5357  0.3726  0.3841  1.1177  -0.7161 0.5747  0.6685  0.4560  0.5411  0.8817  0.9003  -0.1693 0.6151  0.9324  
-0.0338 -1.3060 0.6421  0.5428  -2.0382 0.2695  0.6352  -1.8906 0.4710  -1.4709 -0.6286 0.6759  0.7710  -1.0343 0.0916  0.0169  -0.7235 -1.2811 -1.6234 -1.2432 
1.0371  0.6284  0.4828  0.3952  0.9761  0.9747  0.4766  1.1259  0.3351  1.1390  0.5462  0.5139  0.6050  0.4016  0.4818  0.8201  0.8394  1.1869  0.5529  0.8730  
-0.1853 0.2506  0.7061  0.0555  0.0213  0.4013  -0.3930 -1.1690 0.1051  -0.6851 -0.4803 0.7400  0.8340  0.3675  -1.0690 0.7404  -0.5275 -0.7122 -0.6762 -0.5453 
0.6849  -0.8832 0.5543  0.7491  -0.5539 0.5940  0.2595  -1.1611 0.6712  -0.5185 -0.1518 0.8816  0.9681  0.0934  0.8482  1.0895  -0.4776 -0.5834 0.9201  -0.2210 
-0.0457 0.7282  0.7337  0.6319  -0.8623 0.5708  0.7267  -0.2610 0.5560  -0.2073 0.0165  0.7675  0.8606  0.6396  0.7325  0.5605  0.1890  -0.0481 -0.4414 0.7115  
0.8590  0.6439  0.7324  0.6307  0.0030  -0.1622 0.7255  0.4084  0.5548  0.4024  0.4332  0.7663  0.8594  -0.5242 0.5446  1.0488  0.7989  0.0351  0.5671  -0.0915 
1.1755  0.5007  0.8870  0.7884  0.5884  0.6368  0.8805  1.3069  0.7108  0.7985  -0.1128 0.9184  1.0019  0.7961  0.8859  1.1582  1.1700  1.3384  0.9557  1.0550  
1.0921  -0.8239 0.5507  0.4570  0.0516  1.0353  0.5441  1.1455  0.3913  0.0237  0.2415  -0.7534 0.6774  0.4639  0.5496  0.3865  0.9086  0.6532  -1.2308 0.9404  
0.4596  0.1727  0.8178  0.7166  -0.5365 0.8577  0.8110  0.2873  0.6389  -0.3056 0.3602  -0.2976 0.9394  0.7244  0.8166  0.3457  -0.4077 0.2273  0.8900  -0.0121 
H 0.430 E 0.162    1.950   1.249   0.707   2.764   2.446   0.901   4.068   2.356   0.117   3.092   2.678   2.553   2.017   3.529   3.162
Kernel d0: 0.49 sigma: 0.05 SUM:   668.76 maxCount:  24.07 PSEUDO 200+0.2
0.6349  -0.1144 0.9843  -0.1201 0.0454  0.2221  0.9781  0.2562  0.8123  0.2304  0.4481  1.0140  1.0914  0.8967  0.9832  0.3219  1.1923  0.2667  0.4520  1.2473  
0.8666  0.4399  0.3188  0.2521  -0.4284 0.7914  0.3139  0.9816  0.2088  -0.4792 -1.1321 0.3436  0.4196  0.2568  0.3180  0.6220  0.6420  0.0830  -0.5880 -0.6224 
0.3517  -1.0347 0.6969  0.6312  -1.7747 0.0243  -1.4906 -1.4170 -0.2833 -1.3023 -1.1861 -0.0907 0.8647  0.6391  -0.5345 0.9472  -1.3620 -0.7881 -0.6873 -0.6551 
-0.1910 -0.3206 0.8510  0.7483  -0.4287 1.0179  0.8441  -0.3500 0.6690  -0.3957 0.8563  0.8842  0.9736  0.7562  0.8498  0.3100  0.2162  -0.3169 0.8285  0.4144  
0.9201  -0.7272 0.8803  0.7786  -0.2145 0.6259  0.8735  0.5673  0.3043  0.6820  0.9452  -0.1927 1.0001  0.7865  0.8791  0.5912  0.2432  0.4797  0.9517  1.1996  
0.2895  -0.0259 0.6247  0.5250  0.8771  0.7839  0.6178  -0.1573 0.4537  0.7885  0.3975  0.0204  0.7558  -0.8403 0.6235  0.7872  -0.1464 0.1466  0.7009  1.0157  
-0.0694 -0.0755 0.4402  0.4759  -0.7710 0.1137  0.5654  -0.9837 0.4081  -1.0835 0.5787  0.6056  0.7018  0.4830  -0.4613 -0.6591 -0.1787 -0.9027 0.6471  0.4128  
1.3015  0.1411  0.9385  0.8399  0.8706  1.2855  0.9320  1.2667  0.7615  1.2945  1.0002  0.9696  1.0517  0.8477  0.9374  1.2031  0.6000  0.9232  1.0064  1.2333  
0.0071  -0.6934 0.8137  0.7101  -0.9772 0.7657  0.8067  -1.2301 0.6312  -0.4434 -0.1931 -0.3298 0.9393  -0.5345 0.7941  0.7273  -0.1071 -0.9856 0.8881  -0.0112 
0.7123  -0.1163 1.1497  0.6429  0.3090  0.4525  1.1451  0.2452  0.2447  0.2788  0.4658  1.1720  1.2276  0.9853  0.4790  0.6933  0.1934  0.6446  1.0024  0.9415  
0.8874  0.7149  0.5616  0.4661  -0.3026 0.0978  0.5549  0.3978  0.3991  1.0924  -0.7011 0.5948  0.6907  0.4731  0.5604  0.9076  0.9264  -0.1790 0.6361  0.9589  
-0.1123 -1.2841 0.6637  0.5622  -2.0183 0.2946  0.6567  -1.8563 0.4885  -1.4413 -0.5788 0.6982  0.7951  -1.0055 -0.1277 -0.1394 -0.6962 -1.2672 -1.6194 -1.2344 
1.0648  0.6497  0.5006  0.4105  1.0032  1.0018  0.4942  1.1544  0.3485  1.1676  0.5656  0.5325  0.6258  0.4171  0.4996  0.8451  0.8647  1.2159  0.5725  0.8987  
-0.1949 0.2491  0.7290  -0.0039 0.0157  0.4063  -0.3023 -1.1986 0.1921  -0.7131 -0.4292 0.7635  0.8591  0.3514  -1.0563 0.7495  -0.5472 -0.6918 -0.6561 -0.5956 
0.6816  -0.9212 0.4258  0.7728  -0.5519 0.6193  0.2816  -1.1461 0.6934  -0.5248 -0.1372 0.9074  0.9951  0.1650  0.8735  1.1044  -0.4562 -0.5598 0.9087  -0.1745 
-0.0896 0.6568  0.7571  0.6533  -0.8466 0.4598  0.7500  -0.2812 0.5757  -0.2815 0.0219  0.7915  0.8861  0.6612  0.7559  0.4852  0.2248  -0.0538 -0.4855 0.7386  
0.8447  0.6605  0.7558  0.6521  0.0312  -0.1778 0.7488  0.3831  0.5745  0.4169  0.3956  0.7903  0.8849  -0.5260 0.4133  1.0767  0.8082  0.0264  0.4875  -0.1331 
1.2010  0.5441  0.9129  0.8128  0.5377  0.6571  0.9063  1.3289  0.7338  0.7783  -0.1051 0.9448  1.0292  0.8206  0.9118  1.1870  1.1989  1.3681  0.9825  1.0838  
1.1203  -0.8945 0.5703  0.4741  0.1077  1.0630  0.5635  1.1751  0.4065  -0.0510 0.1448  -0.6973 0.6998  0.4812  0.5691  0.3985  0.9348  0.5723  -1.2209 0.9671  
0.4796  0.0951  0.8427  0.7397  -0.5180 0.7951  0.8358  0.2785  0.6604  -0.3129 0.3846  -0.2540 0.9660  0.7477  0.8415  0.3706  -0.3856 0.2478  0.9160  -0.0106 
H 0.430 E 0.162    2.158   1.133   0.025   3.040   2.277  -0.191   3.652   2.754   1.122   2.191   3.549  -0.934   2.296   3.416  -2.424
Kernel d0: 0.49 sigma: 0.05 SUM:    13.75 maxCount:   4.03 PSEUDO 200+0.2
0.0000  0.0000  0.0000  0.0000  0.0000  0.0000  0.0000  0.0000  0.0000  0.0000  0.0000  0.0000  0.0000  0.0000  0.0000  0.0000  0.0000  0.0000  0.0000  0.0000  
0.0000  0.0000  0.0000  0.0000  0.0000  0.0000  0.0000  0.0000  0.0000  0.0000  0.0000  0.0000  0.0000  0.0000  0.0000  0.0000  0.0000  0.0000  0.0000  0.0000  
0.0000  0.0000  0.0000  0.0000  0.0000  0.0000  0.0000  0.0000  0.0000  0.0000  0.0000  0.0000  0.0000  0.0000  0.0000  0.0000  0.0000  0.0000  0.0000  0.0000  
0.0000  0.0000  0.0000  0.0000  0.0000  0.0000  0.0000  0.0000  0.0000  0.0000  0.0000  0.0000  0.0000  0.0000  0.0000  0.0000  0.0000  0.0000  0.0000  0.0000  
0.0000  0.0000  0.0000  0.0000  0.0000  0.0000  0.0000  0.0000  0.0000  0.0000  0.0000  0.0000  0.0000  0.0000  0.0000  0.0000  0.0000  0.0000  0.0000  0.0000  
0.0000  0.0000  0.0000  0.0000  0.0000  0.0000  0.0000  0.0000  0.0000  0.0000  0.0000  0.0000  0.0000  0.0000  0.0000  0.0000  0.0000  0.0000  0.0000  0.0000  
0.0000  0.0000  0.0000  0.0000  0.0000  0.0000  0.0000  0.0000  0.0000  0.0000  0.0000  0.0000  0.0000  0.0000  0.0000  0.0000  0.0000  0.0000  0.0000  0.0000  
0.0000  0.0000  0.0000  0.0000  0.0000  0.0000  0.0000  0.0000  0.0000  0.0000  0.0000  0.0000  0.0000  0.0000  0.0000  0.0000  0.0000  0.0000  0.0000  0.0000  
0.0000  0.0000  0.0000  0.0000  0.0000  0.0000  0.0000  0.0000  0.0000  0.0000  0.0000  0.0000  0.0000  0.0000  0.0000  0.0000  0.0000  0.0000  0.0000  0.0000  
0.0000  0.0000  0.0000  0.0000  0.0000  0.0000  0.0000  0.0000  0.0000  0.0000  0.0000  0.0000  0.0000  0.0000  0.0000  0.0000  0.0000  0.0000  0.0000  0.0000  
0.0000  0.0000  0.0000  0.0000  0.0000  0.0000  0.0000  0.0000  0.0000  0.0000  0.0000  0.0000  0.0000  0.0000  0.0000  0.0000  0.0000  0.0000  0.0000  0.0000  
0.0000  0.0000  0.0000  0.0000  0.0000  0.0000  0.0000  0.0000  0.0000  0.0000  0.0000  0.0000  0.0000  0.0000  0.0000  0.0000  0.0000  0.0000  0.0000  0.0000  
0.0000  0.0000  0.0000  0.0000  0.0000  0.0000  0.0000  0.0000  0.0000  0.0000  0.0000  0.0000  0.0000  0.0000  0.0000  0.0000  0.0000  0.0000  0.0000  0.0000  
0.0000  0.0000  0.0000  0.0000  0.0000  0.0000  0.0000  0.0000  0.0000  0.0000  0.0000  0.0000  0.0000  0.0000  0.0000  0.0000  0.0000  0.0000  0.0000  0.0000  
0.0000  0.0000  0.0000  0.0000  0.0000  0.0000  0.0000  0.0000  0.0000  0.0000  0.0000  0.0000  0.0000  0.0000  0.0000  0.0000  0.0000  0.0000  0.0000  0.0000  
0.0000  0.0000  0.0000  0.0000  0.0000  0.0000  0.0000  0.0000  0.0000  0.0000  0.0000  0.0000  0.0000  0.0000  0.0000  0.0000  0.0000  0.0000  0.0000  0.0000  
0.0000  0.0000  0.0000  0.0000  0.0000  0.0000  0.0000  0.0000  0.0000  0.0000  0.0000  0.0000  0.0000  0.0000  0.0000  0.0000  0.0000  0.0000  0.0000  0.0000  
0.0000  0.0000  0.0000  0.0000  0.0000  0.0000  0.0000  0.0000  0.0000  0.0000  0.0000  0.0000  0.0000  0.0000  0.0000  0.0000  0.0000  0.0000  0.0000  0.0000  
0.0000  0.0000  0.0000  0.0000  0.0000  0.0000  0.0000  0.0000  0.0000  0.0000  0.0000  0.0000  0.0000  0.0000  0.0000  0.0000  0.0000  0.0000  0.0000  0.0000  
0.0000  0.0000  0.0000  0.0000  0.0000  0.0000  0.0000  0.0000  0.0000  0.0000  0.0000  0.0000  0.0000  0.0000  0.0000  0.0000  0.0000  0.0000  0.0000  0.0000  
H 0.430 E 0.162    2.115   1.141   0.257   3.011   2.294   0.231   4.012   2.238   1.379   2.120   3.740   0.305   1.787   4.194  -1.085
Kernel d0: 0.49 sigma: 0.05 SUM:     6.54 maxCount:   1.85 PSEUDO 200+0.2
0.0000  0.0000  0.0000  0.0000  0.0000  0.0000  0.0000  0.0000  0.0000  0.0000  0.0000  0.0000  0.0000  0.0000  0.0000  0.0000  0.0000  0.0000  0.0000  0.0000  
0.0000  0.0000  0.0000  0.0000  0.0000  0.0000  0.0000  0.0000  0.0000  0.0000  0.0000  0.0000  0.0000  0.0000  0.0000  0.0000  0.0000  0.0000  0.0000  0.0000  
0.0000  0.0000  0.0000  0.0000  0.0000  0.0000  0.0000  0.0000  0.0000  0.0000  0.0000  0.0000  0.0000  0.0000  0.0000  0.0000  0.0000  0.0000  0.0000  0.0000  
0.0000  0.0000  0.0000  0.0000  0.0000  0.0000  0.0000  0.0000  0.0000  0.0000  0.0000  0.0000  0.0000  0.0000  0.0000  0.0000  0.0000  0.0000  0.0000  0.0000  
0.0000  0.0000  0.0000  0.0000  0.0000  0.0000  0.0000  0.0000  0.0000  0.0000  0.0000  0.0000  0.0000  0.0000  0.0000  0.0000  0.0000  0.0000  0.0000  0.0000  
0.0000  0.0000  0.0000  0.0000  0.0000  0.0000  0.0000  0.0000  0.0000  0.0000  0.0000  0.0000  0.0000  0.0000  0.0000  0.0000  0.0000  0.0000  0.0000  0.0000  
0.0000  0.0000  0.0000  0.0000  0.0000  0.0000  0.0000  0.0000  0.0000  0.0000  0.0000  0.0000  0.0000  0.0000  0.0000  0.0000  0.0000  0.0000  0.0000  0.0000  
0.0000  0.0000  0.0000  0.0000  0.0000  0.0000  0.0000  0.0000  0.0000  0.0000  0.0000  0.0000  0.0000  0.0000  0.0000  0.0000  0.0000  0.0000  0.0000  0.0000  
0.0000  0.0000  0.0000  0.0000  0.0000  0.0000  0.0000  0.0000  0.0000  0.0000  0.0000  0.0000  0.0000  0.0000  0.0000  0.0000  0.0000  0.0000  0.0000  0.0000  
0.0000  0.0000  0.0000  0.0000  0.0000  0.0000  0.0000  0.0000  0.0000  0.0000  0.0000  0.0000  0.0000  0.0000  0.0000  0.0000  0.0000  0.0000  0.0000  0.0000  
0.0000  0.0000  0.0000  0.0000  0.0000  0.0000  0.0000  0.0000  0.0000  0.0000  0.0000  0.0000  0.0000  0.0000  0.0000  0.0000  0.0000  0.0000  0.0000  0.0000  
0.0000  0.0000  0.0000  0.0000  0.0000  0.0000  0.0000  0.0000  0.0000  0.0000  0.0000  0.0000  0.0000  0.0000  0.0000  0.0000  0.0000  0.0000  0.0000  0.0000  
0.0000  0.0000  0.0000  0.0000  0.0000  0.0000  0.0000  0.0000  0.0000  0.0000  0.0000  0.0000  0.0000  0.0000  0.0000  0.0000  0.0000  0.0000  0.0000  0.0000  
0.0000  0.0000  0.0000  0.0000  0.0000  0.0000  0.0000  0.0000  0.0000  0.0000  0.0000  0.0000  0.0000  0.0000  0.0000  0.0000  0.0000  0.0000  0.0000  0.0000  
0.0000  0.0000  0.0000  0.0000  0.0000  0.0000  0.0000  0.0000  0.0000  0.0000  0.0000  0.0000  0.0000  0.0000  0.0000  0.0000  0.0000  0.0000  0.0000  0.0000  
0.0000  0.0000  0.0000  0.0000  0.0000  0.0000  0.0000  0.0000  0.0000  0.0000  0.0000  0.0000  0.0000  0.0000  0.0000  0.0000  0.0000  0.0000  0.0000  0.0000  
0.0000  0.0000  0.0000  0.0000  0.0000  0.0000  0.0000  0.0000  0.0000  0.0000  0.0000  0.0000  0.0000  0.0000  0.0000  0.0000  0.0000  0.0000  0.0000  0.0000  
0.0000  0.0000  0.0000  0.0000  0.0000  0.0000  0.0000  0.0000  0.0000  0.0000  0.0000  0.0000  0.0000  0.0000  0.0000  0.0000  0.0000  0.0000  0.0000  0.0000  
0.0000  0.0000  0.0000  0.0000  0.0000  0.0000  0.0000  0.0000  0.0000  0.0000  0.0000  0.0000  0.0000  0.0000  0.0000  0.0000  0.0000  0.0000  0.0000  0.0000  
0.0000  0.0000  0.0000  0.0000  0.0000  0.0000  0.0000  0.0000  0.0000  0.0000  0.0000  0.0000  0.0000  0.0000  0.0000  0.0000  0.0000  0.0000  0.0000  0.0000  
H 0.430 E 0.162    2.008   1.162  -0.622   2.902   2.301  -0.804   2.983   2.706  -2.272   4.455   1.938  -0.214   4.544   2.329   1.231
Kernel d0: 0.49 sigma: 0.05 SUM:   971.77 maxCount:  45.31 PSEUDO 200+0.2
0.9717  -0.4023 1.2640  0.0132  0.4185  0.6359  1.2572  0.7500  1.0702  0.3937  -0.2333 1.2967  1.3810  1.1663  1.2629  0.5851  1.1534  0.4465  1.2530  0.9091  
0.3672  0.6193  0.4606  0.3699  -0.1312 1.0461  0.4540  1.2610  0.3096  -0.7267 -1.5382 0.4936  0.5931  0.3763  0.4595  0.8459  -0.4671 0.1565  -0.2315 0.1492  
-0.0599 -1.2263 -0.3212 0.8570  -1.1092 -0.1848 -1.4815 -1.3877 -0.1430 -1.5535 -1.3398 0.0389  1.1301  0.8665  -1.4747 -0.2846 -1.2591 -0.7188 -0.0696 -0.1564 
-0.2323 -0.4615 1.1145  0.9960  -0.3199 0.0956  1.1067  -0.2488 0.9023  -0.2100 0.4613  1.1522  1.2522  1.0052  1.1132  -0.0045 0.0493  -0.1698 0.0577  1.1758  
0.2470  -0.2782 1.1477  1.0313  0.8714  -0.2375 1.1401  0.6480  0.2939  0.7467  1.2207  1.1846  1.2815  1.0404  1.1465  0.6639  0.2906  0.8294  1.2279  1.4967  
0.6148  -0.0074 0.8491  0.7269  0.7474  0.4851  0.8408  -0.1905 0.6369  0.0829  -0.2698 0.3830  1.0048  -0.3763 0.8477  0.7607  -0.4781 0.3956  0.9403  1.2986  
-0.1321 -0.9367 -0.6202 0.6651  0.0765  -0.3548 0.7768  -1.1152 0.5783  -1.1101 0.1859  0.8260  0.9413  0.6741  -1.3806 -0.9346 -0.4759 -0.5404 -0.4871 -0.2706 
0.8078  1.3588  1.2131  1.1019  1.0303  1.5868  1.2059  1.2253  1.0114  0.9582  1.2816  1.2478  1.3380  1.1107  1.2119  1.5004  0.5741  1.1930  1.2884  1.5323  
-0.4124 -0.5742 1.0718  -0.3528 -0.6862 0.6055  1.0638  -1.2434 0.8569  -0.9919 -1.0261 -0.0680 1.2141  0.1352  0.2731  -0.2543 -0.9967 -0.8835 1.1566  0.8219  
0.4770  0.0914  1.4438  0.4086  0.8967  0.8577  1.4387  0.5306  0.1104  0.4493  0.8509  1.4674  1.5263  0.2849  0.6171  1.0894  0.2721  0.9354  0.7389  1.6405  
0.8968  0.9568  0.7721  0.6527  -0.0578 0.8226  0.7638  1.1329  0.5666  0.9106  0.6013  0.8129  0.9281  0.6616  0.7707  1.1785  1.1996  0.1153  0.8629  1.2359  
-0.3078 -1.3513 0.8960  0.7728  -1.5949 0.2047  0.8876  -2.1922 0.6811  -1.5215 -1.6156 0.9370  1.0503  -1.4091 -1.1932 -0.8460 -1.0795 -1.5013 -1.3779 -0.9211 
1.3523  0.8793  0.6963  0.5814  1.2849  1.2833  0.6883  1.4487  0.5002  1.4628  0.7771  0.7362  0.8505  0.5899  0.6950  1.1077  1.1300  1.5139  0.7855  1.1685  
-0.0030 -0.1875 0.9733  -0.5258 0.0100  0.8906  -0.3266 -1.1974 0.1825  -0.6526 -0.3524 1.0137  1.1237  0.5314  -1.1592 0.9033  -0.4787 -0.6489 -0.0165 -0.4593 
0.2228  -0.7639 -0.0373 1.0245  -0.8246 0.6108  0.5646  -1.1828 0.9314  -0.5967 -0.3897 1.1784  1.2760  -0.7760 1.1401  1.3485  -1.1786 -0.6257 0.1064  0.6356  
-0.0926 -0.2676 1.0063  0.8836  -0.4310 0.7192  0.9980  -0.4540 0.7894  -0.7328 0.3788  1.0462  1.1543  0.8930  1.0049  0.4184  -0.3046 0.0504  -0.2608 1.2759  
0.1406  0.0233  1.0048  0.8821  0.0740  -0.5721 -0.2961 0.0579  0.7880  0.3746  0.5016  -0.1867 1.1530  -0.6083 -0.4461 0.4142  -0.1151 0.0104  0.3055  0.0384  
1.0930  0.7412  1.1845  1.0708  0.9792  0.6178  1.1771  1.4273  0.9791  0.4583  0.2300  1.2202  1.3135  1.0798  1.1832  1.4834  1.4960  1.6720  1.2620  1.5170  
1.4123  -0.8048 0.7828  0.6629  0.4587  1.3503  0.7745  0.7461  0.5762  -0.1253 -0.0330 0.8236  0.9389  0.6718  0.7814  0.4546  0.0950  0.4756  -0.3856 1.2450  
0.1812  0.1217  0.8712  0.9860  0.1821  -0.2244 1.0971  0.5492  0.8921  -0.1377 1.1360  1.1430  1.2438  -0.7800 1.1037  0.3232  -0.6233 0.3911  1.1879  0.2483  
H 0.430 E 0.162    2.107   1.176   0.383   3.067   2.262   0.201   3.487   2.385  -1.259   4.433   2.017   1.182   4.216   2.672   2.514
Kernel d0: 0.49 sigma: 0.05 SUM:  1080.29 maxCount:  46.55 PSEUDO 200+0.2
0.9871  -0.3012 1.3479  0.0587  0.3190  0.6077  1.3409  0.6575  1.1486  0.3621  -0.1582 1.3814  1.4673  1.2477  1.3467  0.5767  1.2410  0.4340  1.0341  1.0080  
0.4681  0.6768  0.5071  0.4092  0.0791  1.1238  0.5001  1.3449  0.3436  -0.6825 -1.5033 0.5426  0.6489  0.4162  0.5059  0.9156  -0.2670 0.2008  -0.4208 -0.3263 
0.0361  -1.1936 -0.2554 0.9272  -1.3445 -0.1819 -1.5273 -1.4427 -0.1156 -1.5201 -1.3860 0.0888  1.2104  0.9370  -1.4106 -0.2070 -1.3669 -0.7658 -0.3573 -0.3752 
-0.2129 -0.4733 1.1944  1.0718  -0.3249 0.1901  1.1863  -0.2778 0.9744  -0.2781 0.5374  1.2332  1.3358  1.0814  1.1930  0.0929  0.1133  -0.1958 0.1331  0.8713  
0.3851  -0.3626 1.2286  1.1084  0.6197  -0.1482 1.2207  0.5940  0.3506  0.7363  1.3035  1.1418  1.3658  1.1179  1.2273  0.7300  0.1477  0.6613  1.3110  1.5848  
0.5788  0.0361  0.9189  0.7905  0.8241  0.5667  0.9102  -0.1991 0.6954  0.1636  -0.2021 0.2915  1.0810  -0.6014 0.9174  0.8190  -0.4059 0.3620  1.0140  1.3833  
-0.0550 -0.8815 -0.5672 0.7253  -0.2141 -0.0677 0.8431  -1.0829 0.6332  -1.1424 0.2526  0.8947  1.0150  0.7348  -1.3232 -0.8744 -0.5035 -0.6724 -0.3973 -0.1857 
0.9840  1.3873  1.2958  1.1813  1.1135  1.6759  1.2884  1.3138  1.0878  1.0477  1.3659  1.3313  1.4235  1.1904  1.2945  1.5886  0.6492  1.1785  1.3728  1.6208  
-0.2932 -0.6212 1.1503  -0.2906 -0.8532 0.6861  1.1420  -1.2726 0.9271  -0.9346 -0.9412 0.0983  1.2967  -0.1186 0.3401  -0.1128 -0.8897 -0.9202 1.2377  0.5734  
0.5727  0.1360  1.5311  0.4888  0.6866  0.9099  1.5260  0.4932  0.1811  0.4305  0.8230  1.5551  1.6147  0.4259  0.6913  0.9589  0.2784  0.9171  0.8242  1.7235  
0.9427  1.0311  0.8382  0.7122  -0.0398 0.4722  0.8295  0.9641  0.6207  0.9915  -0.0755 0.8809  1.0014  0.7216  0.8367  1.2602  1.2819  0.0770  0.9334  1.3192  
-0.2441 -1.4620 0.9679  0.8389  -1.7115 0.1891  0.9591  -2.1353 0.7422  -1.5349 -1.3133 1.0106  1.1281  -1.4089 -1.1362 -0.7377 -1.0358 -1.4742 -1.4722 -1.0544 
1.4381  0.9504  0.7583  0.6365  1.3693  1.3677  0.7498  1.5362  0.5497  1.5505  0.8434  0.8004  0.9204  0.6455  0.7569  1.1874  1.2104  1.6022  0.8523  1.2500  
-0.0790 -0.1592 1.0484  -0.4676 -0.0084 0.7677  -0.2784 -1.2053 0.2404  -0.7137 -0.4467 1.0903  1.2039  0.5783  -1.0302 0.9820  -0.4490 -0.6935 -0.4272 -0.4764 
0.3018  -0.8352 0.0326  1.1014  -0.7657 0.5492  0.6302  -1.1976 1.0048  -0.6183 -0.3424 1.2601  1.3601  -0.7035 1.2207  1.4343  -1.0936 -0.6303 0.1862  0.4173  
-0.0545 -0.1927 1.0825  0.9549  -0.7073 0.6295  1.0740  -0.4583 0.8564  -0.6767 0.1487  1.1239  1.2354  0.9647  1.0811  0.4941  -0.1125 -0.0194 -0.4612 1.1426  
0.3587  0.1019  1.0810  0.9533  0.1054  -0.4972 -0.2185 0.0238  0.8548  0.5001  0.5667  0.0546  1.2340  -0.5391 -0.3815 0.5224  -0.0285 0.0009  0.3752  -0.0423 
1.1831  0.8111  1.2664  1.1493  0.8701  0.6972  1.2588  1.5153  1.0543  0.5350  0.1926  1.3030  1.3985  1.1585  1.2651  1.5713  1.5840  1.7618  1.3459  1.5818  
1.4991  -0.8179 0.8494  0.7230  0.4497  1.4360  0.8407  0.8354  0.6309  0.0319  0.0249  0.8922  1.0126  0.7324  0.8479  0.7040  0.1690  0.5526  -0.9659 1.3284  
0.2549  0.1369  0.9503  1.0615  -0.2519 0.1468  1.1765  0.5488  0.9638  -0.2068 1.0002  1.1660  1.3272  -0.4387 1.1832  0.3285  -0.5880 0.2996  1.2699  0.2957  
