H 0.383 E 0.566    2.151   1.143  -0.050   3.044   2.299  -0.025   3.357   2.780  -1.437   4.484   1.919   0.794   4.328   2.235   2.252
Kernel d0: 0.49 sigma: 0.05 SUM:   317.94 maxCount:  22.60 PSEUDO 200+0.2
0.7210  0.4110  0.7535  0.7970  0.1032  0.7033  0.5890  0.4877  0.3783  -0.2482 0.4988  0.7130  0.6848  0.7232  0.2092  0.2920  0.3281  0.1218  0.5680  0.4136  
0.3086  0.0907  0.3569  0.4406  0.3103  0.2860  0.2431  0.3879  0.4493  -0.1294 0.1279  0.2981  0.2646  0.3116  -0.8067 -0.7011 0.4802  -0.5694 0.1667  0.3391  
-2.7061 0.2139  -0.8125 -1.7512 -1.4800 -1.1659 -1.1712 -1.3012 -1.0741 -0.8587 -0.9149 -1.4749 0.4829  -0.7448 -1.0356 -2.7650 -1.3713 -0.4471 -0.4533 -1.2373 
-0.5020 0.2680  0.6441  0.0580  -0.2408 -0.3124 0.5254  -0.0581 -0.3034 -0.2283 -1.2462 0.5880  0.5512  0.6018  0.4472  -0.4480 0.1429  0.7241  -0.1848 0.5857  
0.6680  0.3405  0.5971  -0.2540 0.5868  0.1922  0.6023  -0.0855 0.4721  0.4407  0.4260  0.6585  0.6258  -0.0477 -0.1496 0.1415  -0.0822 0.0445  -0.4945 0.0171  
-0.5039 0.1944  0.5566  -0.8279 -0.0975 0.4804  0.4285  -1.1004 0.1029  -0.3613 0.2602  -1.3102 0.4551  -0.4684 0.6364  -0.7008 0.6663  -0.6984 0.3222  0.5385  
-0.1972 0.1616  0.5060  0.3807  -0.3210 0.2140  0.3772  -0.4859 0.5956  -0.6089 -0.3784 0.4423  0.4033  -1.0779 -1.1654 -0.4265 0.6231  0.6074  0.2763  0.4873  
0.0762  0.3834  0.7366  0.7839  0.7029  0.6828  0.6413  0.7558  0.7881  0.2044  0.4708  0.2996  0.6631  0.7040  0.7854  0.7617  0.3835  0.7942  0.5413  0.7245  
0.5646  0.2383  0.6124  0.6508  -1.0276 0.5401  0.4890  -0.6762 0.0982  -0.0900 0.3124  -0.0074 0.5153  0.5677  0.6848  0.1923  -0.2410 -0.3740 0.3796  -0.3183 
-0.0390 0.5496  0.5542  0.3228  0.3547  0.7864  0.7593  -0.1347 0.6289  0.1409  0.6299  0.3621  0.7737  0.5763  0.8343  0.3674  0.3356  0.4324  0.6873  0.4335  
0.4733  0.1731  0.5249  0.6051  0.4751  0.4476  0.3960  0.5559  0.2547  0.5783  -1.0068 0.4615  0.4223  0.4766  0.6079  0.5658  -0.1433 0.6243  0.2929  0.5064  
-0.7410 0.1925  0.5540  -1.0309 -0.6389 0.4777  0.4257  -0.9650 -0.6131 -0.5558 0.2580  -0.6857 0.4524  -0.4738 -0.4408 0.5937  -0.4830 -1.3157 0.3198  -0.9694 
0.4092  0.1368  0.4612  0.5452  0.4110  0.3839  0.3343  0.4931  0.5536  0.5166  0.1883  0.3975  0.3594  0.4125  0.5482  0.5035  0.5827  0.5660  0.2397  0.4423  
-0.0361 0.2154  0.5848  -0.0832 -0.3827 0.2666  0.4585  -0.0604 -0.0245 -0.8724 0.2855  -0.3880 0.4851  -0.7413 0.6611  -0.6314 -0.2143 -0.4890 -0.7951 0.5672  
0.6157  -0.9182 -0.0589 0.1010  -0.6494 0.5927  0.5438  -0.1695 0.7279  -0.4993 -0.1657 -0.4137 0.5692  0.6186  -0.3979 0.6924  -0.1764 -0.3202 0.4348  0.3153  
0.5749  0.2469  0.6220  0.6907  -0.7490 -0.0126 0.4999  -0.9601 -0.1205 -0.0565 0.3224  0.5638  0.5261  -0.8055 0.6930  -0.3284 0.0848  -0.0123 -0.0574 0.2925  
-0.6121 0.2476  0.2162  0.0253  0.0439  0.5514  -0.4875 0.6498  0.3084  0.6689  0.3232  -0.3378 0.5269  -0.4360 0.2945  0.6584  0.0963  0.7070  -0.8103 0.6061  
0.4034  0.3656  0.7248  0.7747  0.3098  0.6686  0.6257  0.2150  0.6059  0.7589  0.4525  0.2641  0.6482  0.6907  0.7763  0.3226  0.3862  0.7856  0.5234  0.7121  
0.4694  0.1707  -0.1090 -0.2458 -0.5466 0.4437  0.3921  -0.3624 0.6094  0.0380  0.2312  0.4576  0.4184  0.4727  0.6044  0.5622  -0.5683 -0.3379 0.2895  0.5025  
-0.1485 0.3073  -0.5208 0.7392  0.4513  -0.6524 0.5690  0.0443  -0.1313 -0.0629 0.3903  0.3604  0.5937  0.1167  0.7411  -0.0760 0.6081  -0.1898 0.4612  0.6657  
H 0.383 E 0.566    2.147   1.155  -0.127   3.011   2.330  -0.190   2.750   3.135  -1.458   4.646   1.869  -0.118   5.094   1.840   1.313
Kernel d0: 0.49 sigma: 0.05 SUM:   247.56 maxCount:  22.68 PSEUDO 200+0.2
0.5788  0.3104  0.6087  0.6493  0.3565  0.5627  0.5273  0.3969  0.3160  -0.0295 0.3834  0.5715  0.5459  0.5808  0.1591  0.5357  0.2000  0.3521  0.4426  0.4190  
0.2284  0.0641  0.2667  0.3348  0.2296  0.2106  0.1775  0.2917  0.3420  0.0592  0.0912  0.2201  0.1940  0.2307  -0.7486 -0.6661 0.3678  -0.2525 0.1198  0.2525  
-2.7557 0.1552  -0.8890 -1.8269 -1.0505 -1.2241 -0.8332 -1.2458 -1.0134 -0.8513 -0.9295 -1.5446 0.3700  -0.8168 -1.0931 -2.8416 -1.4749 0.3476  -0.4233 -0.7520 
-0.5929 0.1967  0.5094  -0.0459 -0.3432 -0.3040 0.4060  -0.1692 -0.0755 -0.0540 -1.3405 0.4599  0.4281  0.4720  0.4135  -0.5250 0.0337  0.5816  0.3144  0.4952  
0.5307  0.2535  0.4614  -0.2564 0.5320  0.4022  0.4725  -0.0686 0.3364  0.4494  0.3227  0.5223  0.4932  0.0571  -0.1335 0.0195  -0.1441 0.0058  -0.5628 0.4359  
-0.6552 0.1405  0.4327  -0.6729 -0.1785 0.3679  0.3248  -0.9510 0.3225  -0.4398 0.1906  -1.0089 0.3468  -0.4836 0.5025  0.0405  0.5292  -0.6037 0.2391  0.4172  
-0.2633 0.1160  0.3895  0.2638  0.3475  0.1254  0.2830  -0.5397 0.4666  -0.3479 0.0394  0.3361  0.3041  -1.1263 -1.0634 -0.5064 0.4908  0.4769  0.2031  0.3737  
-0.0818 0.2880  0.5931  0.6370  0.5623  0.5440  0.5069  0.6108  0.6409  0.0356  0.3599  0.1701  0.5263  0.5633  0.6384  0.6163  0.2478  0.6466  0.4195  0.5820  
0.4397  0.1738  0.4813  0.5438  0.3302  0.4185  0.3751  0.1139  -0.1174 -0.1467 0.2313  -0.1022 0.3974  0.4424  0.5459  0.0833  -0.2949 -0.4516 0.2849  -0.3531 
0.0696  0.4267  0.4081  0.1783  0.4934  0.6393  0.6141  -0.0174 0.6984  0.1603  0.4968  0.5722  0.6275  0.4237  0.6251  0.2322  0.2816  0.4029  0.5481  0.6229  
0.3620  0.1246  0.4055  0.4749  0.3635  0.3406  0.2982  0.4321  0.1647  0.4515  -0.8056 0.3521  0.3197  0.3647  0.4774  0.4407  -0.2482 0.4918  0.2160  0.3898  
-0.8506 0.1391  0.4305  -1.0773 -0.0728 0.3656  0.3225  -1.0559 -0.6015 -0.5531 0.1889  -0.8423 0.3445  -0.3643 -0.2618 0.4650  -0.2331 -1.1284 0.2371  0.0743  
0.3090  0.0977  0.3518  0.4230  0.3104  0.2884  0.2486  0.3786  0.4301  0.3985  0.1360  0.2994  0.2687  0.3116  0.4255  0.3874  0.4553  0.4408  0.1749  0.3362  
-0.1343 0.1564  0.4571  0.3746  0.3117  0.1718  0.3496  0.0691  0.1633  -0.1210 0.2102  0.3477  0.3718  -0.7625 0.5246  -0.7217 -0.1854 -0.5249 -0.8256 0.4419  
0.4843  -0.9245 -0.1969 0.2268  -0.5082 0.4641  0.4218  -0.3449 0.5851  -0.2922 0.0672  -0.0718 0.4436  0.4868  -0.2648 0.5527  -0.1412 -0.2103 0.3300  0.4021  
0.4486  0.1804  0.4898  0.5512  -0.5894 0.0885  0.3843  -0.8771 -0.4668 -0.1740 0.2392  0.4390  0.4066  -1.0042 0.5533  -0.2637 0.4511  -0.1994 0.2782  0.4189  
-0.8505 0.1809  0.0261  -0.1111 0.2834  0.4283  -0.4683 0.5145  0.4870  0.5316  0.2398  -0.1711 0.4073  -0.3560 0.1721  0.5221  -0.0302 0.5660  0.2798  0.4758  
0.2736  0.2737  0.5823  0.6284  0.5150  0.5313  0.4931  0.5766  0.0518  0.6137  0.3446  0.3705  0.5131  0.5513  0.6299  0.6066  0.6325  0.6386  0.4043  0.5707  
0.3587  0.1228  -0.5147 -0.2301 -0.2080 0.3373  0.2951  0.1559  0.4787  0.2689  0.1684  0.3488  0.3165  0.3615  0.4743  0.4375  -0.2896 0.3992  0.2133  0.3865  
-0.2428 0.2273  -0.3664 0.5955  0.5058  -0.7301 0.4435  0.3186  -0.2322 -0.1340 0.2936  0.3733  0.4649  0.3236  0.5973  -0.2613 0.6170  0.0395  0.3519  0.5287  
H 0.383 E 0.566    2.158   1.129  -0.013   3.062   2.274   0.049   3.970   2.323  -1.174   3.998   2.216   1.467   3.286   2.947   2.566
Kernel d0: 0.49 sigma: 0.05 SUM:   235.28 maxCount:   9.25 PSEUDO 200+0.2
0.5515  0.2916  0.5809  0.6209  -0.0422 0.5357  0.3155  0.3308  0.2197  -0.3907 0.3616  0.5443  0.5193  0.5535  0.2949  0.1307  0.2671  -0.0425 0.4187  0.2582  
0.2136  0.0594  0.2499  0.3149  0.2148  0.1968  0.1655  0.2737  0.3218  -0.2083 0.0846  -0.3860 0.1811  0.2158  -0.8401 -0.7103 0.3466  -0.6384 0.1113  0.2364  
-2.2479 0.1445  -0.6174 -1.2112 -1.5097 -0.6577 -1.1720 -1.0898 -0.5336 -0.7396 -0.1304 -0.4023 0.3488  -0.2577 -0.5764 -2.0066 -0.4578 -0.6031 -0.7188 -1.3105 
0.0478  0.1836  0.4836  -0.0686 0.3292  -0.4115 0.3834  0.2140  -0.4267 -0.3555 -0.2353 0.4356  0.4047  0.4473  0.2926  -0.3734 0.0292  0.5542  -0.4807 0.0261  
0.5044  0.2374  0.4713  -0.3546 0.2181  0.0539  0.4477  -0.2182 0.4627  0.2878  0.3034  0.4962  0.4678  0.0612  -0.2486 -0.1441 0.0390  0.0034  -0.3036 -0.1261 
-0.5568 0.1307  0.4092  -0.7029 -0.1457 0.3467  0.3053  -0.7139 -0.3834 -0.3417 0.1779  -1.3594 0.3264  -0.5458 0.4770  -0.8074 0.5030  -0.6978 0.2237  0.3942  
-0.1965 0.1078  0.3675  0.3748  -0.6496 0.2126  0.2654  -0.4983 0.4420  -0.6983 -0.4014 0.3162  0.2856  -0.6565 -0.8486 -0.2244 0.4655  0.4520  0.1897  0.3523  
0.5169  0.2702  0.5655  0.6088  0.5353  0.5175  0.4812  0.5830  0.6126  0.4593  0.3390  0.4910  0.5002  0.5363  0.6102  0.5884  0.4008  0.6183  0.3964  0.5546  
0.4159  0.1620  0.4563  -0.1967 -1.1978 0.3954  0.3536  -0.8455 0.5230  -0.2112 0.2164  0.1096  0.3751  0.4185  0.5193  0.1244  -0.3324 -0.4735 0.2673  -0.6725 
-0.0948 0.4034  0.5959  0.5157  0.0692  0.6111  0.5862  -0.2807 0.4104  0.0134  0.4714  0.1892  0.5994  0.6159  0.6681  0.3730  0.1721  0.2608  0.5214  0.2597  
0.3410  0.1158  0.3829  0.4501  0.3424  0.3205  0.2799  0.4086  0.1352  0.4274  -0.9940 0.3315  0.3005  0.3436  0.4525  0.4169  0.2119  0.4665  0.2019  0.3678  
-0.5892 0.1294  0.4070  -0.8664 -0.7201 0.3445  0.3032  -0.7100 -0.4995 -0.4344 0.1763  -0.0706 0.3242  -0.5541 -0.3048 0.4404  -0.3963 -1.3334 0.2219  -1.2737 
0.2902  0.0907  0.3313  0.3997  0.2916  0.2706  0.2328  0.3570  0.4067  0.3761  0.1265  0.2811  0.2518  0.2928  0.4022  0.3655  0.4311  0.4170  0.1630  0.3163  
0.3296  0.1456  0.4328  -0.2181 -0.4952 0.1525  0.3291  -0.0628 -0.1566 -1.0009 0.1964  -0.5217 0.3505  -0.7862 0.4985  -0.2878 0.0585  -0.8184 -0.2808 0.4181  
0.3782  -0.6445 0.4684  -0.0422 -0.7483 0.4395  0.3986  -0.3170 0.5577  -0.6276 -0.2320 -0.3448 0.4198  0.4617  -0.4359 0.5260  -0.2994 -0.4073 0.3103  0.1734  
0.4246  0.1683  0.4646  0.5245  -0.5846 -0.1214 0.3625  -0.5897 -0.0467 0.4089  0.2238  0.4152  0.3839  -0.1373 0.5265  -0.3240 -0.4047 -0.0066 -0.1990 0.1335  
0.0367  0.1687  0.4652  0.4901  -0.0765 0.4049  -0.5642 0.4886  0.1574  0.5053  0.2244  -0.4367 0.3846  -0.4134 0.2546  0.4961  0.4654  0.5390  -1.2585 0.4510  
0.4871  0.2566  0.5549  0.6003  0.1436  0.5050  0.4677  0.0268  0.6044  0.5858  0.3244  0.1201  0.4872  0.5245  0.6018  0.0468  0.1919  0.6103  0.3817  0.5435  
0.3379  0.1142  0.3798  -0.3529 -0.6106 0.3174  0.2770  -0.4640 0.4537  -0.0816 0.1569  0.3284  0.2975  0.3405  0.4495  0.4138  -0.4328 -0.4765 0.1993  0.3646  
-0.2227 0.2126  -0.3558 0.5679  -0.3506 -0.4794 0.4196  -0.2753 0.2917  -0.0889 0.2755  0.2187  0.4404  0.0386  0.5696  0.5135  0.3905  -0.3937 0.3313  0.5025  
H 0.383 E 0.566    2.094   1.186   0.339   2.980   2.346   0.380   4.405   1.961  -0.001   2.960   3.053   1.926   1.886   4.097   1.985
Kernel d0: 0.49 sigma: 0.05 SUM:    60.40 maxCount:   2.66 PSEUDO 200+0.2
0.0940  0.0334  0.1046  0.1211  0.0009  0.0888  -0.0162 0.1059  0.1111  0.0116  0.0455  0.0916  0.0836  0.0947  0.0920  0.0036  0.1282  -0.0279 0.0573  0.0900  
0.0222  0.0052  0.0272  0.0372  0.0224  0.0201  0.0163  0.0307  0.0384  -0.0300 0.0076  -0.5328 0.0182  0.0225  -0.0032 0.0319  0.0428  -0.0757 0.0103  0.0253  
0.0511  0.0139  0.0601  0.0708  -0.5104 0.0470  -0.1500 -0.1350 -0.2618 -0.0016 0.0199  0.0492  0.0432  0.0517  0.0538  0.0680  0.0844  -0.3897 -0.2814 -0.4558 
0.0633  0.0185  0.0733  0.0905  0.0637  0.0298  0.0498  0.0797  -0.0575 -0.0062 0.0261  0.0611  0.0542  0.0639  0.0725  0.0741  0.0986  0.0950  -0.3312 -0.1679 
0.0791  0.0254  0.0898  0.0716  -0.0717 -0.0038 0.0640  0.0677  0.1088  0.0801  0.0353  0.0768  0.0691  -0.0874 0.0860  -0.2428 0.1034  0.0817  0.0453  -0.1257 
-0.1414 0.0124  0.0552  0.0056  0.0469  0.0428  0.0356  -0.2091 -0.3430 0.0653  0.0178  -0.2126 0.0392  0.0352  0.0715  -0.1514 0.0787  -0.0477 0.0236  0.0520  
0.0390  0.0100  0.0467  0.0611  -0.4297 0.0356  0.0294  0.0518  0.0627  -0.0030 -0.0676 0.0374  0.0325  0.0395  -0.0434 0.0536  0.0685  0.0651  0.0192  0.0438  
0.0883  0.0302  0.0989  0.1159  0.0886  0.0830  0.0726  0.1054  0.1175  0.1102  0.0414  0.0858  0.0779  0.0889  0.1165  0.1075  0.1233  0.1200  0.0525  0.0951  
0.0567  0.0159  0.0662  -0.4564 -0.8900 0.0523  0.0440  -0.4856 0.0847  0.0667  0.0226  0.0546  0.0481  0.0572  0.0836  0.0744  0.0789  0.0874  0.0297  -0.3858 
-0.0520 0.0540  0.1308  0.1440  -0.1150 0.1168  0.1067  0.0279  -0.0152 0.1116  0.0700  0.0052  0.1120  0.1223  0.1444  0.1377  0.1111  0.0670  0.0842  -0.0522 
0.0417  0.0108  0.0497  0.0646  0.0420  0.0382  0.0316  0.0551  0.0663  0.0592  -0.0337 0.0401  0.0349  0.0422  0.0652  0.0569  0.0722  0.0687  0.0207  0.0467  
0.0462  0.0122  0.0547  0.0704  -0.3566 0.0424  0.0353  0.0420  0.0045  0.0294  0.0176  0.0444  0.0388  0.0158  -0.3458 0.0623  -0.0971 -0.1914 0.0233  -0.7670 
0.0332  0.0082  0.0400  0.0532  0.0334  0.0302  0.0248  0.0447  0.0546  0.0484  0.0119  0.0318  0.0275  0.0336  0.0537  0.0463  0.0601  0.0569  0.0160  0.0375  
0.0515  0.0140  0.0605  -0.1771 -0.2745 0.0473  0.0396  -0.0157 -0.0330 -0.4935 0.0200  -0.3592 0.0435  0.0394  0.0774  0.0684  0.0586  -0.3208 0.0265  0.0571  
-0.1753 0.0199  0.0770  0.0226  -0.0392 0.0621  0.0529  -0.3048 0.0962  -0.3019 -0.0059 -0.0038 0.0575  0.0675  -0.3730 0.0857  0.0652  -0.0382 0.0365  0.0429  
0.0586  0.0166  0.0682  0.0852  -0.1491 0.0441  0.0457  -0.0793 0.0870  0.0792  0.0236  0.0565  0.0499  0.0592  0.0858  0.0309  -0.3355 -0.0725 -0.1612 -0.0045 
0.0588  0.0167  0.0684  0.0854  -0.0359 0.0543  0.0259  0.0747  -0.0204 0.0794  0.0237  -0.0034 0.0500  0.0040  0.0860  0.0767  0.0935  0.0898  -0.8281 0.0648  
0.0845  0.0281  0.0952  0.1123  0.0155  0.0793  0.0691  -0.1757 0.1140  0.1065  0.0388  0.0396  0.0743  0.0852  0.1129  -0.1800 -0.1076 0.1165  0.0495  0.0913  
0.0412  0.0106  0.0491  0.0322  0.0248  0.0376  0.0312  -0.1856 0.0655  -0.0464 0.0153  0.0395  0.0344  0.0417  0.0645  0.0562  -0.2750 -0.3781 0.0204  0.0461  
0.0720  0.0221  -0.0960 0.0998  -0.4236 0.0670  0.0575  -0.3312 0.0641  -0.0992 0.0310  0.0444  0.0623  0.0094  0.1004  0.0911  0.0007  -0.2603 0.0400  0.0786  
H 0.383 E 0.566    2.132   1.148   0.251   3.000   2.313   0.403   3.690   2.658  -0.911   4.159   2.035   1.616   3.617   2.491   2.939
Kernel d0: 0.49 sigma: 0.05 SUM:   295.72 maxCount:  19.68 PSEUDO 200+0.2
0.6782  0.3801  0.7099  0.7526  0.0620  0.6609  0.4384  0.4462  0.3383  -0.2885 0.4635  0.6703  0.6429  0.6803  0.2134  0.2467  0.3034  0.0718  0.5299  0.3725  
0.2837  0.0823  0.3291  0.4081  0.2852  0.2626  0.2226  0.3583  0.4164  -0.1538 0.1163  0.0658  0.2426  0.2865  -0.8223 -0.7002 0.4458  -0.5910 0.1519  0.3123  
-2.6732 0.1955  -0.8153 -1.6851 -1.4727 -1.1177 -1.1841 -1.2886 -0.9017 -0.8616 -0.7508 -1.1979 0.4484  -0.6901 -0.9739 -2.6562 -1.1973 -0.5364 -0.7455 -1.2697 
-0.4009 0.2458  0.6033  0.0233  -0.0258 -0.3404 0.4890  -0.0311 -0.3427 -0.2639 -0.8012 0.5491  0.5137  0.5624  0.4072  -0.4621 0.1068  0.6811  -0.4284 0.2527  
0.6265  0.3135  0.5589  -0.2881 0.3469  0.1535  0.5629  -0.1205 0.4605  0.3995  0.3943  0.6173  0.5856  -0.0152 -0.1750 0.0726  -0.0657 0.0131  -0.4939 -0.0264 
-0.4991 0.1775  0.5189  -0.6480 -0.1203 0.4460  0.3966  -0.9030 -0.2616 -0.3663 0.2385  -1.3335 0.4219  -0.4915 0.5959  -0.7373 0.6249  -0.7180 0.2965  0.5015  
-0.2154 0.1472  0.4705  0.3707  -0.5795 0.1987  0.3481  -0.4947 0.5565  -0.6361 -0.3926 0.4097  0.3728  -1.0129 -1.1248 -0.3963 0.5831  0.5678  0.2535  0.4526  
0.4822  0.3540  0.6934  0.7398  0.6605  0.6409  0.6006  0.7122  0.7439  0.4997  0.4369  0.4106  0.6218  0.6616  0.7413  0.7180  0.3616  0.7499  0.5042  0.6815  
0.5266  0.2181  0.5726  0.2201  -1.1369 0.5030  0.4541  -0.7652 0.5615  -0.1233 0.2872  -0.0095 0.4794  0.5296  0.6429  0.1605  -0.2655 -0.4063 0.3504  -0.6393 
-0.0614 0.5122  0.5881  0.3992  0.1678  0.7422  0.7157  -0.1758 0.5413  0.0997  0.5896  0.3117  0.7298  0.6702  0.8022  0.3523  0.2920  0.3767  0.6453  0.3818  
0.4392  0.1579  0.4885  0.5656  0.4409  0.4148  0.3658  0.5182  0.2201  0.5398  -1.0079 0.4279  0.3908  0.4424  0.5683  0.5278  -0.1069 0.5841  0.2690  0.4708  
-0.6466 0.1758  0.5164  -1.0022 -0.6844 0.4434  0.3940  -0.7375 -0.4319 -0.5625 0.2364  -0.4019 0.4193  -0.4970 -0.3659 0.5547  -0.4224 -1.3319 0.2941  -1.2137 
0.3783  0.1244  0.4277  0.5080  0.3800  0.3545  0.3078  0.4581  0.5160  0.4806  0.1719  0.3673  0.3314  0.3815  0.5109  0.4681  0.5440  0.5279  0.2194  0.4097  
0.1289  0.1969  0.5460  -0.1252 -0.4282 0.2354  0.4251  -0.0730 -0.0617 -0.9265 0.2620  -0.4584 0.4505  -0.7596 0.6199  -0.6011 -0.0857 -0.7171 -0.7234 0.5291  
0.5759  -0.9080 0.3439  0.0628  -0.6786 0.5537  0.5067  -0.0763 0.6849  -0.6421 -0.1863 -0.2862 0.5311  0.5787  -0.2652 0.6503  -0.2084 -0.3530 0.4026  0.2772  
0.5366  0.2262  0.5820  0.6486  -0.5350 -0.0431 0.4646  -0.8520 0.0063  0.1025  0.2966  0.5259  0.4897  -0.4067 0.6509  -0.3474 -0.1469 0.0967  -0.1415 0.2332  
-0.3143 0.2268  0.5297  0.3712  0.0091  0.5140  -0.5102 0.6089  0.2661  0.6275  0.2973  -0.3662 0.4904  -0.3934 0.2653  0.6172  0.2194  0.6645  -1.2188 0.5666  
0.4442  0.3372  0.6819  0.7308  0.2485  0.6271  0.5855  0.1371  0.7351  0.7152  0.4194  0.2244  0.6073  0.6487  0.7323  0.1700  0.3121  0.7414  0.4871  0.6695  
0.4355  0.1556  0.4439  -0.2757 -0.5726 0.4111  0.3622  -0.3948 0.5697  0.0039  0.2116  0.4242  0.3871  0.4387  0.5649  0.5243  -0.5679 -0.3955 0.2658  0.4671  
-0.1781 0.2825  -0.4834 0.6959  -0.0468 -0.6392 0.5309  -0.0182 0.1534  -0.1359 0.3605  0.3228  0.5546  0.1119  0.6978  0.4814  0.5157  -0.3199 0.4277  0.6243  
H 0.383 E 0.566    2.072   1.184   0.430   2.930   2.359   0.555   2.634   3.120   1.842   2.732   3.383  -0.788   3.713   3.003  -1.856
Kernel d0: 0.49 sigma: 0.05 SUM:    12.38 maxCount:   2.98 PSEUDO 200+0.2
0.0000  0.0000  0.0000  0.0000  0.0000  0.0000  0.0000  0.0000  0.0000  0.0000  0.0000  0.0000  0.0000  0.0000  0.0000  0.0000  0.0000  0.0000  0.0000  0.0000  
0.0000  0.0000  0.0000  0.0000  0.0000  0.0000  0.0000  0.0000  0.0000  0.0000  0.0000  0.0000  0.0000  0.0000  0.0000  0.0000  0.0000  0.0000  0.0000  0.0000  
0.0000  0.0000  0.0000  0.0000  0.0000  0.0000  0.0000  0.0000  0.0000  0.0000  0.0000  0.0000  0.0000  0.0000  0.0000  0.0000  0.0000  0.0000  0.0000  0.0000  
0.0000  0.0000  0.0000  0.0000  0.0000  0.0000  0.0000  0.0000  0.0000  0.0000  0.0000  0.0000  0.0000  0.0000  0.0000  0.0000  0.0000  0.0000  0.0000  0.0000  
0.0000  0.0000  0.0000  0.0000  0.0000  0.0000  0.0000  0.0000  0.0000  0.0000  0.0000  0.0000  0.0000  0.0000  0.0000  0.0000  0.0000  0.0000  0.0000  0.0000  
0.0000  0.0000  0.0000  0.0000  0.0000  0.0000  0.0000  0.0000  0.0000  0.0000  0.0000  0.0000  0.0000  0.0000  0.0000  0.0000  0.0000  0.0000  0.0000  0.0000  
0.0000  0.0000  0.0000  0.0000  0.0000  0.0000  0.0000  0.0000  0.0000  0.0000  0.0000  0.0000  0.0000  0.0000  0.0000  0.0000  0.0000  0.0000  0.0000  0.0000  
0.0000  0.0000  0.0000  0.0000  0.0000  0.0000  0.0000  0.0000  0.0000  0.0000  0.0000  0.0000  0.0000  0.0000  0.0000  0.0000  0.0000  0.0000  0.0000  0.0000  
0.0000  0.0000  0.0000  0.0000  0.0000  0.0000  0.0000  0.0000  0.0000  0.0000  0.0000  0.0000  0.0000  0.0000  0.0000  0.0000  0.0000  0.0000  0.0000  0.0000  
0.0000  0.0000  0.0000  0.0000  0.0000  0.0000  0.0000  0.0000  0.0000  0.0000  0.0000  0.0000  0.0000  0.0000  0.0000  0.0000  0.0000  0.0000  0.0000  0.0000  
0.0000  0.0000  0.0000  0.0000  0.0000  0.0000  0.0000  0.0000  0.0000  0.0000  0.0000  0.0000  0.0000  0.0000  0.0000  0.0000  0.0000  0.0000  0.0000  0.0000  
0.0000  0.0000  0.0000  0.0000  0.0000  0.0000  0.0000  0.0000  0.0000  0.0000  0.0000  0.0000  0.0000  0.0000  0.0000  0.0000  0.0000  0.0000  0.0000  0.0000  
0.0000  0.0000  0.0000  0.0000  0.0000  0.0000  0.0000  0.0000  0.0000  0.0000  0.0000  0.0000  0.0000  0.0000  0.0000  0.0000  0.0000  0.0000  0.0000  0.0000  
0.0000  0.0000  0.0000  0.0000  0.0000  0.0000  0.0000  0.0000  0.0000  0.0000  0.0000  0.0000  0.0000  0.0000  0.0000  0.0000  0.0000  0.0000  0.0000  0.0000  
0.0000  0.0000  0.0000  0.0000  0.0000  0.0000  0.0000  0.0000  0.0000  0.0000  0.0000  0.0000  0.0000  0.0000  0.0000  0.0000  0.0000  0.0000  0.0000  0.0000  
0.0000  0.0000  0.0000  0.0000  0.0000  0.0000  0.0000  0.0000  0.0000  0.0000  0.0000  0.0000  0.0000  0.0000  0.0000  0.0000  0.0000  0.0000  0.0000  0.0000  
0.0000  0.0000  0.0000  0.0000  0.0000  0.0000  0.0000  0.0000  0.0000  0.0000  0.0000  0.0000  0.0000  0.0000  0.0000  0.0000  0.0000  0.0000  0.0000  0.0000  
0.0000  0.0000  0.0000  0.0000  0.0000  0.0000  0.0000  0.0000  0.0000  0.0000  0.0000  0.0000  0.0000  0.0000  0.0000  0.0000  0.0000  0.0000  0.0000  0.0000  
0.0000  0.0000  0.0000  0.0000  0.0000  0.0000  0.0000  0.0000  0.0000  0.0000  0.0000  0.0000  0.0000  0.0000  0.0000  0.0000  0.0000  0.0000  0.0000  0.0000  
0.0000  0.0000  0.0000  0.0000  0.0000  0.0000  0.0000  0.0000  0.0000  0.0000  0.0000  0.0000  0.0000  0.0000  0.0000  0.0000  0.0000  0.0000  0.0000  0.0000  
H 0.383 E 0.566    2.090   1.168  -0.430   2.991   2.315  -0.498   2.466   3.369  -1.465   4.548   1.818  -0.966   5.355   1.485   0.254
Kernel d0: 0.49 sigma: 0.05 SUM:   170.17 maxCount:  20.49 PSEUDO 200+0.2
0.3973  0.1924  0.4227  0.4581  0.3982  0.3838  0.3548  0.4169  0.4198  0.4019  0.2442  0.3911  0.3700  0.3990  0.0758  0.4413  0.2124  0.4443  0.2883  0.4066  
0.1372  0.0363  0.1626  0.2094  0.1381  0.1258  0.1047  0.1795  0.2144  0.1822  0.0521  0.1319  0.1151  0.1388  -0.1820 -0.1975 0.2329  0.1902  0.0691  0.1531  
-2.5567 0.0908  -0.8078 -1.7447 -0.4709 -1.1581 -0.1780 -0.9570 -1.0665 -0.6600 -0.8830 -1.5428 0.2345  -0.8243 -0.9852 -2.7899 -1.5237 0.2520  -0.3176 -0.2448 
-0.6573 0.1168  0.3404  0.1047  -0.4315 0.1902  0.2608  -0.2681 0.2634  0.3216  -1.2853 0.3016  0.2773  0.3109  0.3819  -0.3175 0.1723  0.3996  0.1951  0.3291  
0.3576  0.1538  0.3029  -0.0209 0.3586  0.3426  0.3113  0.2543  0.1765  0.3870  0.2009  0.3507  0.3275  -0.0730 0.1615  -0.0490 -0.0764 -0.0026 -0.5512 0.3762  
-0.5988 0.0817  0.2808  -0.3999 -0.1489 0.2330  0.2023  -0.9543 0.3218  -0.3169 0.1130  -0.4345 0.2178  0.0285  0.3349  0.2895  0.3564  -0.4730 0.1443  0.2691  
-0.1357 0.0669  0.2487  0.1314  0.2183  0.0411  0.1736  -0.2276 0.3067  0.2242  0.0935  0.2103  0.1880  -1.0876 -0.9346 -0.4695 0.3256  0.3148  0.1209  0.2372  
-0.2118 0.1770  0.4093  0.4473  0.3835  0.3684  0.3384  0.4245  0.4507  -0.0996 0.2272  0.0274  0.3540  0.3843  0.4485  0.4292  0.1203  0.4557  0.2709  0.3999  
0.2040  0.1024  0.3182  0.3682  0.2872  0.2701  0.2382  0.3375  -0.2430 0.2143  0.1392  -0.1684 0.2545  0.2881  0.3700  0.0922  -0.0022 -0.0677 0.1749  -0.3692 
0.1530  0.2763  0.2349  0.0183  0.3418  0.4493  0.4273  0.3062  0.5024  0.3501  0.3304  0.4547  0.4390  0.2483  0.4320  0.1299  0.4190  0.3806  0.3718  0.4708  
0.2287  0.0720  0.2605  0.3132  0.2298  0.2135  0.1839  0.2804  0.2613  0.2951  -0.0201 0.2216  0.1988  0.2307  0.3151  0.2869  -0.3370 0.3264  0.1292  0.2489  
-0.6856 0.0809  0.2791  -0.8108 -0.0060 0.2313  0.2008  -0.7880 -0.3863 -0.4127 0.1119  -0.8561 0.2162  0.1585  -0.3650 0.3055  -0.2588 -0.6540 0.1430  0.2674  
0.1914  0.0559  0.2214  0.2735  0.1924  0.1773  0.1506  0.2407  0.2789  0.2553  0.0790  0.1848  0.1639  0.1932  0.2754  0.2471  0.2981  0.2870  0.1030  0.2104  
-0.2213 0.0915  0.2994  0.3508  0.2683  0.1797  0.2199  0.0908  0.3305  0.2938  0.1255  0.2598  0.2358  -0.2791 0.3526  -0.7572 -0.2360 -0.1415 -0.7997 0.2878  
0.3205  -0.7177 -0.3104 0.3807  0.1490  0.3048  0.2726  -0.3732 0.4026  -0.2013 0.1667  -0.1224 0.2891  0.3225  -0.3125 0.3756  0.2023  -0.1304 0.2060  0.3405  
0.2929  0.1065  0.3249  0.3743  -0.4790 0.2547  0.2449  -0.8476 -0.4383 -0.2869 0.1443  0.2855  0.2613  -0.9550 0.3761  -0.0267 0.3955  -0.2066 0.1808  0.3134  
-0.8893 0.1068  -0.0947 -0.2368 0.2945  0.2775  0.0912  0.3445  0.3795  0.3583  0.1447  0.2490  0.2618  -0.0011 0.0626  0.3506  -0.1620 0.3866  0.1812  0.3139  
0.1243  0.1673  0.4002  0.4398  0.3735  0.3581  0.3274  0.4160  -0.1068 0.4270  0.2163  0.3659  0.3433  0.3744  0.4411  0.4209  0.4556  0.4486  0.2596  0.3905  
0.2264  0.0710  -0.5757 0.2282  0.2022  0.2112  0.1818  0.2779  0.3161  0.2927  0.0990  0.2193  0.1966  0.2283  0.3127  0.2845  -0.3483 0.3241  0.1275  0.2465  
-0.0793 0.1366  -0.3655 0.4114  0.3375  -0.5571 0.2890  0.3842  -0.3520 -0.2356 0.1808  0.3254  0.3055  0.2523  0.4129  -0.3851 0.4298  0.1229  0.2215  0.3559  
H 0.383 E 0.566    2.145   1.128  -0.207   3.067   2.260  -0.229   3.665   2.453  -1.618   4.306   2.039   0.914   3.888   2.636   2.225
Kernel d0: 0.49 sigma: 0.05 SUM:   299.86 maxCount:  20.12 PSEUDO 200+0.2
0.6862  0.3858  0.7181  0.7610  0.0702  0.6689  0.4493  0.4548  0.3444  -0.2797 0.4701  0.6784  0.6508  0.6884  0.2145  0.2536  0.3082  0.0805  0.5370  0.3809  
0.2883  0.0838  0.3342  0.4142  0.2899  0.2669  0.2264  0.3638  0.4225  -0.1496 0.1184  0.2054  0.2466  0.2911  -0.8202 -0.7135 0.4522  -0.5877 0.1546  0.3173  
-2.6655 0.1988  -0.8097 -1.7004 -1.4717 -1.1101 -1.1837 -1.2860 -0.9210 -0.8572 -0.7969 -1.2452 0.4549  -0.7046 -0.9840 -2.6728 -1.2254 -0.5268 -0.7218 -1.2652 
-0.4431 0.2499  0.6110  0.0290  -0.0974 -0.3354 0.4958  -0.0396 -0.3356 -0.2573 -0.8508 0.5564  0.5207  0.5698  0.4146  -0.4556 0.1151  0.6892  -0.4148 0.2735  
0.6343  0.3185  0.5668  -0.2816 0.3708  0.1601  0.5703  -0.1156 0.4513  0.4069  0.4002  0.6251  0.5932  -0.0328 -0.1763 0.0722  -0.0568 0.0212  -0.4922 -0.0198 
-0.4942 0.1806  0.5260  -0.6600 -0.1167 0.4524  0.4025  -0.9698 -0.2611 -0.3757 0.2425  -1.3320 0.4281  -0.4875 0.6035  -0.7351 0.6327  -0.7181 0.3012  0.5084  
-0.2085 0.1498  0.4771  0.3700  -0.5881 0.2032  0.3535  -0.5019 0.5638  -0.6307 -0.3902 0.4157  0.3784  -1.0391 -1.1382 -0.4044 0.5906  0.5752  0.2577  0.4591  
0.4110  0.3594  0.7015  0.7481  0.6685  0.6488  0.6083  0.7204  0.7522  0.4223  0.4432  0.3859  0.6295  0.6696  0.7496  0.7262  0.3690  0.7582  0.5111  0.6896  
0.5337  0.2219  0.5801  0.3805  -1.1316 0.5100  0.4606  -0.7606 0.5128  -0.1169 0.2919  -0.0107 0.4861  0.5368  0.6508  0.1699  -0.2674 -0.3993 0.3558  -0.6165 
-0.0561 0.5192  0.5865  0.3937  0.1983  0.7505  0.7239  -0.1689 0.5479  0.1113  0.5972  0.3150  0.7381  0.6702  0.8107  0.3532  0.3000  0.3858  0.6532  0.3897  
0.4456  0.1607  0.4953  0.5730  0.4473  0.4209  0.3714  0.5253  0.2284  0.5470  -1.0085 0.4342  0.3966  0.4487  0.5757  0.5349  -0.1035 0.5917  0.2734  0.4774  
-0.6537 0.1788  0.5235  -1.0270 -0.6828 0.4498  0.3999  -0.7714 -0.4441 -0.5561 0.2404  -0.4585 0.4254  -0.4936 -0.4373 0.5620  -0.4455 -1.3363 0.2989  -1.1798 
0.3841  0.1267  0.4339  0.5150  0.3858  0.3599  0.3127  0.4647  0.5230  0.4873  0.1749  0.3729  0.3366  0.3872  0.5179  0.4747  0.5513  0.5351  0.2232  0.4158  
0.0834  0.2003  0.5533  -0.1194 -0.4244 0.2414  0.4313  -0.0692 -0.0560 -0.9219 0.2664  -0.4510 0.4569  -0.7584 0.6276  -0.6155 -0.1210 -0.6896 -0.7564 0.5362  
0.5833  -0.8938 0.2693  0.0691  -0.6732 0.5610  0.5136  -0.0292 0.6930  -0.6452 -0.1827 -0.2896 0.5382  0.5862  -0.3295 0.6582  -0.2059 -0.3483 0.4086  0.2842  
0.5437  0.2300  0.5895  0.6565  -0.5406 -0.0373 0.4712  -0.8550 -0.0174 0.0861  0.3014  0.5329  0.4965  -0.4630 0.6588  -0.3391 -0.0906 0.0976  -0.1380 0.2401  
-0.3132 0.2306  0.5000  0.2724  0.0153  0.5210  -0.5062 0.6166  0.2733  0.6352  0.3021  -0.3608 0.4973  -0.4033 0.2716  0.6249  0.2088  0.6725  -1.2004 0.5740  
0.4412  0.3425  0.6900  0.7390  0.2643  0.6349  0.5931  0.1474  0.7333  0.7234  0.4256  0.2323  0.6150  0.6566  0.7406  0.1703  0.3194  0.7497  0.4939  0.6775  
0.4418  0.1584  0.4073  -0.2702 -0.5617 0.4171  0.3678  -0.3901 0.5772  0.0094  0.2152  0.4304  0.3929  0.4450  0.5723  0.5313  -0.5815 -0.3894 0.2702  0.4737  
-0.1710 0.2871  -0.4909 0.7041  0.1158  -0.6458 0.5380  -0.0019 0.0859  -0.1322 0.3660  0.3299  0.5620  0.1091  0.7060  0.2918  0.5229  -0.3046 0.4340  0.6321  
H 0.383 E 0.566    2.145   1.149   0.178   3.006   2.318   0.340   4.183   2.271  -0.627   3.569   2.423   1.941   2.611   3.239   2.756
Kernel d0: 0.49 sigma: 0.05 SUM:   162.49 maxCount:   3.53 PSEUDO 200+0.2
0.3775  0.1803  0.4023  0.4370  -0.1638 0.3643  0.1689  0.2219  0.1190  -0.4759 0.2296  0.3715  0.3509  0.3791  0.2311  -0.0160 0.3186  -0.1767 0.2719  0.1214  
0.1281  0.0336  0.1520  0.1964  0.1289  0.1173  0.0975  0.1680  0.2012  -0.2457 0.0483  -0.8068 0.1073  0.1296  -0.6766 -0.2990 0.2188  -0.6518 0.0642  0.1431  
-0.7724 0.0844  0.0844  -0.2601 -1.4017 0.0736  -1.0881 -0.8075 -0.3315 -0.4152 0.1162  0.1988  0.2204  0.1971  -0.2836 -0.4546 0.2801  -0.6728 -0.4854 -1.1656 
0.2795  0.1089  0.3222  0.0065  0.2928  -0.4153 0.2455  0.3217  -0.4100 -0.4303 0.1155  0.2847  0.2614  0.2937  0.1486  -0.1210 0.1456  0.3798  -0.5067 -0.0972 
0.3388  0.1437  0.3598  -0.2462 0.0786  -0.0648 0.2941  -0.2328 0.4037  0.1738  0.1884  0.3322  0.3097  -0.0278 -0.1917 -0.1516 0.0210  0.1260  0.1490  -0.2430 
-0.5959 0.0760  0.2647  -0.7283 0.0937  0.2189  0.1897  -0.4913 -0.4666 0.0276  0.1053  -1.1432 0.2045  -0.4782 0.3169  -0.8363 0.3377  -0.4054 0.1347  0.2535  
0.0792  0.0621  0.2339  0.2815  -0.6745 0.1834  0.1624  -0.1057 0.2897  -0.7186 -0.3811 0.1973  0.1761  0.0711  -0.5715 0.1595  0.3079  0.2974  0.1128  0.2229  
0.3631  0.1657  0.3892  0.4264  0.3640  0.3494  0.3203  0.4041  0.4297  0.3901  0.2134  0.3568  0.3354  0.3648  0.4276  0.4087  0.4208  0.4347  0.2552  0.3801  
0.2698  0.0953  0.3007  -0.4621 -1.2335 0.2545  0.2239  -0.9127 0.3539  -0.2276 0.1299  0.2388  0.2395  0.2718  0.3509  0.2418  -0.2164 -0.2805 0.1637  -0.4864 
-0.1261 0.2604  0.4555  0.4690  -0.0209 0.4284  0.4068  -0.3408 0.2360  -0.0138 0.3125  0.0449  0.4182  0.4392  0.4794  0.3980  0.0738  0.1900  0.3526  0.0984  
0.2148  0.0669  0.2452  0.2959  0.2159  0.2003  0.1723  0.2643  0.1258  0.2785  -0.8801 0.2081  0.1864  0.2167  0.2977  0.2706  0.3031  0.3087  0.1205  0.2341  
-0.1093 0.0752  0.2631  -0.3819 -0.6407 0.2174  0.1882  -0.4974 -0.5494 -0.2029 0.1043  0.1910  0.2030  -0.5492 -0.3750 0.2885  -0.3340 -1.1244 0.1335  -1.2963 
0.1793  0.0519  0.2079  0.2577  0.1803  0.1659  0.1407  0.2263  0.2628  0.2402  0.0734  0.1731  0.1533  0.1811  0.2595  0.2324  0.2813  0.2706  0.0959  0.1974  
0.2516  0.0851  0.2826  -0.3209 -0.5509 0.1184  0.2064  -0.1186 -0.2470 -1.0535 0.1170  -0.5731 0.2216  -0.4757 0.3340  0.2301  0.0119  -0.6765 0.1150  0.2714  
-0.0456 -0.0159 0.3330  -0.1535 -0.7360 0.2878  0.2568  -0.3315 0.3827  -0.5892 -0.2615 -0.4212 0.2727  0.3049  -0.5253 0.3563  -0.2887 -0.2372 0.1932  0.0463  
0.2763  0.0992  0.3072  0.3551  -0.6373 -0.1798 0.2303  -0.3704 0.2133  0.3391  0.1348  0.2693  0.2460  -0.0383 0.3568  -0.3096 -0.5306 -0.1260 -0.2427 0.0145  
0.2480  0.0995  0.3076  0.3556  -0.1690 0.2615  -0.5345 0.3262  0.0208  0.3395  0.1352  -0.4842 0.2464  -0.4542 0.3241  0.3321  0.3761  0.3670  -1.2338 0.2966  
0.3534  0.1565  0.3803  0.4190  0.0130  0.3393  0.3096  -0.1109 0.4225  0.4065  0.2030  -0.0012 0.3250  0.3551  0.4203  -0.0933 0.0362  0.4277  0.2443  0.3708  
0.2126  0.0659  0.2429  -0.3756 -0.5702 0.1981  0.1702  -0.5235 0.2987  -0.1728 0.0921  0.2059  0.1843  0.2145  0.2954  0.2682  -0.3781 -0.5571 0.1189  0.2318  
0.0375  0.1275  -0.2816 0.3912  -0.4782 -0.1719 0.2726  -0.5624 0.2641  0.0318  0.1693  0.0920  0.2884  -0.0734 0.3927  0.3702  0.2265  -0.3419 0.2080  0.3372  
H 0.383 E 0.566    1.939   1.260   0.761   2.795   2.438   0.879   2.186   3.466   1.825   3.056   3.135  -0.650   4.280   2.531  -1.272
Kernel d0: 0.49 sigma: 0.05 SUM:    10.24 maxCount:   2.27 PSEUDO 200+0.2
0.0000  0.0000  0.0000  0.0000  0.0000  0.0000  0.0000  0.0000  0.0000  0.0000  0.0000  0.0000  0.0000  0.0000  0.0000  0.0000  0.0000  0.0000  0.0000  0.0000  
0.0000  0.0000  0.0000  0.0000  0.0000  0.0000  0.0000  0.0000  0.0000  0.0000  0.0000  0.0000  0.0000  0.0000  0.0000  0.0000  0.0000  0.0000  0.0000  0.0000  
0.0000  0.0000  0.0000  0.0000  0.0000  0.0000  0.0000  0.0000  0.0000  0.0000  0.0000  0.0000  0.0000  0.0000  0.0000  0.0000  0.0000  0.0000  0.0000  0.0000  
0.0000  0.0000  0.0000  0.0000  0.0000  0.0000  0.0000  0.0000  0.0000  0.0000  0.0000  0.0000  0.0000  0.0000  0.0000  0.0000  0.0000  0.0000  0.0000  0.0000  
0.0000  0.0000  0.0000  0.0000  0.0000  0.0000  0.0000  0.0000  0.0000  0.0000  0.0000  0.0000  0.0000  0.0000  0.0000  0.0000  0.0000  0.0000  0.0000  0.0000  
0.0000  0.0000  0.0000  0.0000  0.0000  0.0000  0.0000  0.0000  0.0000  0.0000  0.0000  0.0000  0.0000  0.0000  0.0000  0.0000  0.0000  0.0000  0.0000  0.0000  
0.0000  0.0000  0.0000  0.0000  0.0000  0.0000  0.0000  0.0000  0.0000  0.0000  0.0000  0.0000  0.0000  0.0000  0.0000  0.0000  0.0000  0.0000  0.0000  0.0000  
0.0000  0.0000  0.0000  0.0000  0.0000  0.0000  0.0000  0.0000  0.0000  0.0000  0.0000  0.0000  0.0000  0.0000  0.0000  0.0000  0.0000  0.0000  0.0000  0.0000  
0.0000  0.0000  0.0000  0.0000  0.0000  0.0000  0.0000  0.0000  0.0000  0.0000  0.0000  0.0000  0.0000  0.0000  0.0000  0.0000  0.0000  0.0000  0.0000  0.0000  
0.0000  0.0000  0.0000  0.0000  0.0000  0.0000  0.0000  0.0000  0.0000  0.0000  0.0000  0.0000  0.0000  0.0000  0.0000  0.0000  0.0000  0.0000  0.0000  0.0000  
0.0000  0.0000  0.0000  0.0000  0.0000  0.0000  0.0000  0.0000  0.0000  0.0000  0.0000  0.0000  0.0000  0.0000  0.0000  0.0000  0.0000  0.0000  0.0000  0.0000  
0.0000  0.0000  0.0000  0.0000  0.0000  0.0000  0.0000  0.0000  0.0000  0.0000  0.0000  0.0000  0.0000  0.0000  0.0000  0.0000  0.0000  0.0000  0.0000  0.0000  
0.0000  0.0000  0.0000  0.0000  0.0000  0.0000  0.0000  0.0000  0.0000  0.0000  0.0000  0.0000  0.0000  0.0000  0.0000  0.0000  0.0000  0.0000  0.0000  0.0000  
0.0000  0.0000  0.0000  0.0000  0.0000  0.0000  0.0000  0.0000  0.0000  0.0000  0.0000  0.0000  0.0000  0.0000  0.0000  0.0000  0.0000  0.0000  0.0000  0.0000  
0.0000  0.0000  0.0000  0.0000  0.0000  0.0000  0.0000  0.0000  0.0000  0.0000  0.0000  0.0000  0.0000  0.0000  0.0000  0.0000  0.0000  0.0000  0.0000  0.0000  
0.0000  0.0000  0.0000  0.0000  0.0000  0.0000  0.0000  0.0000  0.0000  0.0000  0.0000  0.0000  0.0000  0.0000  0.0000  0.0000  0.0000  0.0000  0.0000  0.0000  
0.0000  0.0000  0.0000  0.0000  0.0000  0.0000  0.0000  0.0000  0.0000  0.0000  0.0000  0.0000  0.0000  0.0000  0.0000  0.0000  0.0000  0.0000  0.0000  0.0000  
0.0000  0.0000  0.0000  0.0000  0.0000  0.0000  0.0000  0.0000  0.0000  0.0000  0.0000  0.0000  0.0000  0.0000  0.0000  0.0000  0.0000  0.0000  0.0000  0.0000  
0.0000  0.0000  0.0000  0.0000  0.0000  0.0000  0.0000  0.0000  0.0000  0.0000  0.0000  0.0000  0.0000  0.0000  0.0000  0.0000  0.0000  0.0000  0.0000  0.0000  
0.0000  0.0000  0.0000  0.0000  0.0000  0.0000  0.0000  0.0000  0.0000  0.0000  0.0000  0.0000  0.0000  0.0000  0.0000  0.0000  0.0000  0.0000  0.0000  0.0000  
H 0.383 E 0.566    2.152   1.146   0.156   3.023   2.318   0.156   3.060   2.974  -1.220   4.595   1.890   0.640   4.713   2.025   2.129
Kernel d0: 0.49 sigma: 0.05 SUM:   296.35 maxCount:  22.72 PSEUDO 200+0.2
0.6791  0.3805  0.7109  0.7537  0.1028  0.6618  0.6165  0.4492  0.3471  -0.2579 0.4641  0.6713  0.6438  0.6813  0.1805  0.3627  0.2878  0.1744  0.5306  0.3833  
0.2840  0.0823  0.3294  0.4086  0.2855  0.2628  0.2229  0.3587  0.4169  -0.1140 0.1164  0.2741  0.2429  0.2868  -0.8160 -0.6948 0.4464  -0.5506 0.1521  0.3127  
-2.7258 0.1957  -0.8381 -1.7803 -1.3803 -1.1874 -1.1191 -1.2717 -1.0100 -0.8605 -0.9248 -1.5066 0.4490  -0.7694 -1.0638 -2.7935 -1.4105 -0.0233 -0.3973 -1.1043 
-0.5326 0.2460  0.6041  0.0238  -0.2777 -0.3340 0.4896  -0.0931 -0.2362 -0.2305 -1.3263 0.5498  0.5144  0.5631  0.4171  -0.4786 0.1064  0.6821  0.2761  0.5887  
0.6274  0.3139  0.5568  -0.2815 0.6222  0.2229  0.5637  -0.1041 0.4316  0.4365  0.3948  0.6182  0.5864  0.0803  -0.1770 0.1044  -0.1171 0.0199  -0.5170 0.1217  
-0.6059 0.1776  0.5196  -0.8638 -0.1233 0.4465  0.3971  -1.0666 0.3276  -0.3874 0.2388  -1.2100 0.4224  -0.4870 0.5967  -0.5107 0.6257  -0.7089 0.2968  0.5022  
-0.2197 0.1473  0.4710  0.3451  0.2999  0.1865  0.3485  -0.5072 0.5572  -0.6076 -0.3084 0.4102  0.3732  -1.0959 -1.1523 -0.4537 0.5838  0.5686  0.2538  0.4532  
0.0021  0.3544  0.6943  0.7408  0.6614  0.6418  0.6014  0.7132  0.7450  0.1294  0.4374  0.2567  0.6226  0.6625  0.7423  0.7190  0.3426  0.7509  0.5048  0.6825  
0.5273  0.2184  0.5734  0.6415  -0.3678 0.5037  0.4547  -0.3616 -0.0306 -0.1199 0.2876  -0.0372 0.4799  0.5303  0.6438  0.1580  -0.2688 -0.4049 0.3508  -0.2903 
0.0343  0.5129  0.5079  0.2758  0.5305  0.7433  0.7167  -0.1283 0.7570  0.1147  0.5904  0.4469  0.7308  0.5232  0.7554  0.3261  0.3095  0.4438  0.6462  0.5055  
0.4398  0.1580  0.4891  0.5664  0.4415  0.4153  0.3663  0.5189  0.2213  0.5404  -0.9891 0.4285  0.3912  0.4429  0.5691  0.5285  -0.1769 0.5849  0.2693  0.4714  
-0.8069 0.1759  0.5171  -1.0515 -0.3576 0.4439  0.3945  -1.0338 -0.7330 -0.5730 0.2367  -0.7929 0.4198  -0.4765 -0.2315 0.5554  -0.3777 -1.3050 0.2945  -0.5544 
0.3788  0.1245  0.4282  0.5087  0.3805  0.3549  0.3081  0.4587  0.5167  0.4812  0.1721  0.3677  0.3318  0.3819  0.5115  0.4687  0.5447  0.5286  0.2197  0.4102  
-0.0714 0.1971  0.5467  0.0217  -0.1074 0.2361  0.4256  -0.0634 0.0053  -0.6070 0.2623  -0.0609 0.4510  -0.7604 0.6207  -0.6607 -0.2271 -0.4861 -0.8073 0.5298  
0.5766  -0.9240 -0.1205 0.0927  -0.6604 0.5544  0.5073  -0.2654 0.6859  -0.3943 -0.1474 -0.3438 0.5317  0.5795  -0.3547 0.6511  -0.2016 -0.3193 0.4031  0.3083  
0.5372  0.2264  0.5827  0.6495  -0.8185 -0.0216 0.4651  -0.9672 -0.3372 -0.0976 0.2969  0.5265  0.4903  -0.9442 0.6518  -0.3416 0.2176  -0.1770 0.1859  0.3274  
-0.7828 0.2270  0.1078  -0.0299 0.0558  0.5146  -0.5034 0.6097  0.3409  0.6283  0.2976  -0.3485 0.4911  -0.4528 0.2576  0.6180  0.0539  0.6654  0.0440  0.5673  
0.3624  0.3376  0.6828  0.7318  0.3611  0.6280  0.5863  0.4189  0.2370  0.7162  0.4199  0.2470  0.6081  0.6495  0.7334  0.6336  0.5991  0.7425  0.4877  0.6704  
0.4360  0.1558  -0.4259 -0.2683 -0.5420 0.4116  0.3626  -0.2833 0.5705  0.0618  0.2118  0.4247  0.3876  0.4392  0.5657  0.5249  -0.4205 -0.0567 0.2661  0.4677  
-0.1795 0.2828  -0.4966 0.6969  0.5791  -0.6801 0.5316  0.0601  -0.1807 -0.0568 0.3609  0.3357  0.5554  0.1690  0.6988  -0.1670 0.6957  -0.0910 0.4283  0.6251  
H 0.383 E 0.566    2.127   1.157  -0.186   3.027   2.294  -0.350   3.734   2.245  -1.699   4.170   2.332   0.907   3.635   3.149   2.046
Kernel d0: 0.49 sigma: 0.05 SUM:   273.66 maxCount:  15.89 PSEUDO 200+0.2
0.6338  0.3486  0.6647  0.7066  0.0255  0.6170  0.3905  0.4051  0.2945  -0.3235 0.4274  0.6262  0.5995  0.6359  0.2429  0.2052  0.2914  0.0323  0.4907  0.3337  
0.2585  0.0739  0.3008  0.3750  0.2599  0.2389  0.2020  0.3281  0.3828  -0.1740 0.1047  0.0166  0.2204  0.2611  -0.8342 -0.7190 0.4106  -0.6103 0.1372  0.2851  
-2.5514 0.1770  -0.7793 -1.5660 -1.4889 -0.9600 -1.1863 -1.2098 -0.7801 -0.8182 -0.5284 -0.9210 0.4131  -0.5764 -0.8616 -2.4752 -0.9806 -0.5570 -0.7570 -1.2868 
-0.2934 0.2234  0.5613  -0.0127 0.1488  -0.3680 0.4516  0.0246  -0.3741 -0.2966 -0.6355 0.5091  0.4752  0.5219  0.3666  -0.4275 0.0758  0.6367  -0.4471 0.1219  
0.5837  0.2863  0.5273  -0.3155 0.2978  0.1178  0.5224  -0.1580 0.4366  0.3603  0.3619  0.5748  0.5442  0.0424  -0.2114 -0.0811 -0.0116 0.0057  -0.4570 -0.0623 
-0.5210 0.1605  0.4802  -0.6645 -0.1373 0.4108  0.3641  -0.8668 -0.3191 -0.3733 0.2167  -1.3482 0.3880  -0.5132 0.5541  -0.7630 0.5821  -0.7313 0.2704  0.4636  
-0.2178 0.1329  0.4340  0.3716  -0.6181 0.2007  0.3186  -0.5214 0.5162  -0.6579 -0.3969 0.3765  0.3417  -0.9410 -1.0298 -0.3616 0.5417  0.5271  0.2306  0.4170  
0.5339  0.3241  0.6486  0.6940  0.6166  0.5976  0.5586  0.6669  0.6980  0.4809  0.4021  0.4767  0.5791  0.6177  0.6954  0.6726  0.3593  0.7038  0.4661  0.6371  
0.4876  0.1979  0.5317  0.0721  -1.1620 0.4650  0.4185  -0.7970 0.5649  -0.1552 0.2618  0.0026  0.4425  0.4904  0.5995  0.1559  -0.3007 -0.4298 0.3207  -0.7018 
-0.0593 0.4738  0.6083  0.4765  0.1468  0.6963  0.6704  -0.2140 0.4934  0.0743  0.5480  0.2644  0.6842  0.6803  0.7554  0.3534  0.2495  0.3328  0.6018  0.3385  
0.4044  0.1426  0.4512  0.5249  0.4060  0.3813  0.3352  0.4795  0.1907  0.5001  -1.0068 0.3937  0.3586  0.4074  0.5275  0.4887  0.0269  0.5428  0.2448  0.4343  
-0.6429 0.1590  0.4778  -0.9904 -0.7066 0.4083  0.3617  -0.7439 -0.4556 -0.5347 0.2147  -0.2918 0.3855  -0.5198 -0.3131 0.5144  -0.4053 -1.3571 0.2682  -1.2320 
0.3469  0.1121  0.3934  0.4698  0.3485  0.3245  0.2809  0.4223  0.4774  0.4436  0.1554  0.3366  0.3029  0.3499  0.4725  0.4317  0.5042  0.4888  0.1991  0.3765  
0.2338  0.1784  0.5061  -0.1595 -0.4544 0.2049  0.3910  -0.0692 -0.0968 -0.9553 0.2384  -0.4822 0.4150  -0.7819 0.5772  -0.5589 -0.0141 -0.7668 -0.6264 0.4899  
0.5173  -0.8068 0.4478  0.0243  -0.7054 0.5135  0.4685  -0.1885 0.6404  -0.6653 -0.2033 -0.2913 0.4918  0.5375  -0.3217 0.6067  -0.2478 -0.3799 0.3698  0.2406  
0.4971  0.2053  0.5407  0.6051  -0.5415 -0.0694 0.4284  -0.7279 -0.0331 0.3048  0.2705  0.4868  0.4523  -0.2525 0.6073  -0.3162 -0.2596 0.0701  -0.1668 0.1973  
-0.1484 0.2058  0.5142  0.4524  -0.0221 0.4754  -0.5314 0.5666  0.2274  0.5846  0.2712  -0.3922 0.4530  -0.3876 0.2547  0.5747  0.3791  0.6205  -1.2363 0.5259  
0.4988  0.3084  0.6374  0.6851  0.2163  0.5843  0.5441  0.0983  0.6894  0.6699  0.3857  0.1874  0.5651  0.6051  0.6867  0.1194  0.2689  0.6956  0.4498  0.6253  
0.4008  0.1406  0.4477  -0.3050 -0.5719 0.3778  0.3318  -0.4212 0.5289  -0.0277 0.1918  0.3902  0.3552  0.4038  0.5243  0.4853  -0.5379 -0.4257 0.2419  0.4308  
-0.1986 0.2574  -0.4487 0.6511  -0.0950 -0.5929 0.4916  -0.0851 0.1938  -0.1321 0.3302  0.2859  0.5144  0.0889  0.6529  0.5043  0.4703  -0.3452 0.3935  0.5815  
H 0.383 E 0.566    2.021   1.192  -0.706   2.723   2.444  -0.972   1.787   3.479  -1.584   4.048   2.174  -2.002   5.267   1.874  -1.182
Kernel d0: 0.49 sigma: 0.05 SUM:    46.50 maxCount:   3.43 PSEUDO 200+0.2
0.0569  0.0189  0.0642  0.0758  0.0572  0.0534  0.0465  0.0686  0.0769  0.0718  0.0261  0.0553  0.0500  0.0574  0.0349  0.0700  0.0641  0.0786  0.0333  0.0615  
0.0124  0.0029  0.0153  0.0211  0.0125  0.0112  0.0090  0.0173  0.0218  0.0189  0.0042  0.0118  0.0101  0.0126  0.0187  0.0180  0.0244  0.0229  0.0057  0.0142  
-0.3123 0.0077  0.0007  -0.3162 -0.1076 -0.0794 0.0089  -0.0707 -0.3422 -0.0055 -0.1463 -0.4515 0.0247  -0.0781 -0.1273 -0.8369 -0.4195 0.0447  0.0090  0.0329  
-0.1198 0.0103  0.0433  0.0546  -0.1504 0.0341  0.0287  -0.0094 0.0558  0.0506  -0.4294 0.0357  0.0314  0.0374  0.0550  0.0285  0.0600  0.0576  0.0193  0.0410  
0.0471  0.0143  0.0523  0.0618  0.0473  0.0438  0.0375  0.0585  0.0411  0.0618  0.0200  0.0456  0.0407  -0.0566 0.0544  0.0490  0.0239  0.0598  -0.0006 0.0515  
-0.3570 0.0068  0.0320  -0.2804 0.0230  0.0244  0.0202  -0.3237 0.0429  0.0159  0.0099  0.0257  0.0223  0.0271  0.0422  0.0367  0.0468  0.0190  0.0132  0.0300  
0.0222  0.0055  0.0268  0.0209  0.0224  0.0148  0.0166  0.0236  0.0366  0.0324  0.0080  0.0213  0.0184  -0.1057 -0.1111 -0.0192 0.0403  0.0381  0.0107  0.0251  
-0.2039 0.0170  0.0603  0.0720  0.0533  0.0496  0.0429  0.0647  0.0732  -0.1588 0.0236  -0.0360 0.0463  0.0535  0.0724  0.0662  0.0636  0.0749  0.0303  0.0577  
-0.1163 0.0088  0.0388  0.0496  0.0331  0.0302  0.0252  0.0427  -0.2389 0.0457  0.0126  0.0121  0.0277  0.0332  0.0500  0.0440  0.0522  0.0525  0.0167  0.0119  
0.0471  0.0312  0.0317  -0.0012 0.0747  0.0727  0.0656  0.0848  0.0935  0.0894  0.0412  0.0745  0.0692  0.0068  0.0546  0.0584  0.0966  0.0937  0.0504  0.0804  
0.0238  0.0060  0.0286  0.0378  0.0240  0.0217  0.0178  0.0319  0.0389  0.0345  0.0086  0.0228  0.0197  0.0241  0.0382  0.0330  -0.0122 0.0404  0.0116  0.0268  
-0.1229 0.0068  0.0317  -0.0444 0.0237  0.0242  0.0200  -0.3179 -0.2872 0.0139  0.0098  -0.2857 0.0221  0.0268  -0.1703 0.0364  -0.0596 0.0039  0.0130  0.0297  
0.0188  0.0045  0.0228  0.0307  0.0189  0.0170  0.0139  0.0256  0.0316  0.0278  0.0066  0.0180  0.0154  0.0190  0.0311  0.0265  0.0350  0.0330  0.0089  0.0213  
-0.0792 0.0078  0.0353  0.0456  0.0299  0.0272  0.0226  0.0229  0.0467  0.0419  0.0112  0.0285  0.0249  0.0300  0.0460  -0.0449 -0.0872 0.0484  -0.0816 0.0332  
0.0393  0.0006  -0.2123 0.0572  0.0395  0.0362  0.0306  -0.2385 0.0584  -0.0010 0.0158  -0.1441 0.0334  0.0397  -0.1796 0.0514  0.0627  0.0521  0.0207  0.0433  
0.0341  0.0092  0.0401  0.0511  -0.3067 0.0313  0.0262  -0.1621 -0.2422 -0.0786 0.0132  0.0328  0.0287  -0.4533 0.0515  0.0387  0.0565  -0.2370 0.0175  0.0379  
-0.3333 0.0093  -0.1347 -0.1885 0.0344  0.0314  0.0263  0.0442  0.0523  0.0473  0.0132  0.0329  0.0288  -0.0304 0.0443  0.0455  -0.0488 0.0541  0.0175  0.0380  
0.0104  0.0158  0.0577  0.0695  0.0509  0.0472  0.0406  0.0622  -0.2274 0.0655  0.0221  0.0490  0.0440  0.0511  0.0699  0.0636  0.0749  0.0725  0.0285  0.0551  
0.0235  0.0059  -0.3469 0.0374  0.0236  0.0214  0.0176  0.0315  0.0384  0.0340  0.0085  0.0225  0.0195  0.0238  0.0377  0.0326  -0.0341 0.0400  0.0114  0.0264  
0.0425  0.0123  -0.0514 0.0608  0.0427  -0.0238 0.0334  0.0535  -0.2097 -0.0111 0.0175  0.0410  0.0364  0.0195  0.0613  -0.2727 0.0663  0.0639  0.0228  0.0467  
H 0.383 E 0.566    1.978   1.264   0.692   2.962   2.342   0.659   2.302   3.696   0.895   3.787   2.347  -0.827   5.006   1.480  -0.725
Kernel d0: 0.49 sigma: 0.05 SUM:     6.11 maxCount:   1.00 PSEUDO 200+0.2
0.0000  0.0000  0.0000  0.0000  0.0000  0.0000  0.0000  0.0000  0.0000  0.0000  0.0000  0.0000  0.0000  0.0000  0.0000  0.0000  0.0000  0.0000  0.0000  0.0000  
0.0000  0.0000  0.0000  0.0000  0.0000  0.0000  0.0000  0.0000  0.0000  0.0000  0.0000  0.0000  0.0000  0.0000  0.0000  0.0000  0.0000  0.0000  0.0000  0.0000  
0.0000  0.0000  0.0000  0.0000  0.0000  0.0000  0.0000  0.0000  0.0000  0.0000  0.0000  0.0000  0.0000  0.0000  0.0000  0.0000  0.0000  0.0000  0.0000  0.0000  
0.0000  0.0000  0.0000  0.0000  0.0000  0.0000  0.0000  0.0000  0.0000  0.0000  0.0000  0.0000  0.0000  0.0000  0.0000  0.0000  0.0000  0.0000  0.0000  0.0000  
0.0000  0.0000  0.0000  0.0000  0.0000  0.0000  0.0000  0.0000  0.0000  0.0000  0.0000  0.0000  0.0000  0.0000  0.0000  0.0000  0.0000  0.0000  0.0000  0.0000  
0.0000  0.0000  0.0000  0.0000  0.0000  0.0000  0.0000  0.0000  0.0000  0.0000  0.0000  0.0000  0.0000  0.0000  0.0000  0.0000  0.0000  0.0000  0.0000  0.0000  
0.0000  0.0000  0.0000  0.0000  0.0000  0.0000  0.0000  0.0000  0.0000  0.0000  0.0000  0.0000  0.0000  0.0000  0.0000  0.0000  0.0000  0.0000  0.0000  0.0000  
0.0000  0.0000  0.0000  0.0000  0.0000  0.0000  0.0000  0.0000  0.0000  0.0000  0.0000  0.0000  0.0000  0.0000  0.0000  0.0000  0.0000  0.0000  0.0000  0.0000  
0.0000  0.0000  0.0000  0.0000  0.0000  0.0000  0.0000  0.0000  0.0000  0.0000  0.0000  0.0000  0.0000  0.0000  0.0000  0.0000  0.0000  0.0000  0.0000  0.0000  
0.0000  0.0000  0.0000  0.0000  0.0000  0.0000  0.0000  0.0000  0.0000  0.0000  0.0000  0.0000  0.0000  0.0000  0.0000  0.0000  0.0000  0.0000  0.0000  0.0000  
0.0000  0.0000  0.0000  0.0000  0.0000  0.0000  0.0000  0.0000  0.0000  0.0000  0.0000  0.0000  0.0000  0.0000  0.0000  0.0000  0.0000  0.0000  0.0000  0.0000  
0.0000  0.0000  0.0000  0.0000  0.0000  0.0000  0.0000  0.0000  0.0000  0.0000  0.0000  0.0000  0.0000  0.0000  0.0000  0.0000  0.0000  0.0000  0.0000  0.0000  
0.0000  0.0000  0.0000  0.0000  0.0000  0.0000  0.0000  0.0000  0.0000  0.0000  0.0000  0.0000  0.0000  0.0000  0.0000  0.0000  0.0000  0.0000  0.0000  0.0000  
0.0000  0.0000  0.0000  0.0000  0.0000  0.0000  0.0000  0.0000  0.0000  0.0000  0.0000  0.0000  0.0000  0.0000  0.0000  0.0000  0.0000  0.0000  0.0000  0.0000  
0.0000  0.0000  0.0000  0.0000  0.0000  0.0000  0.0000  0.0000  0.0000  0.0000  0.0000  0.0000  0.0000  0.0000  0.0000  0.0000  0.0000  0.0000  0.0000  0.0000  
0.0000  0.0000  0.0000  0.0000  0.0000  0.0000  0.0000  0.0000  0.0000  0.0000  0.0000  0.0000  0.0000  0.0000  0.0000  0.0000  0.0000  0.0000  0.0000  0.0000  
0.0000  0.0000  0.0000  0.0000  0.0000  0.0000  0.0000  0.0000  0.0000  0.0000  0.0000  0.0000  0.0000  0.0000  0.0000  0.0000  0.0000  0.0000  0.0000  0.0000  
0.0000  0.0000  0.0000  0.0000  0.0000  0.0000  0.0000  0.0000  0.0000  0.0000  0.0000  0.0000  0.0000  0.0000  0.0000  0.0000  0.0000  0.0000  0.0000  0.0000  
0.0000  0.0000  0.0000  0.0000  0.0000  0.0000  0.0000  0.0000  0.0000  0.0000  0.0000  0.0000  0.0000  0.0000  0.0000  0.0000  0.0000  0.0000  0.0000  0.0000  
0.0000  0.0000  0.0000  0.0000  0.0000  0.0000  0.0000  0.0000  0.0000  0.0000  0.0000  0.0000  0.0000  0.0000  0.0000  0.0000  0.0000  0.0000  0.0000  0.0000  
H 0.383 E 0.566    2.136   1.150  -0.190   3.031   2.286  -0.390   3.388   2.451  -1.862   4.445   2.096   0.535   4.247   2.719   1.885
Kernel d0: 0.49 sigma: 0.05 SUM:   314.41 maxCount:  22.31 PSEUDO 200+0.2
0.7141  0.4058  0.7465  0.7899  0.0968  0.6964  0.5296  0.4810  0.3712  -0.2531 0.4929  0.7061  0.6780  0.7163  0.2068  0.2827  0.3239  0.1153  0.5617  0.4087  
0.3044  0.0892  0.3522  0.4352  0.3060  0.2820  0.2396  0.3829  0.4438  -0.1339 0.1259  0.2939  0.2608  0.3073  -0.8093 -0.7026 0.4745  -0.5736 0.1641  0.3346  
-2.7007 0.2107  -0.8136 -1.7472 -1.4740 -1.1586 -1.1767 -1.2997 -1.0466 -0.8583 -0.9008 -1.4479 0.4772  -0.7414 -1.0329 -2.7561 -1.3560 -0.4625 -0.5138 -1.2451 
-0.4990 0.2642  0.6374  0.0524  -0.2221 -0.3171 0.5193  -0.0592 -0.3115 -0.2335 -1.1338 0.5816  0.5450  0.5953  0.4407  -0.4489 0.1374  0.7171  -0.2726 0.5136  
0.6612  0.3359  0.5911  -0.2590 0.5226  0.1855  0.5958  -0.0919 0.4665  0.4336  0.4207  0.6518  0.6192  -0.0385 -0.1547 0.1238  -0.0765 0.0398  -0.4953 0.0076  
-0.4910 0.1915  0.5504  -0.7515 -0.1012 0.4746  0.4231  -1.0838 -0.0421 -0.3637 0.2565  -1.3151 0.4495  -0.4719 0.6298  -0.7076 0.6595  -0.7029 0.3178  0.5324  
-0.1995 0.1591  0.5001  0.3771  -0.4647 0.2110  0.3723  -0.4904 0.5892  -0.6106 -0.3806 0.4368  0.3981  -1.0758 -1.1629 -0.4268 0.6165  0.6009  0.2724  0.4815  
0.1483  0.3784  0.7296  0.7769  0.6961  0.6759  0.6346  0.7488  0.7810  0.2407  0.4651  0.3105  0.6563  0.6971  0.7784  0.7547  0.3788  0.7871  0.5351  0.7175  
0.5583  0.2348  0.6058  0.5991  -1.0853 0.5339  0.4831  -0.7208 0.2258  -0.0950 0.3081  -0.0104 0.5093  0.5614  0.6780  0.1900  -0.2462 -0.3780 0.3746  -0.3824 
-0.0513 0.5434  0.5591  0.3385  0.3412  0.7793  0.7523  -0.1404 0.5919  0.1377  0.6233  0.3428  0.7667  0.6032  0.8338  0.3635  0.3278  0.4224  0.6804  0.4201  
0.4676  0.1705  0.5189  0.5986  0.4694  0.4421  0.3909  0.5496  0.2500  0.5719  -1.0070 0.4558  0.4170  0.4709  0.6014  0.5595  -0.1379 0.6177  0.2888  0.5004  
-0.7113 0.1896  0.5478  -1.0321 -0.6581 0.4719  0.4204  -0.9156 -0.5467 -0.5576 0.2543  -0.6281 0.4468  -0.4776 -0.4831 0.5873  -0.4758 -1.3203 0.3154  -1.0432 
0.4040  0.1346  0.4555  0.5391  0.4058  0.3789  0.3298  0.4873  0.5473  0.5106  0.1855  0.3924  0.3547  0.4072  0.5420  0.4976  0.5763  0.5597  0.2362  0.4368  
-0.0236 0.2122  0.5784  -0.0949 -0.3993 0.2616  0.4529  -0.0643 -0.0324 -0.8916 0.2814  -0.4147 0.4793  -0.7450 0.6544  -0.6328 -0.2062 -0.5268 -0.7913 0.5609  
0.6092  -0.9114 0.0016  0.0935  -0.6543 0.5863  0.5377  -0.0751 0.7210  -0.5381 -0.1678 -0.3440 0.5629  0.6121  -0.3923 0.6855  -0.1821 -0.3262 0.4294  0.3099  
0.5686  0.2434  0.6154  0.6839  -0.6275 -0.0149 0.4940  -0.9401 -0.0397 -0.0315 0.3180  0.5575  0.5200  -0.6848 0.6862  -0.3273 0.0541  0.0684  -0.1122 0.2758  
-0.4565 0.2440  0.2891  0.0616  0.0371  0.5452  -0.4908 0.6431  0.3002  0.6622  0.3187  -0.3419 0.5208  -0.4292 0.2899  0.6517  0.1135  0.7001  -0.9912 0.5996  
0.4101  0.3608  0.7179  0.7677  0.3032  0.6619  0.6191  0.1899  0.7076  0.7518  0.4470  0.2572  0.6415  0.6839  0.7693  0.2423  0.3607  0.7785  0.5174  0.7052  
0.4637  0.1681  0.1218  -0.2508 -0.5364 0.4382  0.3871  -0.3705 0.6028  0.0305  0.2278  0.4520  0.4132  0.4670  0.5979  0.5559  -0.5857 -0.3586 0.2854  0.4966  
-0.1528 0.3031  -0.5164 0.7322  0.4088  -0.6523 0.5627  0.0399  -0.0759 -0.0925 0.3852  0.3542  0.5873  0.1133  0.7341  0.0294  0.5743  -0.2217 0.4556  0.6589  
H 0.383 E 0.566    2.118   1.165   0.199   2.992   2.335   0.198   3.263   2.818   1.618   2.307   3.588  -0.724   2.764   3.468  -2.148
Kernel d0: 0.49 sigma: 0.05 SUM:    11.47 maxCount:   2.44 PSEUDO 200+0.2
0.0000  0.0000  0.0000  0.0000  0.0000  0.0000  0.0000  0.0000  0.0000  0.0000  0.0000  0.0000  0.0000  0.0000  0.0000  0.0000  0.0000  0.0000  0.0000  0.0000  
0.0000  0.0000  0.0000  0.0000  0.0000  0.0000  0.0000  0.0000  0.0000  0.0000  0.0000  0.0000  0.0000  0.0000  0.0000  0.0000  0.0000  0.0000  0.0000  0.0000  
0.0000  0.0000  0.0000  0.0000  0.0000  0.0000  0.0000  0.0000  0.0000  0.0000  0.0000  0.0000  0.0000  0.0000  0.0000  0.0000  0.0000  0.0000  0.0000  0.0000  
0.0000  0.0000  0.0000  0.0000  0.0000  0.0000  0.0000  0.0000  0.0000  0.0000  0.0000  0.0000  0.0000  0.0000  0.0000  0.0000  0.0000  0.0000  0.0000  0.0000  
0.0000  0.0000  0.0000  0.0000  0.0000  0.0000  0.0000  0.0000  0.0000  0.0000  0.0000  0.0000  0.0000  0.0000  0.0000  0.0000  0.0000  0.0000  0.0000  0.0000  
0.0000  0.0000  0.0000  0.0000  0.0000  0.0000  0.0000  0.0000  0.0000  0.0000  0.0000  0.0000  0.0000  0.0000  0.0000  0.0000  0.0000  0.0000  0.0000  0.0000  
0.0000  0.0000  0.0000  0.0000  0.0000  0.0000  0.0000  0.0000  0.0000  0.0000  0.0000  0.0000  0.0000  0.0000  0.0000  0.0000  0.0000  0.0000  0.0000  0.0000  
0.0000  0.0000  0.0000  0.0000  0.0000  0.0000  0.0000  0.0000  0.0000  0.0000  0.0000  0.0000  0.0000  0.0000  0.0000  0.0000  0.0000  0.0000  0.0000  0.0000  
0.0000  0.0000  0.0000  0.0000  0.0000  0.0000  0.0000  0.0000  0.0000  0.0000  0.0000  0.0000  0.0000  0.0000  0.0000  0.0000  0.0000  0.0000  0.0000  0.0000  
0.0000  0.0000  0.0000  0.0000  0.0000  0.0000  0.0000  0.0000  0.0000  0.0000  0.0000  0.0000  0.0000  0.0000  0.0000  0.0000  0.0000  0.0000  0.0000  0.0000  
0.0000  0.0000  0.0000  0.0000  0.0000  0.0000  0.0000  0.0000  0.0000  0.0000  0.0000  0.0000  0.0000  0.0000  0.0000  0.0000  0.0000  0.0000  0.0000  0.0000  
0.0000  0.0000  0.0000  0.0000  0.0000  0.0000  0.0000  0.0000  0.0000  0.0000  0.0000  0.0000  0.0000  0.0000  0.0000  0.0000  0.0000  0.0000  0.0000  0.0000  
0.0000  0.0000  0.0000  0.0000  0.0000  0.0000  0.0000  0.0000  0.0000  0.0000  0.0000  0.0000  0.0000  0.0000  0.0000  0.0000  0.0000  0.0000  0.0000  0.0000  
0.0000  0.0000  0.0000  0.0000  0.0000  0.0000  0.0000  0.0000  0.0000  0.0000  0.0000  0.0000  0.0000  0.0000  0.0000  0.0000  0.0000  0.0000  0.0000  0.0000  
0.0000  0.0000  0.0000  0.0000  0.0000  0.0000  0.0000  0.0000  0.0000  0.0000  0.0000  0.0000  0.0000  0.0000  0.0000  0.0000  0.0000  0.0000  0.0000  0.0000  
0.0000  0.0000  0.0000  0.0000  0.0000  0.0000  0.0000  0.0000  0.0000  0.0000  0.0000  0.0000  0.0000  0.0000  0.0000  0.0000  0.0000  0.0000  0.0000  0.0000  
0.0000  0.0000  0.0000  0.0000  0.0000  0.0000  0.0000  0.0000  0.0000  0.0000  0.0000  0.0000  0.0000  0.0000  0.0000  0.0000  0.0000  0.0000  0.0000  0.0000  
0.0000  0.0000  0.0000  0.0000  0.0000  0.0000  0.0000  0.0000  0.0000  0.0000  0.0000  0.0000  0.0000  0.0000  0.0000  0.0000  0.0000  0.0000  0.0000  0.0000  
0.0000  0.0000  0.0000  0.0000  0.0000  0.0000  0.0000  0.0000  0.0000  0.0000  0.0000  0.0000  0.0000  0.0000  0.0000  0.0000  0.0000  0.0000  0.0000  0.0000  
0.0000  0.0000  0.0000  0.0000  0.0000  0.0000  0.0000  0.0000  0.0000  0.0000  0.0000  0.0000  0.0000  0.0000  0.0000  0.0000  0.0000  0.0000  0.0000  0.0000  
H 0.383 E 0.566    2.112   1.180   0.260   3.040   2.301   0.142   4.151   1.991  -0.854   3.707   2.681   1.659   2.845   3.700   2.343
Kernel d0: 0.49 sigma: 0.05 SUM:   166.72 maxCount:   3.55 PSEUDO 200+0.2
0.3888  0.1874  0.4139  0.4490  -0.1584 0.3755  0.1779  0.2020  0.1016  -0.4775 0.2381  0.3828  0.3619  0.3905  0.2307  -0.0034 0.3171  -0.1645 0.2815  0.1406  
0.1335  0.0352  0.1582  0.2040  0.1343  0.1223  0.1017  0.1748  0.2090  -0.2367 0.0505  -0.8344 0.1119  0.1350  -0.7096 -0.2087 0.2270  -0.6554 0.0671  0.1490  
-1.0180 0.0882  -0.0166 -0.3682 -1.3863 0.0303  -1.0959 -0.8446 -0.3418 -0.4214 0.1211  0.1554  0.2287  0.1692  -0.3160 -0.6715 0.2191  -0.6592 -0.5094 -1.1602 
0.2623  0.1136  0.3327  -0.0295 0.3028  -0.4477 0.2544  0.3179  -0.4401 -0.4047 0.0949  0.2945  0.2707  0.3037  0.1581  -0.1965 0.0889  0.3911  -0.5070 -0.0909 
0.3496  0.1497  0.3691  -0.2649 0.0870  -0.0550 0.3041  -0.2380 0.4101  0.1886  0.1958  0.3429  0.3200  -0.0170 -0.2624 -0.1838 0.0480  0.1238  0.1166  -0.2352 
-0.5964 0.0794  0.2741  -0.6733 0.0783  0.2271  0.1971  -0.4985 -0.4532 0.0966  0.1098  -1.1332 0.2123  -0.4696 0.3273  -0.7604 0.3485  -0.4229 0.1403  0.2626  
0.0369  0.0649  0.2425  0.2897  -0.6730 0.1876  0.1690  -0.3232 0.2996  -0.6961 -0.3832 0.2049  0.1831  0.0176  -0.5524 0.1022  0.3182  0.3075  0.1176  0.2313  
0.3743  0.1723  0.4007  0.4383  0.3752  0.3604  0.3308  0.4157  0.4417  0.3949  0.2215  0.3679  0.3461  0.3760  0.4395  0.4204  0.4158  0.4466  0.2644  0.3915  
0.2793  0.0995  0.3108  -0.4545 -1.2349 0.2636  0.2322  -0.9078 0.3649  -0.2226 0.1354  0.2274  0.2482  0.2813  0.3619  0.2700  -0.2469 -0.2349 0.1702  -0.5214 
-0.1337 0.2697  0.4641  0.4808  -0.0071 0.4403  0.4185  -0.3237 0.2470  0.0019  0.3229  0.0449  0.4300  0.4512  0.4916  0.4043  0.0822  0.1729  0.3637  0.1079  
0.2229  0.0700  0.2541  0.3059  0.2240  0.2080  0.1791  0.2736  0.1155  0.2881  -0.8949 0.2160  0.1937  0.2249  0.3078  0.2800  0.3082  0.3190  0.1257  0.2427  
-0.2117 0.0786  0.2724  -0.3701 -0.6750 0.2255  0.1956  -0.5611 -0.5289 -0.2157 0.1088  0.1810  0.2107  -0.5368 -0.3706 0.2983  -0.3272 -1.1484 0.1391  -1.2937 
0.1864  0.0543  0.2158  0.2669  0.1874  0.1726  0.1465  0.2347  0.2722  0.2490  0.0767  0.1800  0.1596  0.1882  0.2688  0.2410  0.2910  0.2801  0.1001  0.2050  
0.2607  0.0889  0.2924  -0.3166 -0.5483 0.1094  0.2143  -0.1160 -0.2477 -1.0481 0.1220  -0.5725 0.2299  -0.6190 0.3448  0.1930  0.0366  -0.6858 0.1035  0.2809  
-0.0090 -0.0325 0.3437  -0.1576 -0.7555 0.2976  0.2660  -0.3645 0.3941  -0.5866 -0.2510 -0.3665 0.2822  0.3151  -0.5275 0.3674  -0.2996 -0.2410 0.2007  0.0593  
0.2860  0.1035  0.3174  0.3662  -0.6385 -0.1214 0.2388  -0.3689 0.2472  0.3499  0.1404  0.2787  0.2549  -0.0533 0.3679  -0.3010 -0.5209 -0.1226 -0.2433 0.0241  
0.2504  0.1038  0.3179  0.3666  -0.1660 0.2708  -0.5290 0.3368  0.0293  0.3503  0.1408  -0.4813 0.2554  -0.4561 0.3277  0.3428  0.3875  0.3782  -1.2391 0.3066  
0.3644  0.1628  0.3917  0.4308  0.0194  0.3501  0.3199  -0.1032 0.4344  0.4182  0.2108  0.0005  0.3356  0.3662  0.4321  -0.0837 0.0463  0.4396  0.2532  0.3821  
0.2207  0.0689  0.2518  -0.4042 -0.4917 0.2058  0.1770  -0.5223 0.3088  -0.1703 0.0962  0.2137  0.1915  0.2226  0.3055  0.2777  -0.3814 -0.5540 0.1240  0.2404  
-0.0169 0.1328  -0.2857 0.4028  -0.4673 -0.2284 0.2821  -0.5470 0.2715  0.0336  0.1760  0.0979  0.2983  -0.0590 0.4043  0.3815  0.2371  -0.3352 0.2159  0.3480  
H 0.383 E 0.566    1.782   1.352   0.924   2.620   2.530   1.125   4.033   2.294   0.606   2.666   2.951   2.772   1.554   3.912   3.073
Kernel d0: 0.49 sigma: 0.05 SUM:    64.22 maxCount:   2.66 PSEUDO 200+0.2
0.1049  0.0380  0.1163  0.1340  -0.1092 0.0992  -0.0115 0.1059  0.1266  -0.0831 0.0516  0.1023  0.0935  0.1056  0.1090  0.0400  0.1416  -0.0957 0.0647  0.0732  
0.0254  0.0060  0.0310  0.0423  0.0256  0.0229  0.0186  0.0349  0.0436  -0.0484 0.0087  -0.5646 0.0207  0.0257  -0.0181 0.0363  0.0485  -0.0827 0.0118  0.0288  
0.0578  0.0159  0.0678  0.0702  -0.5959 0.0532  -0.1206 -0.1696 -0.2370 -0.0408 0.0227  0.0556  0.0489  0.0584  0.0611  0.0765  0.0944  -0.4691 -0.2938 -0.4901 
0.0713  0.0211  0.0823  0.1011  0.0717  0.0156  0.0563  0.0893  -0.0263 -0.0532 0.0297  0.0689  0.0613  0.0720  0.0754  0.0718  0.1048  0.1059  -0.3498 -0.1697 
0.0887  0.0290  0.1003  0.0425  -0.0701 -0.0066 0.0721  0.0856  0.1208  0.0997  0.0401  0.0861  0.0777  -0.1200 0.0557  -0.2366 0.1084  0.1007  0.0513  -0.1281 
-0.2585 0.0142  0.0623  0.0321  0.0531  0.0485  0.0405  -0.2027 -0.3329 0.0735  0.0203  -0.1945 0.0445  0.0357  0.0803  -0.0721 0.0882  -0.1055 0.0269  0.0588  
0.0443  0.0114  0.0528  0.0688  -0.3457 0.0405  0.0335  0.0586  0.0706  -0.0698 -0.1310 0.0425  0.0370  0.0448  -0.0000 0.0605  0.0770  0.0733  0.0219  0.0496  
0.0986  0.0343  0.1102  0.1284  0.0990  0.0929  0.0816  0.1172  0.1302  0.1223  0.0469  0.0960  0.0874  0.0994  0.1290  0.1195  0.1363  0.1328  0.0593  0.1060  
0.0640  0.0182  0.0744  -0.4695 -0.9210 0.0591  0.0499  -0.5459 0.0948  0.0636  0.0258  0.0617  0.0545  0.0646  0.0936  0.0835  0.0825  0.0880  0.0338  -0.3976 
0.0037  0.0609  0.1443  0.1582  -0.1715 0.1294  0.1186  0.0104  0.0127  0.0651  0.0787  0.0650  0.1242  0.1352  0.1587  0.1503  0.1125  0.0657  0.0943  -0.0549 
0.0473  0.0124  0.0562  0.0728  0.0476  0.0433  0.0360  0.0622  0.0688  0.0668  -0.0362 0.0455  0.0396  0.0479  0.0734  0.0642  0.0811  0.0773  0.0237  0.0529  
0.0524  0.0140  0.0618  0.0712  -0.3540 0.0480  0.0401  0.0438  -0.0951 0.0244  0.0201  0.0503  0.0440  0.0239  -0.3450 0.0702  -0.0494 -0.2873 0.0266  -0.8449 
0.0378  0.0094  0.0454  0.0601  0.0380  0.0344  0.0283  0.0506  0.0617  0.0547  0.0137  0.0362  0.0313  0.0382  0.0607  0.0524  0.0678  0.0642  0.0183  0.0425  
0.0582  0.0160  0.0682  -0.1695 -0.2309 0.0514  0.0450  -0.0396 -0.0180 -0.4621 0.0229  -0.4149 0.0493  0.0401  0.0868  0.0770  0.0664  -0.3307 0.0302  0.0645  
-0.1755 0.0227  0.0864  0.0353  -0.1177 0.0700  0.0598  -0.3133 0.1072  -0.3601 -0.0247 -0.1169 0.0649  0.0759  -0.3438 0.0958  0.0302  -0.0524 0.0414  0.0310  
0.0661  0.0190  0.0768  0.0953  -0.1083 0.0425  0.0518  -0.1135 0.0972  0.0888  0.0269  0.0638  0.0565  0.0668  0.0960  0.0429  -0.3097 -0.0907 -0.1661 -0.0223 
0.0663  0.0191  0.0769  0.0955  -0.0866 0.0613  0.0208  0.0838  -0.0310 0.0890  0.0270  -0.0643 0.0566  -0.0065 0.0962  0.0861  0.1043  0.1003  -0.8551 0.0730  
0.0946  0.0321  0.1062  0.1246  -0.0869 0.0889  0.0776  -0.2106 0.1264  0.1184  0.0441  -0.0156 0.0834  0.0953  0.1253  -0.1013 -0.0825 0.1291  0.0560  0.1020  
0.0467  0.0122  0.0555  0.0136  -0.0407 0.0427  0.0355  -0.1976 0.0737  -0.0394 0.0175  0.0448  0.0391  0.0472  0.0726  0.0635  -0.2378 -0.4093 0.0233  0.0522  
0.0809  0.0252  -0.0501 0.1111  -0.4408 0.0659  0.0649  -0.3718 0.0480  -0.0944 0.0352  0.0229  0.0702  0.0228  0.1118  0.1017  0.0170  -0.2847 0.0454  0.0881  
H 0.383 E 0.566    2.056   1.207   0.483   2.922   2.379   0.575   3.772   2.534  -0.681   3.922   2.272   1.946   3.235   2.911   3.116
Kernel d0: 0.49 sigma: 0.05 SUM:   261.10 maxCount:  14.21 PSEUDO 200+0.2
0.6074  0.3300  0.6379  0.6792  0.0024  0.5909  0.3661  0.3790  0.2755  -0.3481 0.4060  0.5999  0.5737  0.6095  0.2595  0.1829  0.2798  0.0081  0.4674  0.3076  
0.2437  0.0691  0.2841  0.3554  0.2451  0.2250  0.1899  0.3103  0.3629  -0.1860 0.0980  -0.5019 0.2075  0.2462  -0.8330 -0.6144 0.3898  -0.6189 0.1286  0.2692  
-2.5383 0.1663  -0.7736 -1.4677 -1.4896 -0.9355 -1.1801 -1.1884 -0.7241 -0.8061 -0.3507 -0.7600 0.3922  -0.4807 -0.7822 -2.3812 -0.8677 -0.5781 -0.7747 -1.2957 
-0.1237 0.2103  0.5363  -0.0259 0.2797  -0.3822 0.4295  0.0859  -0.3948 -0.3157 -0.5291 0.4853  0.4524  0.4978  0.3430  -0.4273 0.0521  0.6103  -0.4617 0.0973  
0.5582  0.2703  0.5045  -0.3295 0.2682  0.0974  0.4983  -0.1692 0.4836  0.3367  0.3428  0.5495  0.5196  0.0662  -0.2088 -0.0567 -0.0124 -0.0109 -0.4339 -0.0827 
-0.5336 0.1506  0.4572  -0.6578 -0.1380 0.3899  0.3449  -0.7361 -0.3321 -0.2995 0.2039  -1.3415 0.3679  -0.5212 0.5292  -0.7649 0.5567  -0.7021 0.2550  0.4411  
-0.2329 0.1245  0.4124  0.3818  -0.6147 0.1957  0.3012  -0.4884 0.4922  -0.6730 -0.3996 0.3568  0.3234  -0.7942 -0.9498 -0.3301 0.5171  0.5029  0.2171  0.3960  
0.5531  0.3065  0.6220  0.6667  0.5906  0.5718  0.5337  0.6401  0.6707  0.5043  0.3816  0.5023  0.5537  0.5915  0.6682  0.6457  0.3492  0.6765  0.4435  0.6106  
0.4644  0.1860  0.5074  -0.1027 -1.1739 0.4425  0.3974  -0.8124 0.5621  -0.1740 0.2469  0.0292  0.4206  0.4672  0.5738  0.1279  -0.2805 -0.4491 0.3032  -0.6909 
-0.0737 0.4510  0.6035  0.4957  0.1068  0.6691  0.6434  -0.2318 0.4684  0.0392  0.5233  0.2448  0.6571  0.6615  0.7276  0.3587  0.2252  0.3096  0.5760  0.3133  
0.3837  0.1337  0.4291  0.5008  0.3853  0.3615  0.3171  0.4566  0.1659  0.4766  -1.0001 0.3734  0.3397  0.3866  0.5033  0.4655  0.0613  0.5182  0.2307  0.4127  
-0.6349 0.1492  0.4549  -0.8442 -0.7066 0.3876  0.3426  -0.7086 -0.4650 -0.5361 0.2021  -0.1862 0.3656  -0.5261 -0.2747 0.4905  -0.3519 -1.3195 0.2530  -1.2551 
0.3284  0.1050  0.3732  0.4471  0.3299  0.3069  0.2651  0.4011  0.4545  0.4217  0.1458  0.3184  0.2862  0.3312  0.4498  0.4102  0.4806  0.4656  0.1872  0.3569  
0.3041  0.1675  0.4824  -0.1781 -0.4664 0.1870  0.3709  -0.0717 -0.1141 -0.9681 0.2246  -0.4963 0.3940  -0.7793 0.5519  -0.4572 0.0358  -0.7974 -0.4454 0.4667  
0.4792  -0.8439 0.4866  0.0041  -0.7201 0.4896  0.4458  -0.2574 0.6139  -0.6176 -0.2132 -0.3120 0.4685  0.5131  -0.3533 0.5808  -0.2465 -0.3809 0.3504  0.2186  
0.4736  0.1930  0.5161  0.5792  -0.5524 -0.0866 0.4070  -0.7047 0.0711  0.3464  0.2552  0.4637  0.4301  -0.1760 0.5813  -0.3307 -0.3306 0.0428  -0.1771 0.1765  
-0.1560 0.1936  0.5063  0.5127  -0.0402 0.4526  -0.5410 0.5415  0.2048  0.5591  0.2558  -0.4075 0.4308  -0.3890 0.2470  0.5494  0.4134  0.5943  -1.2487 0.5017  
0.5003  0.2914  0.6110  0.6580  0.1870  0.5588  0.5195  0.0742  0.6622  0.6430  0.3657  0.1647  0.5400  0.5792  0.6595  0.1040  0.2450  0.6683  0.4277  0.5991  
0.3804  0.1318  0.4257  -0.3209 -0.6013 0.3581  0.3139  -0.4349 0.5046  -0.0448 0.1803  0.3701  0.3363  0.3832  0.5002  0.4622  -0.4803 -0.4425 0.2279  0.4093  
-0.2176 0.2426  -0.4155 0.6244  -0.2806 -0.5408 0.4683  -0.1618 0.2718  -0.1184 0.3123  0.2638  0.4905  0.0785  0.6263  0.5694  0.4457  -0.3750 0.3733  0.5561  
H 0.383 E 0.566    2.129   1.166   0.243   2.983   2.345   0.350   4.314   2.125  -0.359   3.251   2.736   1.983   2.188   3.686   2.450
Kernel d0: 0.49 sigma: 0.05 SUM:   112.49 maxCount:   2.97 PSEUDO 200+0.2
0.2427  0.1040  0.2623  0.2908  -0.1695 0.2325  0.0673  0.2154  0.1717  -0.2998 0.1360  0.2380  0.2222  0.2440  0.1427  -0.0851 0.2885  -0.1707 0.1648  0.1214  
0.0719  0.0180  0.0864  0.1143  0.0724  0.0655  0.0538  0.0963  0.1174  -0.1669 0.0260  -0.7679 0.0596  0.0728  -0.3033 0.0390  0.1289  -0.4992 0.0349  0.0809  
0.0845  0.0463  0.1645  0.0941  -1.0719 0.1397  -0.7348 -0.4269 -0.3571 -0.1159 0.0648  0.1452  0.1299  0.1513  -0.0559 0.1507  0.2238  -0.6737 -0.4100 -0.9182 
0.1788  0.0605  0.2008  0.1750  0.1795  -0.1405 0.1467  0.2142  -0.2691 -0.2571 0.0832  0.1738  0.1575  0.1802  0.0954  0.1145  0.2183  0.2445  -0.4792 -0.1614 
0.2131  0.0813  0.2345  -0.0536 -0.0125 -0.1067 0.1804  -0.0310 0.2698  0.1194  0.1092  0.2082  0.1917  -0.1030 -0.0059 -0.2184 0.1124  0.1080  0.1354  -0.2863 
-0.5215 0.0415  0.1598  -0.4081 0.1277  0.1289  0.1100  -0.4609 -0.4432 0.1591  0.0584  -0.7099 0.1195  -0.0722 0.1969  -0.6167 0.2123  -0.3023 0.0759  0.1521  
0.1084  0.0337  0.1389  0.1737  -0.6371 0.1100  0.0928  0.0942  0.1773  -0.4285 -0.3005 0.1149  0.1014  0.1204  -0.3769 0.1560  0.1904  0.1828  0.0628  0.1316  
0.2315  0.0948  0.2519  0.2819  0.2323  0.2211  0.1994  0.2638  0.2847  0.2701  0.1253  0.2267  0.2106  0.2329  0.2829  0.2675  0.2942  0.2888  0.1533  0.2447  
0.1633  0.0526  0.1852  -0.5191 -1.1906 0.1528  0.1322  -0.8607 0.2245  0.0393  0.0730  0.1584  0.1426  0.1647  0.2222  0.1972  0.0441  0.1129  0.0936  -0.4720 
-0.0750 0.1568  0.3064  0.3264  -0.1080 0.2836  0.2660  -0.1655 0.1044  0.0842  0.1937  -0.0233 0.2752  0.2926  0.3270  0.3101  0.1614  0.1563  0.2235  -0.0112 
0.1262  0.0364  0.1465  0.1817  0.1269  0.1168  0.0989  0.1595  0.1596  0.1694  -0.4651 0.1218  0.1079  0.1275  0.1831  0.1639  0.1985  0.1909  0.0674  0.1390  
0.1022  0.0411  0.1587  0.0569  -0.5844 0.1279  0.1091  -0.0889 -0.3383 -0.0646 0.0578  0.1332  0.1185  -0.2408 -0.4122 0.1764  -0.3253 -0.7861 0.0751  -1.2046 
0.1034  0.0280  0.1217  0.1550  0.1040  0.0950  0.0795  0.1338  0.1585  0.1431  0.0400  0.0995  0.0872  0.1045  0.1562  0.1379  0.1714  0.1639  0.0529  0.1149  
0.1508  0.0467  0.1723  -0.3485 -0.5326 0.1235  0.1207  -0.1355 -0.1944 -0.9429 0.0653  -0.5584 0.1307  -0.0805 0.2096  0.1903  -0.0017 -0.4462 0.0843  0.1645  
-0.1715 0.0649  0.2088  -0.1248 -0.4254 0.1760  0.1544  -0.3334 0.2467  -0.5207 -0.1882 -0.3320 0.1654  0.1882  -0.5474 0.2264  -0.1017 -0.1888 0.1122  0.0025  
0.1679  0.0548  0.1898  0.2254  -0.5570 -0.0236 0.1364  -0.3379 0.2158  0.2133  0.0759  0.1630  0.1470  0.1103  0.2267  -0.1768 -0.5367 -0.1363 -0.2413 -0.0404 
0.1682  0.0550  0.1902  0.2258  -0.1780 0.1576  -0.1625 0.2037  -0.0547 0.2137  0.0761  -0.3159 0.1473  -0.2792 0.2270  0.2081  0.2416  0.2346  -1.1398 0.1822  
0.2241  0.0891  0.2449  0.2759  -0.0351 0.2135  0.1916  -0.1922 0.2788  0.2657  0.1186  -0.0167 0.2029  0.2255  0.2769  -0.1791 -0.0691 0.2830  0.1459  0.2375  
0.1248  0.0358  0.1449  -0.1349 -0.1685 0.1154  0.0977  -0.4907 0.1838  -0.1833 0.0507  0.1204  0.1065  0.1260  0.1814  0.1622  -0.3969 -0.5680 0.0664  0.1375  
0.1671  0.0715  -0.2840 0.2535  -0.5097 0.1094  0.1653  -0.5610 0.1533  -0.0357 0.0971  0.0446  0.1764  -0.1037 0.2547  0.2370  0.1064  -0.3424 0.1218  0.2119  
H 0.383 E 0.566    1.950   1.249   0.707   2.764   2.446   0.901   4.068   2.356   0.117   3.092   2.678   2.553   2.017   3.529   3.162
Kernel d0: 0.49 sigma: 0.05 SUM:   118.49 maxCount:   2.97 PSEUDO 200+0.2
0.2595  0.1129  0.2799  0.3092  -0.2137 0.2489  0.0793  0.1744  0.2084  -0.4257 0.1472  0.2546  0.2381  0.2608  0.1684  -0.0511 0.2853  -0.1652 0.1778  0.0679  
0.0784  0.0197  0.0940  0.1240  0.0789  0.0714  0.0588  0.1047  0.1273  -0.2015 0.0285  -0.7907 0.0650  0.0793  -0.3660 0.0664  0.1396  -0.5019 0.0382  0.0881  
-0.1066 0.0507  0.1531  0.0058  -1.1028 0.1340  -0.7423 -0.4526 -0.3474 -0.1550 0.0707  0.1569  0.1406  0.1595  -0.0456 0.0643  0.2398  -0.6849 -0.4256 -0.9460 
0.1925  0.0660  0.2157  0.1727  0.1933  -0.2141 0.1585  0.2298  -0.2963 -0.3084 0.0906  0.1872  0.1700  0.1940  0.0990  0.0438  0.1877  0.2613  -0.4856 -0.1543 
0.2286  0.0886  0.2509  -0.1149 -0.0022 -0.0989 0.1942  0.0207  0.2876  0.1556  0.1185  0.2234  0.2061  -0.0973 -0.0880 -0.2008 0.0944  0.1323  0.1465  -0.2775 
-0.5597 0.0454  0.1725  -0.2949 0.1299  0.1396  0.1194  -0.4550 -0.4478 0.1706  0.0637  -0.6950 0.1295  -0.1066 0.2116  -0.5335 0.2277  -0.3314 0.0827  0.1643  
0.1010  0.0369  0.1502  0.1871  -0.6257 0.1194  0.1009  0.1021  0.1910  -0.5558 -0.3286 0.1246  0.1101  0.1305  -0.3162 0.1516  0.2047  0.1968  0.0685  0.1424  
0.2479  0.1031  0.2691  0.3001  0.2486  0.2369  0.2142  0.2813  0.3030  0.2870  0.1358  0.2429  0.2259  0.2493  0.3012  0.2852  0.3128  0.3073  0.1655  0.2616  
0.1762  0.0575  0.1993  -0.5133 -1.1992 0.1650  0.1431  -0.8860 0.2405  -0.0341 0.0796  0.1710  0.1542  0.1776  0.2381  0.2038  0.0319  0.0418  0.1018  -0.4715 
-0.0791 0.1693  0.3253  0.3458  -0.1043 0.3018  0.2837  -0.2034 0.1239  0.0119  0.2082  0.0325  0.2932  0.3111  0.3464  0.3191  0.1463  0.1645  0.2395  0.0020  
0.1367  0.0398  0.1583  0.1956  0.1375  0.1267  0.1075  0.1722  0.1286  0.1826  -0.4671 0.1320  0.1171  0.1381  0.1970  0.1767  0.2133  0.2053  0.0735  0.1504  
0.0761  0.0449  0.1713  0.0483  -0.5873 0.1385  0.1184  -0.1038 -0.4266 -0.0739 0.0631  0.1441  0.1285  -0.2043 -0.4082 0.1900  -0.2910 -0.8656 0.0819  -1.2311 
0.1123  0.0307  0.1319  0.1673  0.1129  0.1033  0.0866  0.1448  0.1711  0.1547  0.0438  0.1081  0.0949  0.1135  0.1687  0.1492  0.1847  0.1768  0.0578  0.1246  
0.1629  0.0511  0.1857  -0.3394 -0.5213 0.1197  0.1309  -0.1407 -0.1720 -0.9227 0.0712  -0.5669 0.1415  -0.1238 0.2249  0.2046  0.0175  -0.4757 0.0918  0.1774  
-0.1475 0.0438  0.2240  -0.1059 -0.5272 0.1895  0.1667  -0.3284 0.2637  -0.5789 -0.2096 -0.4069 0.1783  0.2024  -0.5239 0.2425  -0.1694 -0.1888 0.1218  -0.0014 
0.1810  0.0599  0.2042  0.2415  -0.5111 -0.0580 0.1476  -0.3429 0.2452  0.2288  0.0827  0.1758  0.1588  0.1119  0.2428  -0.1448 -0.4858 -0.1565 -0.2423 -0.0399 
0.1814  0.0601  0.2045  0.2419  -0.1933 0.1701  -0.2146 0.2187  -0.0467 0.2292  0.0830  -0.4011 0.1592  -0.3023 0.2432  0.2234  0.2584  0.2510  -1.1552 0.1961  
0.2401  0.0970  0.2618  0.2939  -0.0644 0.2290  0.2061  -0.1867 0.2969  0.2834  0.1285  -0.0559 0.2179  0.2415  0.2950  -0.1534 -0.0528 0.3013  0.1577  0.2541  
0.1352  0.0392  0.1567  -0.2130 -0.4292 0.1252  0.1062  -0.4906 0.1978  -0.1739 0.0555  0.1305  0.1157  0.1365  0.1953  0.1750  -0.3840 -0.5695 0.0725  0.1487  
0.1414  0.0780  -0.2508 0.2707  -0.5089 0.0658  0.1782  -0.5772 0.1640  -0.0238 0.1055  0.0311  0.1900  -0.0820 0.2719  0.2536  0.1224  -0.3477 0.1320  0.2274  
H 0.383 E 0.566    2.158   1.133   0.025   3.040   2.277  -0.191   3.652   2.754   1.122   2.191   3.549  -0.934   2.296   3.416  -2.424
Kernel d0: 0.49 sigma: 0.05 SUM:     9.37 maxCount:   2.00 PSEUDO 200+0.2
0.0000  0.0000  0.0000  0.0000  0.0000  0.0000  0.0000  0.0000  0.0000  0.0000  0.0000  0.0000  0.0000  0.0000  0.0000  0.0000  0.0000  0.0000  0.0000  0.0000  
0.0000  0.0000  0.0000  0.0000  0.0000  0.0000  0.0000  0.0000  0.0000  0.0000  0.0000  0.0000  0.0000  0.0000  0.0000  0.0000  0.0000  0.0000  0.0000  0.0000  
0.0000  0.0000  0.0000  0.0000  0.0000  0.0000  0.0000  0.0000  0.0000  0.0000  0.0000  0.0000  0.0000  0.0000  0.0000  0.0000  0.0000  0.0000  0.0000  0.0000  
0.0000  0.0000  0.0000  0.0000  0.0000  0.0000  0.0000  0.0000  0.0000  0.0000  0.0000  0.0000  0.0000  0.0000  0.0000  0.0000  0.0000  0.0000  0.0000  0.0000  
0.0000  0.0000  0.0000  0.0000  0.0000  0.0000  0.0000  0.0000  0.0000  0.0000  0.0000  0.0000  0.0000  0.0000  0.0000  0.0000  0.0000  0.0000  0.0000  0.0000  
0.0000  0.0000  0.0000  0.0000  0.0000  0.0000  0.0000  0.0000  0.0000  0.0000  0.0000  0.0000  0.0000  0.0000  0.0000  0.0000  0.0000  0.0000  0.0000  0.0000  
0.0000  0.0000  0.0000  0.0000  0.0000  0.0000  0.0000  0.0000  0.0000  0.0000  0.0000  0.0000  0.0000  0.0000  0.0000  0.0000  0.0000  0.0000  0.0000  0.0000  
0.0000  0.0000  0.0000  0.0000  0.0000  0.0000  0.0000  0.0000  0.0000  0.0000  0.0000  0.0000  0.0000  0.0000  0.0000  0.0000  0.0000  0.0000  0.0000  0.0000  
0.0000  0.0000  0.0000  0.0000  0.0000  0.0000  0.0000  0.0000  0.0000  0.0000  0.0000  0.0000  0.0000  0.0000  0.0000  0.0000  0.0000  0.0000  0.0000  0.0000  
0.0000  0.0000  0.0000  0.0000  0.0000  0.0000  0.0000  0.0000  0.0000  0.0000  0.0000  0.0000  0.0000  0.0000  0.0000  0.0000  0.0000  0.0000  0.0000  0.0000  
0.0000  0.0000  0.0000  0.0000  0.0000  0.0000  0.0000  0.0000  0.0000  0.0000  0.0000  0.0000  0.0000  0.0000  0.0000  0.0000  0.0000  0.0000  0.0000  0.0000  
0.0000  0.0000  0.0000  0.0000  0.0000  0.0000  0.0000  0.0000  0.0000  0.0000  0.0000  0.0000  0.0000  0.0000  0.0000  0.0000  0.0000  0.0000  0.0000  0.0000  
0.0000  0.0000  0.0000  0.0000  0.0000  0.0000  0.0000  0.0000  0.0000  0.0000  0.0000  0.0000  0.0000  0.0000  0.0000  0.0000  0.0000  0.0000  0.0000  0.0000  
0.0000  0.0000  0.0000  0.0000  0.0000  0.0000  0.0000  0.0000  0.0000  0.0000  0.0000  0.0000  0.0000  0.0000  0.0000  0.0000  0.0000  0.0000  0.0000  0.0000  
0.0000  0.0000  0.0000  0.0000  0.0000  0.0000  0.0000  0.0000  0.0000  0.0000  0.0000  0.0000  0.0000  0.0000  0.0000  0.0000  0.0000  0.0000  0.0000  0.0000  
0.0000  0.0000  0.0000  0.0000  0.0000  0.0000  0.0000  0.0000  0.0000  0.0000  0.0000  0.0000  0.0000  0.0000  0.0000  0.0000  0.0000  0.0000  0.0000  0.0000  
0.0000  0.0000  0.0000  0.0000  0.0000  0.0000  0.0000  0.0000  0.0000  0.0000  0.0000  0.0000  0.0000  0.0000  0.0000  0.0000  0.0000  0.0000  0.0000  0.0000  
0.0000  0.0000  0.0000  0.0000  0.0000  0.0000  0.0000  0.0000  0.0000  0.0000  0.0000  0.0000  0.0000  0.0000  0.0000  0.0000  0.0000  0.0000  0.0000  0.0000  
0.0000  0.0000  0.0000  0.0000  0.0000  0.0000  0.0000  0.0000  0.0000  0.0000  0.0000  0.0000  0.0000  0.0000  0.0000  0.0000  0.0000  0.0000  0.0000  0.0000  
0.0000  0.0000  0.0000  0.0000  0.0000  0.0000  0.0000  0.0000  0.0000  0.0000  0.0000  0.0000  0.0000  0.0000  0.0000  0.0000  0.0000  0.0000  0.0000  0.0000  
H 0.383 E 0.566    2.115   1.141   0.257   3.011   2.294   0.231   4.012   2.238   1.379   2.120   3.740   0.305   1.787   4.194  -1.085
Kernel d0: 0.49 sigma: 0.05 SUM:     4.36 maxCount:   1.10 PSEUDO 200+0.2
0.0000  0.0000  0.0000  0.0000  0.0000  0.0000  0.0000  0.0000  0.0000  0.0000  0.0000  0.0000  0.0000  0.0000  0.0000  0.0000  0.0000  0.0000  0.0000  0.0000  
0.0000  0.0000  0.0000  0.0000  0.0000  0.0000  0.0000  0.0000  0.0000  0.0000  0.0000  0.0000  0.0000  0.0000  0.0000  0.0000  0.0000  0.0000  0.0000  0.0000  
0.0000  0.0000  0.0000  0.0000  0.0000  0.0000  0.0000  0.0000  0.0000  0.0000  0.0000  0.0000  0.0000  0.0000  0.0000  0.0000  0.0000  0.0000  0.0000  0.0000  
0.0000  0.0000  0.0000  0.0000  0.0000  0.0000  0.0000  0.0000  0.0000  0.0000  0.0000  0.0000  0.0000  0.0000  0.0000  0.0000  0.0000  0.0000  0.0000  0.0000  
0.0000  0.0000  0.0000  0.0000  0.0000  0.0000  0.0000  0.0000  0.0000  0.0000  0.0000  0.0000  0.0000  0.0000  0.0000  0.0000  0.0000  0.0000  0.0000  0.0000  
0.0000  0.0000  0.0000  0.0000  0.0000  0.0000  0.0000  0.0000  0.0000  0.0000  0.0000  0.0000  0.0000  0.0000  0.0000  0.0000  0.0000  0.0000  0.0000  0.0000  
0.0000  0.0000  0.0000  0.0000  0.0000  0.0000  0.0000  0.0000  0.0000  0.0000  0.0000  0.0000  0.0000  0.0000  0.0000  0.0000  0.0000  0.0000  0.0000  0.0000  
0.0000  0.0000  0.0000  0.0000  0.0000  0.0000  0.0000  0.0000  0.0000  0.0000  0.0000  0.0000  0.0000  0.0000  0.0000  0.0000  0.0000  0.0000  0.0000  0.0000  
0.0000  0.0000  0.0000  0.0000  0.0000  0.0000  0.0000  0.0000  0.0000  0.0000  0.0000  0.0000  0.0000  0.0000  0.0000  0.0000  0.0000  0.0000  0.0000  0.0000  
0.0000  0.0000  0.0000  0.0000  0.0000  0.0000  0.0000  0.0000  0.0000  0.0000  0.0000  0.0000  0.0000  0.0000  0.0000  0.0000  0.0000  0.0000  0.0000  0.0000  
0.0000  0.0000  0.0000  0.0000  0.0000  0.0000  0.0000  0.0000  0.0000  0.0000  0.0000  0.0000  0.0000  0.0000  0.0000  0.0000  0.0000  0.0000  0.0000  0.0000  
0.0000  0.0000  0.0000  0.0000  0.0000  0.0000  0.0000  0.0000  0.0000  0.0000  0.0000  0.0000  0.0000  0.0000  0.0000  0.0000  0.0000  0.0000  0.0000  0.0000  
0.0000  0.0000  0.0000  0.0000  0.0000  0.0000  0.0000  0.0000  0.0000  0.0000  0.0000  0.0000  0.0000  0.0000  0.0000  0.0000  0.0000  0.0000  0.0000  0.0000  
0.0000  0.0000  0.0000  0.0000  0.0000  0.0000  0.0000  0.0000  0.0000  0.0000  0.0000  0.0000  0.0000  0.0000  0.0000  0.0000  0.0000  0.0000  0.0000  0.0000  
0.0000  0.0000  0.0000  0.0000  0.0000  0.0000  0.0000  0.0000  0.0000  0.0000  0.0000  0.0000  0.0000  0.0000  0.0000  0.0000  0.0000  0.0000  0.0000  0.0000  
0.0000  0.0000  0.0000  0.0000  0.0000  0.0000  0.0000  0.0000  0.0000  0.0000  0.0000  0.0000  0.0000  0.0000  0.0000  0.0000  0.0000  0.0000  0.0000  0.0000  
0.0000  0.0000  0.0000  0.0000  0.0000  0.0000  0.0000  0.0000  0.0000  0.0000  0.0000  0.0000  0.0000  0.0000  0.0000  0.0000  0.0000  0.0000  0.0000  0.0000  
0.0000  0.0000  0.0000  0.0000  0.0000  0.0000  0.0000  0.0000  0.0000  0.0000  0.0000  0.0000  0.0000  0.0000  0.0000  0.0000  0.0000  0.0000  0.0000  0.0000  
0.0000  0.0000  0.0000  0.0000  0.0000  0.0000  0.0000  0.0000  0.0000  0.0000  0.0000  0.0000  0.0000  0.0000  0.0000  0.0000  0.0000  0.0000  0.0000  0.0000  
0.0000  0.0000  0.0000  0.0000  0.0000  0.0000  0.0000  0.0000  0.0000  0.0000  0.0000  0.0000  0.0000  0.0000  0.0000  0.0000  0.0000  0.0000  0.0000  0.0000  
H 0.383 E 0.566    2.008   1.162  -0.622   2.902   2.301  -0.804   2.983   2.706  -2.272   4.455   1.938  -0.214   4.544   2.329   1.231
Kernel d0: 0.49 sigma: 0.05 SUM:   303.55 maxCount:  22.48 PSEUDO 200+0.2
0.6936  0.3912  0.7256  0.7686  0.1548  0.6762  0.6212  0.4728  0.3524  -0.2160 0.4762  0.6857  0.6580  0.6958  0.1868  0.2850  0.3057  0.2033  0.5436  0.4144  
0.2927  0.0853  0.3391  0.4199  0.2942  0.2710  0.2300  0.3690  0.4282  -0.1178 0.1204  0.2826  0.2505  0.2955  -0.8137 -0.7129 0.4582  -0.5713 0.1572  0.3220  
-2.7097 0.2021  -0.8242 -1.7630 -1.4023 -1.1723 -1.1676 -1.2730 -1.0526 -0.8525 -0.9189 -1.4864 0.4609  -0.7579 -1.0511 -2.7761 -1.3890 -0.1585 -0.4002 -1.1818 
-0.5205 0.2538  0.6180  0.0352  -0.2632 -0.3250 0.5021  -0.0787 -0.3011 -0.2248 -1.2920 0.5631  0.5273  0.5766  0.4260  -0.4626 0.1246  0.6966  0.1912  0.6024  
0.6414  0.3232  0.5712  -0.2673 0.6291  0.1935  0.5771  -0.1075 0.4454  0.4187  0.4057  0.6322  0.6001  0.0872  -0.1564 0.1192  -0.1006 0.0232  -0.5071 0.0453  
-0.6218 0.1835  0.5325  -0.8850 -0.1142 0.4584  0.4081  -1.1038 0.2694  -0.3805 0.2463  -1.2890 0.4339  -0.4821 0.6105  -0.6934 0.6398  -0.7024 0.3057  0.5149  
-0.2076 0.1524  0.4833  0.3580  -0.0521 0.1971  0.3586  -0.5021 0.5706  -0.5934 -0.2940 0.4214  0.3838  -1.0888 -1.1763 -0.4404 0.5975  0.5821  0.2617  0.4651  
0.0299  0.3646  0.7089  0.7556  0.6758  0.6560  0.6153  0.7278  0.7598  0.1452  0.4491  0.2740  0.6366  0.6768  0.7571  0.7337  0.3596  0.7658  0.5176  0.6970  
0.5403  0.2254  0.5870  0.6557  -0.6501 0.5164  0.4667  -0.4939 0.0137  -0.1075 0.2963  -0.0253 0.4923  0.5434  0.6580  0.1732  -0.2619 -0.3916 0.3609  -0.2895 
-0.0337 0.5257  0.5260  0.2960  0.5610  0.7581  0.7314  -0.1350 0.6830  0.1549  0.6042  0.3540  0.7456  0.5483  0.7725  0.3422  0.3213  0.4533  0.6604  0.4699  
0.4515  0.1634  0.5016  0.5799  0.4533  0.4266  0.3767  0.5318  0.2421  0.5536  -1.0043 0.4400  0.4022  0.4547  0.5826  0.5415  -0.1612 0.5986  0.2776  0.4836  
-0.7924 0.1818  0.5300  -1.0485 -0.5293 0.4558  0.4055  -1.0180 -0.6932 -0.5664 0.2442  -0.7616 0.4312  -0.4868 -0.2939 0.5688  -0.4785 -1.3099 0.3034  -0.6401 
0.3895  0.1288  0.4397  0.5214  0.3912  0.3651  0.3173  0.4708  0.5295  0.4936  0.1778  0.3782  0.3415  0.3926  0.5244  0.4809  0.5580  0.5417  0.2267  0.4215  
-0.0567 0.2036  0.5600  -0.0567 -0.3225 0.2474  0.4371  -0.0620 -0.0301 -0.7750 0.2705  -0.0942 0.4630  -0.7540 0.6347  -0.6491 -0.2317 -0.4789 -0.8030 0.5428  
0.5902  -0.9114 -0.0946 0.0846  -0.6482 0.5677  0.5201  -0.2339 0.7004  -0.3890 -0.1556 -0.2714 0.5448  0.5931  -0.4199 0.6654  -0.1865 -0.3273 0.4142  0.3113  
0.5504  0.2336  0.5964  0.6638  -0.8061 -0.0189 0.4773  -0.9623 -0.2827 -0.0765 0.3059  0.5395  0.5028  -0.9073 0.6660  -0.3441 0.0875  -0.1148 0.1116  0.3223  
-0.6963 0.2343  0.1472  -0.0102 0.0689  0.5275  -0.4993 0.6237  0.3198  0.6424  0.3066  -0.3347 0.5036  -0.4499 0.2713  0.6320  0.0746  0.6798  -0.2098 0.5808  
0.3793  0.3475  0.6973  0.7466  0.5007  0.6421  0.6000  0.4340  0.4207  0.7309  0.4314  0.2879  0.6221  0.6638  0.7481  0.4398  0.4700  0.7573  0.5002  0.6848  
0.4477  0.1611  -0.3494 -0.2575 -0.4332 0.4228  0.3730  -0.3416 0.5840  0.0347  0.2186  0.4362  0.3984  0.4509  0.5792  0.5379  -0.5273 -0.1804 0.2743  0.4799  
-0.1655 0.2914  -0.5318 0.7115  0.5741  -0.6687 0.5446  0.0567  -0.1531 -0.0390 0.3712  0.3554  0.5687  0.1135  0.7134  -0.1599 0.6602  -0.1175 0.4398  0.6392  
H 0.383 E 0.566    2.107   1.176   0.383   3.067   2.262   0.201   3.487   2.385  -1.259   4.433   2.017   1.182   4.216   2.672   2.514
Kernel d0: 0.49 sigma: 0.05 SUM:   309.42 maxCount:  22.37 PSEUDO 200+0.2
0.7045  0.3988  0.7367  0.7800  0.0859  0.6870  0.5158  0.4712  0.3634  -0.2638 0.4850  0.6966  0.6686  0.7067  0.1989  0.2840  0.3152  0.1026  0.5532  0.3985  
0.2988  0.0873  0.3459  0.4279  0.3003  0.2767  0.2350  0.3762  0.4364  -0.1388 0.1232  0.2332  0.2559  0.3017  -0.8125 -0.6711 0.4668  -0.5766 0.1608  0.3285  
-2.7079 0.2065  -0.8210 -1.7536 -1.4678 -1.1661 -1.1764 -1.3040 -1.0260 -0.8634 -0.8970 -1.4537 0.4694  -0.7445 -1.0406 -2.7641 -1.3639 -0.4677 -0.5056 -1.2458 
-0.5010 0.2592  0.6283  0.0449  -0.2070 -0.3234 0.5112  -0.0673 -0.3110 -0.2398 -1.0911 0.5729  0.5366  0.5865  0.4322  -0.4544 0.1284  0.7075  -0.2836 0.5153  
0.6519  0.3298  0.5818  -0.2669 0.5028  0.1816  0.5870  -0.0970 0.4599  0.4296  0.4135  0.6426  0.6102  -0.0401 -0.1617 0.1143  -0.0852 0.0321  -0.5008 0.0047  
-0.4828 0.1876  0.5419  -0.6977 -0.1065 0.4669  0.4159  -1.0508 0.0313  -0.3548 0.2516  -1.3054 0.4420  -0.4758 0.6207  -0.6672 0.6503  -0.7075 0.3120  0.5241  
-0.2056 0.1558  0.4921  0.3704  -0.3084 0.2045  0.3657  -0.4950 0.5804  -0.6153 -0.3835 0.4295  0.3913  -1.0762 -1.1607 -0.4337 0.6076  0.5920  0.2673  0.4737  
0.1903  0.3718  0.7199  0.7670  0.6866  0.6666  0.6255  0.7390  0.7712  0.3218  0.4575  0.3096  0.6471  0.6876  0.7685  0.7449  0.3683  0.7772  0.5268  0.7079  
0.5498  0.2303  0.5969  0.5036  -1.0866 0.5256  0.4753  -0.7186 0.2899  -0.1023 0.3024  -0.0176 0.5013  0.5529  0.6687  0.1833  -0.2466 -0.3848 0.3680  -0.3818 
-0.0549 0.5351  0.5540  0.3391  0.2766  0.7695  0.7426  -0.1464 0.5982  0.1258  0.6143  0.3392  0.7569  0.5953  0.8277  0.3554  0.3185  0.4114  0.6711  0.4105  
0.4599  0.1670  0.5107  0.5898  0.4617  0.4347  0.3841  0.5412  0.2412  0.5633  -1.0055 0.4483  0.4099  0.4632  0.5925  0.5510  -0.1438 0.6087  0.2834  0.4925  
-0.6825 0.1859  0.5394  -1.0228 -0.6541 0.4643  0.4133  -0.8650 -0.4870 -0.5648 0.2494  -0.5894 0.4394  -0.4786 -0.3872 0.5786  -0.4462 -1.3241 0.3096  -1.1141 
0.3970  0.1318  0.4480  0.5307  0.3988  0.3723  0.3238  0.4794  0.5389  0.5025  0.1818  0.3856  0.3484  0.4003  0.5337  0.4897  0.5676  0.5512  0.2316  0.4295  
-0.0225 0.2080  0.5697  -0.1001 -0.3890 0.2545  0.4454  -0.0721 -0.0371 -0.8872 0.2762  -0.4280 0.4715  -0.7498 0.6452  -0.6379 -0.2071 -0.5291 -0.7872 0.5524  
0.6002  -0.9167 0.0330  0.0860  -0.6608 0.5775  0.5293  -0.0259 0.7114  -0.5296 -0.1697 -0.3268 0.5544  0.6031  -0.3353 0.6761  -0.1885 -0.3319 0.4221  0.3031  
0.5600  0.2387  0.6065  0.6745  -0.6042 -0.0159 0.4861  -0.9423 0.0134  -0.0353 0.3122  0.5490  0.5119  -0.6183 0.6767  -0.3284 0.0554  0.1173  -0.1219 0.2712  
-0.4296 0.2393  0.3134  0.0912  0.0294  0.5368  -0.4949 0.6340  0.2929  0.6529  0.3129  -0.3483 0.5127  -0.4262 0.2821  0.6424  0.1084  0.6906  -0.9764 0.5908  
0.4045  0.3544  0.7083  0.7579  0.2747  0.6526  0.6101  0.1712  0.7217  0.7421  0.4395  0.2474  0.6324  0.6745  0.7595  0.3183  0.3681  0.7687  0.5092  0.6957  
0.4561  0.1647  0.2598  -0.2576 -0.5519 0.4309  0.3803  -0.3746 0.5940  0.0246  0.2234  0.4445  0.4061  0.4594  0.5891  0.5474  -0.5883 -0.3643 0.2801  0.4887  
-0.1604 0.2975  -0.5164 0.7226  0.3920  -0.6547 0.5542  0.0339  -0.0174 -0.0941 0.3785  0.3455  0.5785  0.1176  0.7245  0.2834  0.5849  -0.2308 0.4481  0.6497  
